0.014688989
0.013894789
0.014750139
 0.01441736
0.014471282
0.014440228
0.014482647
0.014466998
0.014598195
0.014721509
0.014910482
0.015092323
0.015158393
0.015413057
0.015326336
0.014483041
0.014350233
0.014307735
0.014430844
0.014393975
0.014433958
0.014456215
 0.01459327
0.014490728
0.014394979
0.014439128
0.014581491
0.014808037
0.014821756
0.014974399
 0.01513538
0.015122167
0.015408814
0.015284377
0.015330934
0.015611574
0.015908782
0.016056344
0.016190084
0.016983061
0.017493773
0.017988722
0.018008428
0.018483625
0.019106128
0.020090239
0.021004912
0.021676369
0.022087679
0.022549587
0.023296522
0.023959182
0.024766542
0.025403656
0.025132177
0.026007553
 0.02690939
0.028315098
0.028957504
0.029312964
0.029819098
0.030216987
0.030189436
0.030559466
0.031168814
0.031652191
0.032868415
0.033383849
0.033581677
  0.0338648
0.034425609
0.034585177
0.034905779
0.035590638
0.035292464
0.036720996
0.037794636
0.039349513
0.041030883
0.041764407
0.041365973
0.042810479
0.043747901
0.043928076
0.044106933
0.044449492
0.044717529
0.045276082
0.045818451
0.045866207
0.045723351
0.045812427
0.044906712
0.045452942
0.044809422
0.045582676
0.046964428
0.047785987
0.048713458
 0.04990982
0.051362639
0.051678384
0.051449378
0.053237848
0.054077539
0.053877317
0.054004028
0.054123209
0.054440793
0.055095981
0.056045872
0.056339828
0.056392554
0.057186702
 0.05825113
0.058747782
 0.05822682
0.057732214
0.057414346
0.057339723
0.057104305
0.057442938
0.057592143
0.057272967
 0.05704563
0.057684242
0.057734361
0.056560591
0.056544694
0.056761191
0.056833847
0.056906932
0.058219115
0.057917788
 0.05768428
0.058392251
0.059700139
0.059935014
0.060967329
0.060636173
0.060694684
0.061524453
0.062129831
0.062382513
0.063385407
  0.0642292
0.065260426
 0.06603342
0.066747848
0.067828428
0.069016722
0.070259341
0.070209778
0.071281939
0.072175621
0.073593067
 0.07378551
0.074861269
0.074147785
0.074004624
0.074108141
0.074321765
0.073785258
0.074535035
0.073666939
0.074064678
0.073758338
0.073023034
0.073465196
0.074655429
0.074618584
0.074722219
0.074482876
0.073278042
0.073789788
0.074028131
0.073593721
0.073871782
0.074815167
0.074364276
0.074282196
0.074628571
0.075021676
0.075382836
0.075045755
0.075773417
0.075334503
 0.07526636
0.075109731
0.076969897
0.075425538
0.075503929
0.074655685
0.075138727
  0.0747764
0.074632503
0.075247929
0.075316532
 0.07478754
0.075812012
0.075949657
0.076979071
0.077400506
0.077632109
0.078298242
 0.07815106
0.078079236
0.079116916
0.079266429
0.079718919
0.081540951
0.082537929
 0.08238177
0.082497362
0.083364147
0.083105713
0.083368067
 0.08337683
0.084178908
0.085557724
0.086069267
0.085520427
 0.08587868
0.085386849
0.086214007
0.086954125
0.088228771
0.090273684
0.092796887
0.094215816
0.094837462
0.097046575
0.097746748
0.098277675
0.099347836
0.099922013
0.098729988
0.098784562
0.099916712
0.099755275
 0.10040997
 0.10088468
 0.10183269
 0.10135285
 0.10137077
 0.10108638
0.099501003
 0.10101997
0.099007492
 0.10124693
 0.10028676
 0.10078852
 0.10169533
 0.10167309
 0.10234735
 0.10236936
 0.10338703
 0.10337186
 0.10452123
 0.10523939
 0.10557296
 0.10684662
 0.10696516
 0.10741205
 0.10819491
 0.10858497
  0.1089397
 0.11069996
 0.11030782
 0.11218642
 0.11379092
 0.11417155
  0.1150442
 0.11641214
 0.11629169
 0.11499169
 0.11547436
 0.11608133
 0.11575828
 0.11782782
  0.1176471
 0.11916264
 0.11741677
 0.11780242
 0.11720388
  0.1179965
 0.11778631
  0.1199876
 0.12035073
 0.12066943
 0.12147142
 0.12449297
 0.12438062
 0.12643228
  0.1257692
 0.12597618
 0.12744387
 0.12560855
  0.1266551
   0.129263
 0.13125548
 0.13035488
 0.12962486
 0.12978643
 0.13076886
 0.13266945
 0.13332301
 0.13382991
  0.1330144
 0.13432764
 0.13272736
  0.1338319
  0.1347567
 0.13565518
 0.13712614
 0.13809922
 0.13806516
 0.13735456
 0.13682809
 0.13777766
 0.13873898
 0.13932428
 0.13866091
 0.13805169
 0.13946965
 0.13804377
 0.13996004
 0.13844345
 0.14043203
 0.14018023
 0.14120519
 0.14227387
 0.14352098
 0.14416077
 0.14482976
  0.1441653
 0.14551103
 0.14568824
 0.14641454
 0.14727032
 0.14796115
 0.14801999
 0.14924832
 0.14883845
 0.14801324
 0.14805074
 0.14775945
 0.14586891
 0.14679455
 0.14528129
 0.14677894
 0.14669358
 0.14936092
 0.14868216
 0.14811771
 0.15115027
 0.15135065
 0.15471935
  0.1532922
 0.15549083
 0.15788387
 0.15935997
 0.16409293
 0.16268665
 0.16364832
 0.16632343
 0.16519054
 0.16799697
  0.1671487
 0.16861566
  0.1687393
 0.17535576
 0.17488277
 0.17753143
 0.18003709
  0.1809174
 0.18079784
  0.1831698
 0.18425486
 0.18248258
 0.18417224
  0.1831204
 0.18379988
  0.1826274
 0.18255285
 0.18343861
 0.18678792
  0.1840106
   0.184737
 0.18371127
 0.18608751
 0.18545789
 0.18766612
 0.18850325
 0.19095276
 0.19117592
 0.18933192
 0.18944283
 0.19115994
 0.19125943
 0.19031893
  0.1916991
 0.19259268
 0.19169254
 0.19370752
 0.19327419
  0.1937599
 0.19433769
 0.19759492
 0.19844563
 0.20031833
 0.20004821
 0.20022328
  0.2026159
  0.2024968
 0.20181019
 0.20133376
  0.2008295
 0.20049187
   0.201303
 0.20148088
 0.20446482
 0.20283142
  0.2052777
 0.20354736
 0.20252519
 0.20206554
 0.20152655
 0.20048941
 0.20193135
  0.2028663
 0.20220469
 0.20452302
 0.20426801
  0.2055727
  0.2045599
 0.20688221
 0.20540048
 0.20738484
 0.20871728
 0.20788048
 0.20865146
 0.21066264
 0.21378192
 0.21654651
 0.21613394
 0.22106785
 0.21964381
 0.22335271
 0.22142483
  0.2187612
 0.21952655
 0.22097171
 0.22159696
 0.22137002
 0.22413531
 0.22543685
 0.22505285
 0.22318644
 0.22488405
  0.2269689
 0.22611358
 0.22479052
 0.22585589
 0.22599257
 0.22649799
 0.22676034
 0.22550553
 0.22231508
 0.22187957
  0.2221169
 0.22076655
 0.21974779
 0.22073756
 0.21868439
 0.21689835
 0.22297131
 0.22228266
 0.22060161
 0.22188234
 0.22265181
 0.22261146
 0.22358183
 0.22599091
 0.22717231
 0.22994643
 0.22860199
 0.22873154
 0.22928576
  0.2309881
 0.23017172
  0.2332431
 0.23383204
 0.23780801
 0.24047444
 0.24110356
  0.2509378
  0.2472443
 0.24847067
  0.2460429
 0.24766969
 0.24662004
 0.24632182
 0.24924432
 0.24813625
 0.25345553
 0.25185876
  0.2486924
 0.24847981
 0.25068396
 0.24845876
 0.24876134
 0.25079026
 0.24812208
 0.25155585
 0.25018718
 0.25432923
 0.25314849
 0.25540649
 0.25274389
 0.25189682
 0.24853498
 0.25186605
 0.25034441
 0.25163949
 0.24972847
 0.25202461
 0.25180943
 0.25240481
 0.25228477
 0.25482617
 0.25693578
 0.25702497
 0.25549007
 0.25786378
 0.26062675
 0.26007442
 0.26115181
 0.26249358
 0.25797131
 0.26010384
 0.25860831
 0.25975264
 0.26000631
 0.25842144
 0.26055272
 0.25970523
 0.26032084
 0.26185807
  0.2632574
  0.2643921
 0.26473735
 0.26437055
 0.26606282
 0.26862622
 0.27132953
 0.27138801
 0.26954454
 0.27640756
 0.27883505
 0.27982513
 0.28445945
  0.2834599
 0.28510763
 0.28706598
 0.29035311
 0.29012852
 0.29795606
 0.29974243
  0.3037165
 0.29934689
 0.29925273
 0.30442774
 0.30294487
 0.30360117
 0.30853435
 0.31601169
 0.32074689
 0.32793905
 0.33051335
 0.32217016
 0.32210214
 0.32989016
 0.33032372
 0.33411249
  0.3365238
 0.34352331
  0.3514913
 0.34742383
 0.35481551
  0.3604676
 0.36481611
 0.36186796
 0.36024406
 0.36117019
 0.36217974
 0.36544341
   0.363942
 0.36166956
 0.36433925
 0.36532284
 0.36109017
 0.35893534
 0.35826667
 0.36189861
 0.36132823
 0.36036554
 0.36681838
 0.37060427
 0.37371542
 0.37384647
  0.3788974
 0.38477892
 0.38609933
 0.38008426
 0.37966299
 0.37780847
 0.38287165
 0.38617425
 0.38624268
 0.38541246
 0.38359694
 0.38748727
 0.39183762
 0.39482823
 0.39596506
 0.39768857
 0.39847268
  0.3981047
 0.39493647
 0.39910576
  0.3967124
 0.39807361
 0.39736217
 0.39997579
 0.39901518
 0.39847259
  0.4002044
  0.3953622
 0.39543786
 0.39620966
  0.3985313
 0.39990374
  0.3988355
 0.40097919
 0.41005578
 0.41054664
 0.40921703
 0.41230524
 0.41294194
 0.41802519
 0.42018063
 0.41720094
 0.42450351
 0.42214265
 0.42424213
 0.43319231
  0.4329991
 0.42995318
 0.43443657
 0.43728253
 0.43582114
 0.43311899
 0.43598259
 0.43684809
 0.43916938
  0.4400449
 0.44175708
 0.43976326
 0.43988404
 0.43907202
  0.4422126
 0.44316687
 0.44488654
  0.4451045
 0.44771551
 0.44964361
 0.44776894
 0.44725955
 0.44988979
 0.45858728
 0.45882765
 0.45242405
 0.45676226
 0.45898213
 0.45967948
 0.46218604
 0.46115587
 0.46527698
   0.463857
 0.45929278
 0.45546029
 0.45351522
  0.4528272
 0.45027348
 0.45101545
 0.44935827
 0.45058829
 0.44823096
 0.44620898
 0.45166333
 0.45838112
 0.45320588
 0.44994982
 0.45702591
 0.45480722
 0.45692554
 0.46205824
 0.46175016
 0.46938815
 0.46987417
 0.47620658
 0.48241947
 0.47725251
 0.47813786
 0.47354992
  0.4793393
 0.47875228
 0.48205174
 0.47830765
 0.48162315
  0.4761448
 0.47481007
 0.48176784
 0.48017192
 0.48127375
 0.48317969
 0.48682261
 0.48759256
 0.49047742
 0.48706511
 0.48466634
 0.48937349
 0.48470319
 0.48607383
 0.48736428
 0.48831901
 0.48495707
  0.4934588
 0.48862814
 0.49549353
 0.49958608
  0.4992739
 0.49721301
  0.4989234
 0.50215334
 0.50663527
 0.49835813
 0.50838174
  0.5016895
 0.49703075
 0.50689761
 0.51890621
 0.51816697
 0.51899738
 0.51575203
 0.51723443
 0.51985292
 0.52298319
  0.5234799
 0.52223014
 0.52466915
 0.52606438
 0.52910079
 0.52535058
  0.5320066
 0.52618069
 0.53191981
 0.53461526
 0.53737807
 0.54134492
 0.54519767
 0.53685779
 0.53404119
 0.53495854
 0.53591634
 0.53446209
 0.53630828
 0.53300213
 0.53199709
 0.53132618
 0.53261272
 0.53280115
 0.52995311
 0.53753408
 0.53549472
 0.53985862
 0.53798195
 0.54085042
  0.5366676
 0.54063166
  0.5455773
 0.54598955
 0.54141939
  0.5424984
 0.54088534
 0.54192428
 0.54097697
 0.55033957
 0.54976146
 0.54497246
 0.54713059
 0.54952792
 0.54195469
 0.54002491
 0.53565353
 0.54563559
 0.54385212
 0.54272037
 0.53799863
 0.54766878
 0.54366798
 0.54768388
 0.54474904
 0.54744739
 0.53905734
 0.53999471
 0.53565911
 0.53338695
 0.54281166
 0.54002423
 0.53573523
 0.53969182
 0.54614298
 0.54141663
 0.54386949
 0.53949336
 0.53913268
 0.53944163
 0.54558404
 0.54624785
 0.54125355
 0.54520971
 0.53882166
 0.54136015
 0.54325898
 0.54277804
 0.54904485
 0.54736071
 0.54357018
 0.54871001
 0.54899852
 0.55323023
 0.55737635
 0.55270503
 0.55040218
 0.55086265
 0.55015339
 0.55185565
 0.55987769
 0.56097844
 0.55978361
 0.56298253
 0.55691128
 0.56008608
 0.55876579
  0.5564905
  0.5597111
 0.55589183
 0.55940514
 0.55683898
 0.56275272
 0.56522616
 0.56615385
 0.56412373
 0.56601784
 0.56716366
 0.56297635
 0.56362034
 0.56162404
 0.56616729
 0.56797691
 0.56555576
 0.56506339
 0.56391911
 0.56364525
 0.56305882
 0.57204411
 0.57529084
 0.57472735
 0.57937294
 0.58659818
 0.58340918
   0.582549
 0.58515093
 0.58235552
 0.58950444
 0.59257392
 0.59218865
 0.59507772
 0.59008958
 0.58945807
 0.59035645
 0.59426794
 0.59963775
 0.60357282
 0.60650478
 0.60268473
 0.61080249
 0.60588918
  0.6062282
 0.60355951
 0.60183024
 0.60772879
 0.61155643
 0.61088597
 0.61107178
  0.6111497
 0.60441244
 0.60497733
 0.60425319
 0.60068529
 0.60031427
 0.60596358
 0.60855115
 0.60883153
 0.61241276
 0.61504975
 0.61646685
 0.61668883
 0.62016582
 0.62491648
 0.62478076
 0.62425462
 0.61789424
 0.61710473
 0.62078911
 0.61862168
 0.60717326
 0.61401333
 0.61675376
 0.61487016
 0.60776897
 0.60556093
 0.60269097
 0.60089138
 0.59837187
   0.605083
 0.61489496
 0.61204952
 0.61448044
 0.61435991
 0.61789356
 0.62225666
  0.6192101
 0.62464256
 0.62182374
 0.62783113
 0.62630252
  0.6290588
 0.63614522
 0.63489654
 0.63418471
 0.63342713
 0.63459216
 0.63879309
  0.6353126
 0.63260038
 0.63570418
 0.64073544
 0.64100007
 0.63451573
 0.63333535
 0.64328783
 0.63409633
 0.64504167
 0.64449879
 0.64217586
 0.64464067
 0.64536563
 0.63237344
 0.64126912
 0.63924722
 0.63705151
 0.62100255
 0.62029996
 0.61143061
 0.62088029
 0.61703642
 0.61837775
 0.60760583
 0.60101915
 0.60329505
 0.61086944
 0.61134138
 0.60137658
 0.59568821
 0.59648074
 0.60029563
 0.60259461
 0.60468084
 0.61301577
 0.61212911
 0.61313669
 0.60857815
 0.61012734
 0.60890158
 0.61060452
 0.60838157
 0.61622959
 0.61282831
  0.6080806
 0.60697556
 0.59979276
 0.60700329
 0.60917565
 0.60927525
  0.6106608
 0.60702476
 0.60444262
 0.60403164
 0.60226648
 0.60567884
 0.60665664
 0.60141232
 0.60389139
 0.60371176
 0.60941459
 0.60659483
 0.61117225
 0.60977703
 0.60926749
 0.60780392
 0.60262314
 0.60338163
 0.60040771
 0.59770857
 0.60131599
 0.59748357
 0.59860956
  0.5973257
 0.60061096
 0.59997842
 0.59986322
  0.5981741
 0.59129604
 0.59369264
 0.58549821
 0.60296206
 0.59320278
 0.59159812
 0.59074853
 0.58985322
 0.58739781
 0.58805128
 0.59169576
 0.59273086
 0.59676413
 0.59100094
 0.59609447
 0.59626865
 0.59563634
 0.60046701
 0.60570209
 0.60096915
 0.60748116
  0.6085865
 0.61349298
 0.61413113
 0.61777851
 0.61449955
 0.62313333
 0.61694428
 0.62085313
 0.62331147
 0.62270188
 0.62230669
 0.62540961
 0.62674547
 0.62425458
 0.62277203
  0.6222384
  0.6221003
 0.62085897
 0.62203156
  0.6242269
 0.62105192
 0.62051692
  0.6225164
  0.6236544
 0.61984332
 0.61927721
 0.61861608
 0.61943418
  0.6211046
 0.61796293
 0.62037636
 0.62063157
 0.62409313
 0.61958268
 0.62115121
 0.62328069
 0.62383969
 0.62440943
 0.62219045
 0.62052202
 0.62547379
 0.62336859
 0.62021638
 0.62446378
 0.62325918
 0.62171958
 0.62262076
 0.62209046
  0.6218347
 0.62039569
 0.62166131
  0.6204689
 0.62485088
 0.63166685
 0.63385293
 0.62666517
 0.62712003
 0.62418886
 0.62333627
 0.63245527
  0.6271493
  0.6336049
 0.63253764
 0.62049761
 0.62507762
 0.61719318
 0.61446537
 0.61149911
 0.62014499
 0.62177972
 0.61964503
 0.62311797
 0.62810225
 0.62138728
 0.62515392
 0.62480047
 0.62165076
 0.62899697
 0.62659793
 0.63010241
 0.62503096
 0.62685176
 0.62790882
 0.62499138
 0.62502644
 0.62913549
 0.62221107
  0.6240161
  0.6263289
 0.62312801
 0.62406438
 0.62911907
 0.63135517
  0.6292909
  0.6265837
 0.62352819
 0.62800207
 0.63332201
 0.63480114
 0.63070177
 0.63080931
 0.63259828
 0.63007432
 0.62802853
 0.62582126
 0.62415292
 0.62545256
 0.62556852
 0.62412281
 0.62179578
 0.62393802
 0.61905091
 0.61289906
 0.61677706
 0.61928075
 0.61655534
 0.61667631
 0.61760819
 0.61479764
 0.61361349
 0.61093289
 0.61018652
 0.61015668
 0.60494116
 0.61482306
 0.61108181
 0.61437986
 0.60836966
 0.61086356
 0.60759591
 0.60758017
 0.61382498
 0.61472122
 0.61952082
 0.61771115
 0.61520841
 0.61657617
 0.62042719
 0.62112578
 0.63615283
 0.63912767
 0.64813529
   0.649567
 0.65625669
 0.66920052
 0.68242739
 0.68815146
 0.69282116
 0.69771279
 0.69377508
 0.70837251
  0.7137973
 0.71660018
 0.72385824
 0.72273564
 0.71779781
  0.7218907
 0.72093453
 0.72346225
 0.72042961
 0.73006207
 0.73144088
 0.73594423
 0.73538921
 0.73819033
 0.74240628
 0.73228089
 0.73633879
 0.73332196
 0.73247627
 0.72857421
  0.7307456
 0.73348396
  0.7353231
  0.7338221
 0.73328613
 0.73605292
 0.72895129
 0.73345167
 0.73556649
 0.73198437
 0.72954423
 0.73287545
 0.73298154
 0.73845158
 0.73729968
 0.73701478
 0.73907858
 0.73972064
 0.74398615
 0.74217003
 0.73852689
 0.73408671
  0.7388662
 0.73437757
 0.73184844
 0.73736963
 0.73288373
 0.73835999
 0.72647854
  0.7175491
 0.71236833
 0.71472885
 0.71994031
 0.71537852
  0.7109659
 0.71116708
 0.72202815
 0.72113284
 0.72189535
 0.71901133
 0.70934288
 0.71735116
 0.71094995
 0.70787039
 0.70261961
 0.69496167
 0.69899128
 0.70010037
 0.70412593
  0.7062598
 0.71431788
 0.71614183
 0.71762241
 0.72082456
 0.71977089
 0.72387147
 0.72582781
 0.72357925
 0.71954713
 0.71841358
 0.71629182
 0.70554439
 0.71482602
 0.71063161
 0.71378129
  0.7133049
 0.71687215
  0.7201837
 0.71368687
 0.72790648
 0.72155729
 0.73105073
 0.72701101
 0.72374004
 0.72371272
 0.73381568
 0.72296439
 0.73094787
 0.71885393
 0.73059652
 0.73538108
 0.73594316
 0.73161724
 0.73350833
  0.7282538
 0.72312257
  0.7253885
 0.73393624
 0.73333932
 0.73016951
 0.73219628
  0.7338908
 0.72963606
 0.73206357
 0.72472498
 0.72981581
 0.73045582
 0.72953172
 0.72478577
 0.71908119
 0.73769535
 0.72898856
 0.73600098
 0.73245745
 0.73657422
 0.72847327
 0.72701413
 0.72981155
 0.73239053
 0.72998014
 0.72624276
 0.72592092
 0.73013519
 0.73162802
 0.73159509
 0.72184378
 0.72584885
 0.72407798
 0.72642638
 0.73251194
 0.71721882
 0.71920519
 0.71911067
 0.71355433
 0.71643932
 0.72028953
 0.71615923
 0.71971894
 0.71337694
 0.71844436
 0.71937763
 0.72200967
 0.72531141
 0.71952154
 0.72373558
 0.72149599
 0.73456102
 0.73470335
  0.7323409
 0.72452772
 0.73164801
 0.73176723
 0.73352195
 0.73501519
 0.73034718
 0.72483473
 0.72479858
 0.73426522
 0.72138504
 0.72300342
 0.72045735
 0.72780737
 0.72166873
 0.72256039
  0.7231845
 0.72616229
 0.71872763
 0.72437549
 0.71833796
 0.71779299
 0.71332855
 0.72126358
 0.71549384
  0.7225973
 0.71947784
 0.72685113
 0.72241137
 0.72105872
 0.72402398
  0.7276396
 0.72227664
 0.73089212
 0.72398123
 0.72725973
 0.73542578
 0.72865123
 0.73792575
 0.71756672
 0.72314243
 0.71417923
 0.70788619
 0.70689303
  0.7094259
 0.72147332
 0.71437821
 0.71146285
 0.71707427
 0.72057461
 0.72018927
 0.72875639
 0.72951061
  0.7238841
 0.71493223
  0.7146333
 0.70375125
  0.7081579
 0.71117818
 0.70495532
  0.7026305
 0.71275158
 0.71026216
 0.71110538
 0.71199502
 0.71582805
 0.71399037
 0.70872329
 0.72319504
 0.73023674
 0.73662082
  0.7330816
 0.74406701
 0.73946386
 0.74694407
 0.73890951
 0.73332837
 0.73436742
 0.73742733
 0.73696657
 0.73243717
 0.73054973
 0.72529967
 0.72141709
 0.73194282
 0.73370702
 0.73608417
 0.74023088
 0.73475892
 0.73688897
 0.73969752
 0.74572113
   0.749364
 0.75313176
 0.74967489
 0.75344086
 0.74883495
 0.75831717
 0.75304171
 0.75209459
  0.7521719
 0.74805114
 0.75704606
 0.76424403
 0.76802765
   0.774776
  0.7654756
 0.77164702
 0.76001624
 0.76576484
 0.76568219
  0.7719543
 0.77844003
 0.77866294
 0.77816226
 0.77607439
 0.76529279
 0.77603244
 0.77478216
 0.76603473
 0.75806251
 0.77171124
 0.75999215
 0.76786991
 0.75811588
 0.76995965
 0.77488352
 0.77778708
 0.77613606
 0.77823649
 0.77332683
   0.769148
 0.77967243
 0.76084911
 0.76986569
 0.77002066
 0.77378558
 0.78332087
 0.78326329
 0.78136803
 0.78432508
 0.78355353
 0.78045725
 0.78278891
 0.77582267
 0.77301866
 0.77689088
 0.77347672
  0.7715085
 0.77443795
 0.77326991
 0.77418022
 0.77055179
 0.76837236
 0.77558688
 0.77673729
 0.77899954
 0.78231269
 0.78192652
 0.78191524
 0.78764581
 0.78619997
 0.78552358
 0.78275663
 0.78025645
 0.78002527
 0.77829224
 0.78138425
 0.77875635
 0.78161744
 0.77855272
 0.78448723
 0.78369268
 0.78501714
 0.78955184
 0.79573292
 0.78819719
 0.78663904
 0.78720669
 0.78840672
 0.78722555
 0.78270237
 0.78189229
 0.78976252
 0.78842925
 0.78075864
 0.78441161
 0.79015254
 0.79175937
 0.79657281
 0.78925389
 0.79474608
 0.79311063
 0.79302347
 0.79416778
 0.79164688
 0.79266741
 0.79350808
  0.7973905
 0.79976947
 0.79997106
 0.79664268
 0.79752305
 0.79792742
 0.79077718
  0.7983901
 0.79903851
 0.79716094
 0.79684854
 0.79522265
 0.79211647
 0.79687148
 0.79976457
 0.79953525
 0.79686126
 0.79311104
 0.79862283
 0.79701437
 0.79466859
 0.79039113
 0.79131383
 0.79193738
 0.79705215
 0.79618861
 0.79995989
 0.80443732
 0.79864112
 0.79531683
 0.79214217
 0.79556006
 0.79616954
 0.79692282
 0.79522568
 0.78855083
  0.7919212
 0.78632764
  0.7924699
 0.79194093
 0.79348468
 0.79379877
 0.79246927
 0.79411517
 0.79113478
 0.79626483
 0.78687817
 0.79239269
 0.78714865
 0.78145376
 0.78668887
 0.77832005
 0.77964935
 0.79008707
  0.7934862
 0.79554498
  0.7963762
 0.79492523
 0.79617259
  0.7925379
 0.79367637
  0.7960275
   0.792636
 0.79057256
 0.78034018
 0.78284121
 0.79133235
  0.7835708
 0.79223774
 0.78791246
 0.78522597
 0.79096363
 0.79232445
 0.79877356
 0.78701832
  0.7984452
  0.7945492
 0.80560142
 0.78815157
 0.79044428
 0.79414159
 0.79861667
 0.79459824
 0.79984269
 0.79789911
 0.79507026
 0.79643672
 0.79399159
 0.79463806
  0.7899791
 0.78563944
 0.77852884
 0.79023065
  0.7902324
 0.78826951
 0.78508134
 0.78012502
 0.78859412
 0.79527112
 0.79218418
 0.79086048
 0.79379727
 0.79164623
 0.79144909
 0.79093642
 0.79477472
 0.78917923
 0.78706766
  0.7851935
 0.78597818
 0.78652675
 0.79332757
 0.79559048
 0.79894241
 0.79326577
 0.79422195
 0.78878464
  0.7936134
 0.78667878
 0.79012281
 0.78241503
   0.784171
 0.78705631
 0.78794705
 0.78260112
 0.78335809
 0.78025354
 0.78727318
 0.78710729
 0.78158321
 0.78270376
 0.77694084
  0.7740651
  0.7734588
 0.77157379
 0.77311216
 0.77552908
 0.77796563
 0.77303353
 0.78153068
 0.79155886
 0.79434264
 0.79158731
 0.79302732
 0.78831224
 0.79217153
 0.79189887
 0.79245554
 0.78683787
 0.78381675
 0.78661325
 0.78792787
 0.78487524
 0.79505288
 0.79488303
 0.79557995
  0.7894822
 0.79463858
   0.798746
 0.79375688
 0.79931476
 0.79649404
  0.7958017
 0.79943691
 0.80034749
 0.80015503
 0.79252028
  0.7944221
 0.79607489
 0.79535023
 0.80173686
 0.80455375
 0.80481375
 0.80412771
  0.8089518
 0.80424098
 0.80333386
 0.80110739
 0.79828198
 0.80045694
  0.8034232
 0.79730349
 0.79118024
 0.79813118
 0.79873004
 0.79865947
   0.805011
 0.80394173
 0.80542393
 0.80153956
 0.80110369
  0.7998925
 0.79620948
 0.79652515
 0.79544087
 0.79577753
  0.7971495
 0.79251724
 0.79680658
 0.79675046
 0.79352548
 0.79295318
 0.79655072
  0.7961622
 0.80193887
 0.80217809
 0.80366143
 0.80082456
 0.80188461
 0.80101514
 0.80048684
 0.79717107
  0.7993364
 0.79794911
 0.79507663
  0.7946006
 0.79822276
 0.80317215
 0.80168156
 0.79717979
 0.79296773
 0.78731143
 0.78754982
 0.79569822
 0.79723068
 0.79615863
 0.79729521
 0.79652734
 0.79588481
 0.79758483
 0.79543413
 0.79756323
 0.79582924
 0.79509834
 0.79053963
 0.79889396
 0.80039438
  0.7979777
   0.798897
 0.80384885
 0.80293633
 0.79955041
 0.79898069
 0.79710615
 0.79797827
 0.80126841
 0.79944851
 0.80703076
 0.80606119
 0.79978515
 0.80170534
 0.79661156
 0.80422339
 0.80118076
 0.80337741
 0.80106176
 0.80171341
  0.8013266
 0.80034711
 0.80390362
 0.80345423
 0.80839711
 0.80668999
 0.80340523
 0.80683598
 0.80647388
 0.80823753
 0.80701713
 0.80459212
 0.80800743
 0.80648096
 0.80613471
 0.80717953
 0.80457031
 0.79753654
 0.79794768
 0.79754241
 0.79586156
 0.79385194
 0.79151498
 0.79330762
 0.79270719
 0.79384553
  0.7921907
 0.78943782
 0.79173954
  0.7909675
 0.78655943
 0.79090233
 0.78655856
 0.78753119
 0.78575325
   0.796509
 0.79657021
 0.79770705
 0.79753335
 0.80270501
 0.80132489
 0.80718744
 0.80165627
 0.79727118
 0.80033188
 0.80089065
 0.79520502
 0.79642228
 0.79761369
 0.79793993
 0.80201785
 0.80445755
 0.80210612
 0.80769329
 0.80344896
 0.79600871
 0.79325791
 0.79354624
 0.79914226
 0.79510938
 0.80070188
 0.79552024
 0.79312123
 0.79150775
 0.79337718
 0.79195194
 0.79245425
 0.78795676
 0.78782268
 0.78423084
 0.78011258
 0.78002535
 0.77696368
 0.77958911
 0.77281621
 0.77438745
 0.77355688
 0.77356654
 0.77662264
 0.77758728
 0.77476036
   0.774141
 0.76984106
 0.77066939
 0.76761746
   0.769397
  0.7742742
 0.77120238
 0.77040183
 0.77653346
 0.77923343
 0.77521481
 0.77715734
 0.77495628
 0.77408954
  0.7726404
 0.76426497
 0.75635421
 0.76266058
 0.76532382
 0.77070035
  0.7693391
 0.76982473
 0.77251578
 0.76949838
 0.76139465
 0.75242072
 0.76040758
 0.75970935
 0.76413432
  0.7599093
 0.75744871
 0.75692636
 0.75626821
 0.75257975
 0.75250853
 0.74794134
 0.75185171
  0.7477279
 0.75104908
 0.75766366
 0.75680952
 0.74959386
 0.74968141
 0.74926982
 0.74640709
 0.74868312
 0.74837727
 0.74760494
  0.7529903
 0.75103676
 0.75135817
  0.7462791
 0.74160529
 0.74144486
  0.7411513
 0.74912437
  0.7507656
 0.75520509
 0.74828528
 0.74426258
 0.73607091
 0.74451893
 0.74538889
 0.74630521
 0.75039338
 0.74991009
  0.7519349
 0.74834932
 0.75811678
 0.75755931
 0.75953938
 0.75602982
 0.75760148
  0.7559865
 0.75332313
 0.75343016
 0.75042617
 0.75568982
 0.75739616
 0.76007771
 0.76075498
 0.75794225
 0.76137883
 0.76609001
 0.76676037
 0.76837424
 0.77211394
 0.77391823
 0.77217588
 0.77222824
 0.77119246
 0.77373771
 0.77736294
 0.77971675
 0.78240081
 0.78165623
 0.78381368
  0.7874316
 0.78697483
   0.783925
 0.78634433
 0.78436805
 0.79087073
 0.78962375
 0.78562117
 0.78766119
 0.78733561
 0.79124436
 0.78485022
 0.78288148
 0.77418065
 0.77443974
   0.776964
 0.77533157
 0.77362561
 0.77008897
 0.76695609
 0.76546394
 0.76357167
 0.76300545
 0.75723392
 0.75910015
 0.75285719
 0.75762194
 0.75250118
 0.75379205
 0.76003464
 0.75748824
 0.75400258
 0.74677988
 0.75051055
 0.74528785
 0.75287363
 0.75319614
 0.75567745
 0.75044487
 0.75393915
 0.75698596
 0.75732727
 0.75745361
 0.75368485
 0.75305048
 0.75183215
  0.7492367
 0.75156297
 0.75144223
 0.75447968
 0.74888377
 0.75194876
 0.74627597
 0.75106007
 0.75275246
 0.75322248
 0.75479644
 0.75712814
 0.76545532
 0.76525009
 0.76396233
 0.77257392
  0.7663724
 0.76686683
  0.7671387
 0.77284809
 0.77033201
 0.77437088
 0.77490607
 0.77310567
  0.7782063
 0.77649982
 0.78014134
 0.77343374
 0.77720916
 0.77757508
 0.77713346
 0.78335202
 0.77759303
 0.77288894
 0.77215134
 0.76769112
 0.76356936
   0.762207
 0.76110567
 0.76509199
 0.76655182
 0.76575937
 0.77553326
 0.78000187
 0.78194755
 0.78276336
 0.78654362
 0.79083185
 0.79173067
 0.79236259
 0.79029338
 0.79005831
 0.78707084
 0.79400427
 0.79081562
 0.79327353
 0.79375207
  0.7937754
 0.79117997
 0.79711833
 0.79509777
 0.79446427
 0.78900272
 0.79052161
    0.78671
  0.7821731
 0.78677378
 0.79437679
 0.79579761
 0.79206355
 0.79065541
 0.79913778
 0.79787842
 0.79423147
  0.7978553
 0.79620402
 0.79850179
 0.80745014
 0.80357711
 0.80005768
 0.80324944
 0.80650796
 0.80509932
 0.80713037
 0.80606732
 0.81338703
 0.81945554
 0.81889194
 0.81811149
 0.82177802
 0.82154076
 0.82033087
  0.8257148
 0.81923085
 0.81321625
 0.81209416
 0.80394174
  0.8025508
  0.8011903
 0.81405191
 0.82127266
 0.81766587
 0.82245821
 0.83054019
  0.8339822
 0.83126003
 0.83344551
 0.83667904
 0.83330998
 0.83147466
  0.8400157
 0.84377238
 0.85027626
 0.85426042
 0.85728199
 0.85634596
 0.85019664
 0.85435053
 0.85042041
 0.84980376
 0.84848908
 0.84699637
 0.84802601
 0.84896807
 0.85133333
 0.85408093
 0.85024639
  0.8501303
 0.85212935
 0.85359241
 0.85338577
 0.84694048
 0.85115049
 0.85502121
 0.85427478
  0.8590564
 0.85149896
 0.84597435
 0.84643833
  0.8443312
 0.84508689
 0.84158339
 0.84782971
 0.84563104
 0.84374366
 0.84490763
 0.84420333
 0.84934743
 0.85070227
 0.85114157
 0.85403877
 0.85936595
 0.86265091
 0.86399189
 0.86372481
 0.85877799
 0.86401581
 0.86259739
 0.86220059
 0.86216162
 0.86747639
 0.86236217
 0.86217753
 0.86237766
 0.86136238
 0.86409954
 0.86804436
 0.87497935
 0.86935192
  0.8615554
 0.86610752
 0.86544918
  0.8717962
 0.88101779
 0.88149552
 0.87566428
 0.87645742
 0.87340392
 0.86609507
 0.87553449
 0.87587025
   0.874827
 0.87804384
 0.87616762
 0.88115529
 0.87881612
 0.87812093
 0.88581795
 0.88772075
 0.88855765
 0.88368015
 0.88183047
 0.87868498
 0.87643097
 0.88294521
 0.87746066
 0.87922435
 0.88344837
 0.87733294
 0.87918908
  0.8798739
 0.86773372
 0.85918189
 0.84967253
 0.85919722
 0.85929063
 0.86050223
 0.85531248
 0.86192134
 0.86019985
 0.86569986
 0.87143435
 0.86971454
 0.87159776
 0.87742284
 0.87386589
 0.87189361
 0.87254931
 0.87231193
 0.87486623
 0.87592276
 0.87701258
 0.88271555
 0.88228386
 0.88546773
 0.88767544
  0.8844861
 0.88373487
 0.88640554
 0.88289558
 0.88777679
 0.88587354
 0.88020643
 0.88309844
 0.87483549
 0.88083928
  0.8836682
 0.88282836
 0.88226514
 0.87700565
 0.87871962
 0.87673735
 0.88363338
 0.89069206
 0.89435088
 0.88661771
 0.89427558
 0.89069138
 0.89000536
 0.89596236
 0.89455164
 0.89798839
 0.89559525
 0.89634683
 0.89201753
  0.8950841
  0.8984064
 0.89444332
  0.8924514
 0.89110328
  0.8865622
 0.88562787
 0.88383042
 0.88496256
 0.89004818
 0.89750035
  0.8985252
 0.89343813
 0.89572889
 0.89802138
 0.90223216
 0.90364232
 0.90449096
 0.89891134
 0.89907953
 0.89807774
 0.89955419
 0.89682807
 0.88997353
 0.89184303
 0.89124043
 0.89231971
 0.88803355
 0.88614628
  0.8835122
 0.88160193
 0.88046383
  0.8787345
 0.87534766
  0.8779931
 0.87976294
 0.87592941
 0.87645752
 0.87201996
 0.87370406
 0.87646536
 0.86236864
 0.86312719
 0.86246555
 0.86573932
 0.86214957
 0.86370007
 0.86632393
 0.86738441
 0.86780388
 0.86678354
 0.86989617
 0.87074332
 0.87023337
 0.86975288
 0.87573044
 0.87573264
 0.88137686
 0.88550361
  0.8841856
 0.87995114
 0.87684771
 0.87655669
 0.87894967
 0.87916047
  0.8788429
 0.88594374
 0.88268907
   0.883033
 0.88349031
 0.88269784
 0.87801434
 0.87921303
 0.87975128
 0.87550554
 0.87911195
 0.88125058
 0.87701727
 0.88009907
 0.87479905
 0.87914757
 0.87924637
  0.8753232
 0.88212903
 0.87604671
 0.87115895
 0.87324813
 0.87324371
 0.87537463
 0.87299838
 0.87663569
 0.87960393
 0.87424633
 0.87562479
 0.87810714
 0.88228708
 0.87898168
 0.88221538
 0.87896208
  0.8817032
 0.87715319
  0.8817144
 0.88031143
 0.88564202
 0.87973386
 0.88574058
 0.88982496
 0.88369387
 0.88309342
 0.88429027
 0.88118343
 0.87970519
 0.88105649
 0.87893181
 0.87365358
 0.87680997
 0.88098341
 0.88694535
 0.87945766
 0.88447354
 0.88854806
 0.89618007
 0.89341233
 0.89582584
 0.90260673
 0.90264315
 0.90630076
 0.91288785
 0.90859896
 0.90735672
 0.91556749
 0.91586999
 0.91487529
 0.90824839
 0.91080291
 0.90243899
 0.89360046
 0.89239692
 0.89077208
 0.89508659
 0.90051782
 0.90304026
 0.89919717
 0.90105392
 0.89863203
 0.89423181
 0.90066395
  0.8991871
 0.90152487
 0.89708987
 0.90087646
 0.90379678
  0.9019024
 0.90249443
  0.8971508
 0.89242771
 0.88744387
 0.88709016
 0.88915059
 0.88807356
 0.89264388
 0.88958109
 0.88512341
  0.8899992
 0.89636616
 0.90112405
 0.89688582
 0.89441079
 0.89474585
  0.8895385
 0.88383221
 0.88169225
 0.87684955
 0.87659998
 0.87445649
 0.87814511
 0.87918491
 0.87881036
 0.87928536
 0.87727379
 0.87916944
 0.88113342
 0.89042468
 0.88508022
 0.88441039
 0.87937749
 0.87603053
 0.87763284
 0.87339649
 0.87536287
 0.87327374
  0.8798526
 0.88983294
 0.88435731
 0.88543569
 0.87973281
 0.88722818
 0.88101332
 0.87743312
 0.87998178
 0.87803629
 0.87899997
 0.87450553
 0.87394721
 0.87494603
 0.88503407
  0.8901478
 0.89076129
 0.88536418
 0.87765499
 0.88281236
 0.88145263
 0.88074075
 0.86773441
 0.88129467
 0.88794286
 0.88395719
 0.88643026
 0.89014839
 0.88960033
 0.88846943
 0.88746213
 0.88341205
  0.8925372
 0.89691381
 0.89851507
 0.89612294
 0.89622466
  0.8925902
 0.88514238
 0.89852475
  0.8911386
 0.89186586
 0.89613206
 0.88492142
  0.8877285
 0.88846667
 0.89094447
 0.89242453
 0.89293149
 0.88593491
 0.88494429
 0.89632357
 0.89255676
 0.90371023
 0.89250827
 0.89247631
 0.89326034
 0.89085824
  0.8854649
 0.88869641
 0.88774875
 0.88391836
 0.89091759
 0.88977577
 0.89202634
 0.88697893
  0.8854657
 0.88454349
 0.88833694
 0.88706802
 0.88809513
 0.89080969
 0.89114381
 0.88877891
 0.88931157
   0.892778
 0.88994564
 0.88942868
 0.88504279
 0.88941013
 0.87901095
 0.88643132
 0.88128962
 0.88740064
 0.88535178
 0.89023256
 0.88871441
 0.89122059
   0.899256
 0.89401263
 0.89857294
 0.90064665
 0.89767264
 0.89781275
 0.90407458
 0.90366651
 0.89767391
 0.90174864
 0.89335936
 0.89329564
 0.89226816
 0.88637054
 0.88119986
  0.8897729
 0.89017631
 0.89201858
 0.89208894
 0.88951906
  0.8882293
 0.88988219
 0.88446769
 0.89001211
 0.88576768
 0.89211782
 0.89644207
 0.89289811
 0.89650684
  0.8867589
 0.89210117
 0.89009387
 0.88376173
  0.8816845
   0.874322
 0.86963144
 0.86330797
 0.85590234
 0.85905503
 0.86513419
 0.86195643
 0.86969876
 0.87560985
  0.8685716
 0.87261857
 0.87844814
 0.88045002
 0.87906426
 0.88335813
 0.88242949
 0.88978686
 0.88787001
 0.89259907
  0.8911129
 0.88212254
 0.87610486
 0.87146046
 0.87200866
 0.87341185
 0.87513151
 0.87148123
 0.87012519
 0.87245466
 0.87895342
 0.88491725
 0.88819007
 0.88449526
 0.88613738
 0.87029893
 0.87768901
 0.87609602
  0.8821581
 0.87936768
 0.87932582
 0.87284669
 0.86575421
 0.86169681
 0.86092268
 0.86327955
 0.86555834
 0.86991369
 0.86249894
 0.87166835
 0.87085697
 0.86721724
 0.86751833
 0.86645788
 0.86601945
 0.86445273
 0.85636205
 0.84694322
 0.84381055
  0.8419776
 0.83587251
 0.83714482
 0.84460975
 0.84805404
 0.84158174
 0.84177874
 0.84901082
 0.84468016
 0.85244165
 0.84986662
 0.85020271
 0.85056171
 0.84561088
 0.85001952
 0.84929313
 0.84467358
 0.84427233
 0.83900388
 0.84016738
 0.83185231
 0.82730953
 0.82521772
 0.82691513
 0.82310125
 0.81900097
 0.81619697
 0.83079814
 0.83856442
 0.84583188
   0.847821
 0.84835924
 0.84808704
 0.85174815
 0.85605889
 0.85376272
 0.85362138
 0.85591072
  0.8528521
 0.85129526
 0.85424752
 0.85175263
 0.84848107
 0.84742947
 0.84830843
 0.85224172
 0.85076943
 0.85522987
 0.85388305
 0.84895975
 0.85459117
 0.85009606
 0.84677092
 0.83964982
  0.8394517
 0.84388434
 0.83748609
 0.84287689
 0.83483073
 0.83882105
 0.83615398
 0.83051128
 0.82786117
  0.8300566
 0.83327733
 0.83818467
 0.84009731
 0.84178012
 0.83445094
 0.83413273
 0.83888672
 0.83898501
 0.84728553
 0.84445772
 0.84487742
 0.85096867
 0.85493101
 0.86744867
 0.86993409
 0.86967947
 0.86863844
 0.85961733
 0.86972495
 0.86916751
 0.87239507
 0.87532383
 0.88619767
 0.88302373
 0.88524356
 0.88017859
 0.88518817
 0.87164542
  0.8761349
 0.87075004
  0.8791561
 0.87623468
   0.876906
 0.88096974
 0.88110869
 0.88497658
 0.88775779
 0.88297323
 0.87847726
 0.87922264
 0.87285879
 0.86829133
 0.87656942
 0.88216127
 0.88518212
 0.88824355
 0.88677264
 0.88816288
 0.87705639
  0.8860551
 0.88330071
 0.88945366
 0.89108642
 0.88309168
 0.87684285
 0.87578765
 0.88259875
 0.88373915
 0.88863457
 0.88606005
 0.88689921
 0.87773849
 0.88139434
 0.88244548
  0.8802634
 0.87840687
  0.8808696
  0.8773256
  0.8801013
 0.88031829
 0.88315535
   0.879082
 0.87996651
 0.88549358
 0.87833923
 0.87868687
 0.88707572
 0.87796593
  0.8959152
 0.88931788
    0.89223
 0.88432915
 0.88271844
  0.8804758
 0.88011605
 0.89055219
 0.88316049
 0.88186537
 0.87833529
 0.87706762
 0.86707326
 0.86570791
 0.85852854
 0.85118589
 0.85107681
 0.85531322
  0.8537005
 0.84949275
 0.84845275
 0.84583064
 0.83852048
 0.83563449
 0.84089541
 0.83581773
 0.84901921
 0.84270615
 0.84367832
 0.84423763
 0.84531868
 0.85154148
 0.84095948
 0.84196845
 0.84969402
 0.84252991
 0.84328412
 0.84084583
  0.8349251
 0.84112528
 0.84093153
  0.8495419
  0.8413661
 0.83889345
  0.8395468
 0.84524234
 0.84007038
 0.84590767
 0.85085111
 0.84651319
 0.85008282
 0.84754109
  0.8540206
 0.85129645
 0.84868185
 0.85201892
 0.85350631
 0.85050375
  0.8545281
 0.84828395
 0.85280378
 0.85372315
  0.8526401
  0.8465021
 0.84377748
 0.83921428
 0.84494936
 0.84102513
 0.84519031
  0.8417569
 0.84152638
 0.84249035
 0.83561878
 0.83669242
 0.83709281
 0.84273946
 0.84279717
 0.84002656
  0.8375843
 0.83772508
 0.84814119
 0.84682239
 0.84133631
 0.84359882
 0.84461509
 0.84517484
 0.84056633
 0.84132097
 0.84292471
 0.83442329
 0.83986804
 0.83970123
 0.84029269
 0.83651777
 0.83513294
 0.83894927
 0.84664304
 0.84579288
 0.84956085
  0.8460526
  0.8506575
  0.8454789
 0.85185305
 0.84988868
 0.84896763
  0.8448513
 0.84905478
 0.84309868
 0.85037845
  0.8501063
 0.85537602
 0.85282071
 0.84731918
 0.84441545
 0.84027973
 0.84338686
 0.84238077
  0.8411933
 0.83851966
 0.83544004
 0.84181181
 0.84344637
 0.83671975
 0.83663244
   0.832002
 0.82288686
 0.83328534
 0.83662715
 0.82775669
 0.83865715
 0.83827257
 0.84492041
 0.84015834
  0.8380003
 0.83675701
 0.83267774
  0.8392902
 0.84381024
 0.84545532
 0.84268454
 0.83929057
 0.84548057
 0.84863321
 0.84371397
  0.8468162
 0.83977079
 0.83921296
 0.84093116
 0.84671909
 0.83952155
 0.84480735
 0.84642068
 0.84433937
 0.85403655
 0.84691772
 0.84403374
 0.83699142
 0.83834982
 0.84396422
 0.83851737
 0.83953348
 0.83840407
 0.84729901
 0.84346291
 0.84709821
 0.85349828
 0.84884726
 0.85421693
 0.85148516
 0.85430451
 0.85403982
 0.85178415
 0.84492019
 0.85379892
 0.85056845
 0.85546843
  0.8499297
 0.85586877
 0.84642915
 0.85633071
 0.84594217
 0.85017673
 0.84707872
 0.84356246
 0.85358611
 0.84483906
 0.85302962
 0.85166948
  0.8566946
 0.85099068
 0.85227713
 0.85005538
 0.83827394
 0.84263356
 0.85385343
 0.85029183
 0.85470419
 0.84961258
  0.8449733
  0.8581285
 0.85878884
 0.85386147
 0.85958395
 0.85205571
 0.85706816
 0.85397607
 0.85342334
 0.85329573
  0.8532913
 0.84743507
  0.8446041
 0.84635054
 0.83904572
 0.84366463
 0.84559021
 0.84876134
 0.84324657
 0.83937113
 0.82725959
 0.83208172
 0.83452636
  0.8144786
 0.82973838
  0.8278122
 0.82887351
 0.83146712
 0.83314995
 0.82745907
 0.83254039
 0.83862033
 0.84422053
 0.85068837
 0.85133643
 0.85031363
 0.84322868
 0.84423071
 0.84196119
 0.85213414
 0.84711624
 0.85566253
 0.84924616
 0.85366177
 0.85497988
 0.85284895
 0.86308722
 0.86066905
  0.8572882
 0.85492181
 0.86058455
 0.85105665
  0.8588966
  0.8596718
 0.86455498
  0.8621192
 0.86896499
 0.86678766
  0.8696677
 0.86934612
 0.86718119
 0.87101185
 0.86647895
 0.87608632
 0.86883456
 0.87000486
 0.86848527
 0.86978123
 0.86707364
 0.86755064
 0.86923577
 0.87447262
 0.86588501
 0.87347004
 0.86699036
  0.8708426
 0.86211114
 0.86519582
 0.87770137
 0.87145546
 0.87185006
 0.87378148
 0.87157362
  0.8737055
  0.8749952
 0.87908903
 0.87971948
 0.87728636
 0.88102518
 0.88769081
   0.891042
 0.88580531
 0.88552423
  0.8895863
  0.8814474
 0.88376789
 0.87222298
 0.86799115
 0.86632719
 0.87420762
 0.86936365
 0.86880202
 0.87722457
 0.88388127
 0.88057802
 0.88188152
 0.88691712
 0.88750043
 0.89256246
 0.88857347
 0.88747769
 0.88238276
 0.88381139
 0.88803592
 0.88985245
 0.88558534
 0.89123756
 0.88895796
 0.89309403
 0.89930275
 0.90141288
 0.90254702
 0.89827558
 0.89651885
 0.89365002
 0.89627785
  0.8949906
 0.89477233
 0.89861631
 0.90337393
 0.90270296
 0.90873595
 0.90126325
 0.89990619
  0.8998101
 0.89742045
 0.90497035
 0.90367024
 0.91298164
 0.90818715
 0.90971743
 0.90399604
 0.90428268
 0.90296427
 0.90241042
 0.90419344
 0.90154844
 0.90570584
   0.907874
 0.90392805
 0.90613383
  0.8981476
 0.89932397
  0.8949725
 0.89437599
 0.89194493
 0.88843615
 0.88584787
 0.88955739
 0.89184746
 0.89442847
 0.89251228
 0.88615114
  0.8845919
 0.88376761
 0.88949552
 0.88795416
 0.87936721
 0.88322342
 0.88530513
 0.88580391
 0.88195304
 0.88060484
 0.88083483
 0.88453554
 0.88329906
 0.86119075
  0.8665235
 0.86765501
 0.87336115
 0.87434789
 0.88230352
 0.88025474
 0.88245586
 0.88292761
 0.89244128
 0.89290282
 0.88768969
  0.8901941
 0.89754883
 0.90167016
 0.89842474
  0.8992891
 0.90553622
  0.8995142
 0.90642769
 0.90292741
 0.90947321
 0.90293309
 0.89994408
 0.90523884
 0.90292557
 0.90364293
  0.9024281
  0.8955511
 0.90177212
 0.90227731
 0.89868986
  0.8953803
 0.89741949
 0.89888502
 0.89947414
 0.88998948
 0.89814334
 0.89837781
 0.89532156
  0.9015532
 0.89667155
 0.89825708
 0.90302507
 0.90317504
 0.90254979
 0.89848025
  0.9015293
 0.90588574
 0.89994394
 0.89413528
 0.89391971
 0.89184504
 0.89161555
 0.89372392
 0.89887316
 0.89351065
 0.89026358
  0.8929973
 0.89210627
 0.89418798
 0.89159541
 0.88841257
 0.89046521
 0.89108276
 0.88519057
 0.88441802
 0.88801493
 0.88920407
 0.88718922
 0.87937411
 0.87606794
 0.87801127
 0.88162469
 0.87785791
 0.88061148
 0.88577917
 0.88643995
 0.87755615
 0.87822669
  0.8787911
 0.87036906
 0.86895634
 0.86623368
 0.87009919
 0.87145769
  0.8695499
 0.86007422
  0.8618075
 0.86114712
 0.86077856
 0.85831763
 0.86116153
 0.85804352
 0.85713707
 0.86272461
 0.86182154
 0.86325918
 0.85957225
 0.86385012
 0.86159143
 0.86201961
  0.8630173
 0.86064938
 0.86538719
 0.85381822
 0.86029494
 0.85199814
 0.84961882
 0.84741762
 0.86123643
 0.85091201
 0.84429915
 0.84190385
 0.83750323
 0.84083942
 0.84075812
 0.83502344
 0.84023581
   0.839738
 0.83633593
 0.83102419
 0.83374657
  0.8338951
 0.83174168
 0.83192268
 0.84150774
 0.84111509
 0.84347802
 0.84671467
 0.85403305
 0.85714999
 0.85351591
 0.85897894
 0.85281747
 0.85489874
 0.85391488
 0.85078586
 0.84834759
 0.84496365
 0.84894722
  0.8476856
 0.85129036
 0.85020869
 0.84895752
 0.84725044
 0.85478216
 0.85317671
  0.8515913
 0.84811214
 0.84896638
 0.84812653
 0.84994655
 0.84725896
 0.84165327
 0.83401388
 0.84201028
 0.83692354
 0.82698616
 0.83110094
 0.83390762
 0.83296625
 0.83457154
 0.83518018
 0.83927394
 0.83829626
 0.83160625
 0.83481843
 0.83493696
 0.84077498
 0.83625995
 0.83557504
 0.83574323
 0.83608688
 0.83153569
 0.83492624
 0.83745722
 0.83922113
 0.84107672
 0.83310955
 0.83091231
   0.830067
 0.83449825
 0.83368237
 0.83664089
 0.83447366
 0.83685416
 0.82709505
 0.82809612
 0.83260229
 0.83673139
 0.84393849
 0.84105154
 0.84333448
 0.84682023
 0.84672554
 0.85176748
 0.85318867
 0.85294873
 0.84732287
 0.85527595
 0.85782167
 0.86324294
 0.85677776
 0.85759388
 0.85045899
 0.85188065
 0.84951491
 0.84969191
 0.85241246
 0.85899766
 0.85370164
 0.85881844
 0.85571785
 0.85426026
 0.85559398
 0.85305253
 0.84789577
 0.85261313
  0.8462694
 0.85223963
  0.8546387
  0.8511978
 0.84593284
 0.84057959
 0.84819461
 0.84480094
 0.83727083
 0.83561092
 0.84513023
 0.84617021
 0.85391976
 0.85960394
 0.86594075
 0.86649354
 0.86491898
 0.86053146
 0.85737122
 0.86433101
 0.86523903
  0.8712764
 0.87412465
  0.8795823
 0.87512406
 0.87162485
 0.86720928
 0.86920642
 0.86946146
 0.87047582
 0.87207275
 0.86801308
  0.8664242
 0.86997802
 0.86480613
  0.8775127
 0.87814226
  0.8812734
 0.87645691
 0.87410803
 0.87181128
 0.87314936
 0.87671769
 0.87562455
 0.88152247
  0.8799783
 0.88775692
 0.88918937
 0.88334483
 0.88521374
 0.88716078
 0.88266235
 0.87833058
 0.87918689
 0.88219959
 0.87888149
 0.88565123
 0.87640739
 0.87677464
 0.88076629
 0.87883557
 0.88264787
 0.88719615
 0.88707447
 0.89260299
 0.89398915
 0.89255478
 0.89062175
 0.89080398
 0.89463505
 0.89416215
  0.8928212
 0.88313808
 0.87749431
 0.87457764
 0.88151715
 0.88567559
 0.88685924
 0.88615944
 0.88590719
  0.8900831
 0.89231983
 0.89355955
 0.89420965
 0.90376987
 0.90754389
 0.90782584
 0.90397658
 0.90589624
 0.91160387
 0.90394803
 0.90171791
 0.89141383
  0.8890295
 0.88597865
 0.87330182
 0.87211574
 0.86356858
 0.85669056
 0.85307153
 0.84463693
 0.84505842
 0.84166118
 0.84657657
 0.84660845
 0.86504287
 0.86556523
 0.86331199
 0.85799048
 0.86117602
 0.86748913
 0.87124731
 0.87352799
  0.8737007
 0.88407821
 0.87143981
 0.86596014
 0.87293516
 0.87106352
 0.87570517
 0.87871131
  0.8863591
 0.89046344
 0.88963504
 0.89145399
 0.89930619
 0.88870721
 0.89270293
 0.88542356
 0.88705507
 0.88672945
 0.89128441
 0.89472119
   0.895517
 0.89534856
 0.89613579
 0.89473089
 0.89436731
 0.88949104
 0.89415454
 0.88563491
  0.8850234
 0.88676875
 0.88693241
 0.88581472
 0.89031982
 0.88854905
 0.89067041
 0.88489697
 0.88813669
 0.88436182
 0.88475074
 0.88715879
 0.88549595
  0.8901614
 0.89910208
 0.89946994
 0.89883124
 0.89342959
 0.89993944
  0.8952684
 0.89982239
 0.90066811
 0.89709444
 0.89407624
  0.9021618
 0.90504645
 0.90006085
 0.90389174
 0.90502435
 0.90435272
  0.8988028
 0.89429582
 0.90062169
 0.90232652
 0.90415777
 0.90808063
 0.90886369
 0.91610724
 0.91960976
 0.92403965
 0.92106544
 0.91935718
 0.91886726
 0.91935077
 0.92325088
 0.91565352
 0.91146052
 0.91166128
 0.91433029
 0.92053069
 0.92344566
 0.92653663
 0.92716455
 0.91910353
 0.91356512
 0.91718409
 0.90869594
 0.90087612
 0.90322143
 0.90762674
 0.90867024
 0.90852251
 0.92089987
 0.92142285
 0.92024253
 0.91744879
 0.91830229
 0.91442895
 0.91165717
 0.90934125
 0.90670679
 0.90684731
 0.90296123
 0.90366178
 0.90628822
 0.90509899
 0.90415681
 0.90640755
 0.90551907
 0.91286573
 0.90428306
 0.91428273
 0.91675303
 0.91963182
 0.92237227
 0.92467337
 0.92385878
 0.92377086
 0.92006648
 0.92347193
 0.92368214
   0.929327
 0.91859755
 0.91168441
 0.91474012
 0.92429933
 0.92552212
 0.91863814
  0.9292139
 0.92744214
 0.93172414
 0.93228988
 0.93260556
 0.93408139
 0.93953045
 0.94312187
 0.94151312
 0.94543514
 0.95011544
 0.94797872
 0.94567676
 0.94279899
 0.94368976
 0.93793441
 0.93822556
 0.93244362
 0.93747487
 0.92928462
 0.93186672
 0.93335793
 0.94061805
 0.94305619
 0.94492371
 0.94155812
   0.939261
 0.93614477
  0.9378787
 0.93670642
 0.93762557
 0.94754302
 0.94749712
 0.94809165
 0.94550303
 0.93355708
 0.93726803
  0.9343324
 0.93334361
 0.93375075
 0.93217857
 0.93759885
 0.94339416
 0.94355464
 0.94338394
 0.94707311
 0.94611899
 0.95012811
 0.94431698
 0.94410154
 0.92762232
 0.93506833
 0.92949024
  0.9337024
 0.94211314
 0.94102838
 0.94819162
 0.94878548
 0.94116472
  0.9431681
 0.94321414
 0.94830436
 0.94849804
 0.94480546
 0.94931629
 0.94589986
 0.94898392
  0.9497056
 0.95330266
 0.94981201
 0.94574844
 0.94548601
 0.94431907
 0.94277405
 0.94351364
 0.94139634
 0.94517329
 0.93458263
 0.94384096
 0.94570603
 0.94866699
 0.94563372
 0.94938612
 0.95388825
 0.95677774
  0.9564927
 0.95561166
 0.95291515
 0.95563432
 0.94942782
 0.94628323
 0.95284331
 0.95341067
 0.95207531
 0.94473575
 0.94585744
   0.953785
 0.95884251
 0.96089643
 0.96292784
 0.95601269
 0.95417217
 0.96043152
 0.96730313
 0.95525626
 0.94905921
 0.95074476
 0.94786705
 0.94558034
 0.94214172
 0.94303756
 0.94744558
 0.94789973
 0.94177446
 0.94260119
 0.93452235
 0.93787308
 0.94998997
 0.95008873
 0.95560353
 0.95428088
 0.95102033
 0.95832408
 0.95608346
 0.95523241
 0.94994068
   0.949095
 0.95130034
 0.94995901
 0.94516089
 0.94786998
 0.94989661
 0.95399811
 0.95440167
 0.95259583
 0.95087985
 0.95178881
 0.95433829
 0.95289556
 0.94667025
 0.93806905
  0.9366879
 0.93564305
 0.93538639
 0.92908605
 0.93969232
 0.93572485
 0.94418813
 0.93823438
 0.93393146
 0.92975353
 0.92764342
 0.92064135
 0.91525811
 0.91995183
 0.91606573
 0.92749257
 0.91883361
  0.9117231
 0.91119759
 0.91534056
 0.91255131
 0.91306348
 0.91640704
  0.9169504
 0.92324018
 0.92279933
 0.92560868
 0.92163718
 0.92370369
 0.92163646
 0.92845126
 0.93361083
 0.92968132
 0.92836799
 0.92559224
 0.92520576
 0.92257643
 0.92588319
  0.9294303
  0.9259631
 0.92256897
 0.91860104
 0.91934626
 0.92493659
 0.91508966
   0.915897
 0.91147384
 0.91028419
 0.90942585
  0.9066635
 0.89729221
 0.89866244
 0.89018491
 0.88978165
 0.89199654
  0.8863839
 0.87567781
 0.88292113
 0.88764271
 0.89144359
  0.8933337
 0.89135907
 0.90130137
 0.90326352
 0.90680101
 0.89682244
 0.89638122
 0.90037006
 0.89504875
  0.8900612
 0.88933374
 0.88855508
 0.88613849
  0.8739972
 0.88018941
 0.87982886
 0.87864848
 0.86920604
 0.85984694
 0.86040212
 0.86166486
 0.84794858
 0.85232067
 0.85388525
 0.85813186
 0.85891125
 0.86197873
 0.87213375
 0.86806738
 0.87296198
 0.88453923
 0.88554847
 0.88428016
 0.88254614
 0.88420116
 0.88569256
 0.88744931
 0.88665847
 0.88243301
 0.88256652
 0.87649698
 0.88167277
  0.8828496
 0.88498526
 0.88676066
 0.88732813
 0.89102957
 0.87934144
 0.87916074
 0.87267788
 0.86667225
 0.86691882
 0.87285451
 0.87383598
 0.87260558
 0.87464458
 0.87207139
 0.87433022
 0.86742114
 0.86333144
 0.87696335
 0.86902253
 0.86772643
 0.86953133
 0.86687003
 0.86937154
  0.8655077
 0.86299534
 0.86881485
 0.86947086
  0.8696431
 0.86562305
 0.86508668
 0.86114309
 0.85582292
 0.85647871
 0.85385007
 0.86830559
 0.86960694
 0.86860912
 0.86757797
  0.8660895
 0.86548316
 0.86282121
 0.86989125
 0.87365719
 0.87870571
 0.88760486
 0.88529432
 0.88229394
 0.86588811
 0.86925133
 0.87352089
 0.88516776
 0.88962389
 0.89620945
 0.89561352
 0.89386176
 0.89777736
 0.90333306
 0.90898518
 0.90321739
 0.90298114
 0.89786699
 0.90042234
 0.89680198
 0.90047371
 0.89608476
 0.89450525
 0.89718015
 0.89873144
 0.89825667
 0.89314224
 0.89960887
 0.90240226
 0.90142227
  0.9010825
 0.89539084
 0.89464968
 0.89545499
 0.90429274
 0.90455395
 0.90596716
 0.90206662
 0.90264092
 0.90326591
 0.90535001
 0.90714581
 0.90868416
  0.9030294
 0.90064735
 0.89743954
 0.89750604
 0.89890015
 0.89763246
   0.893008
 0.89011539
 0.89080717
 0.89157968
  0.8958542
 0.89519986
 0.89557657
 0.89994477
 0.89348482
 0.89470542
 0.89023214
 0.88589586
 0.88605982
 0.88437208
 0.88066642
 0.86850998
 0.87339661
 0.87530627
 0.86980027
   0.868421
 0.87136675
 0.87006088
 0.87045083
 0.87451428
 0.87628132
 0.87680435
 0.87939761
 0.88514113
 0.87568268
 0.87984472
 0.87545801
 0.87266657
 0.87577084
 0.86588817
 0.86644712
 0.86503294
 0.85101251
 0.83962796
 0.83743516
 0.84374825
 0.83415959
 0.82424572
 0.82795758
 0.82543171
 0.82749141
    0.81726
  0.8261149
 0.81932986
 0.82084342
 0.80988047
 0.79702444
  0.7951917
 0.78368496
 0.78308952
 0.77926823
 0.78971443
 0.78818768
  0.7985249
 0.79697801
 0.80145014
 0.80050539
 0.79798444
 0.78832429
 0.78919571
 0.79762497
 0.79427228
 0.77852668
 0.78388665
 0.78018811
 0.77434759
 0.77617473
 0.77761638
 0.77631208
 0.78264423
 0.77991667
 0.77429262
  0.7848248
  0.7799133
 0.77548456
 0.77767334
 0.78599824
 0.78131042
 0.77460578
 0.77168177
 0.76939606
 0.77909708
  0.7740658
 0.77164227
 0.77563438
  0.7794546
  0.7744309
 0.76630697
 0.76610398
 0.77515918
 0.76974567
 0.77647524
  0.7740269
 0.76768757
 0.76872386
 0.77303596
 0.77510233
  0.7742315
 0.78029846
 0.78323734
 0.78319438
 0.77475508
 0.77618136
   0.763796
 0.76375052
 0.77231525
 0.76912218
 0.75982822
   0.764396
 0.77016955
  0.7747359
 0.77496124
  0.7736789
 0.77753723
 0.77412048
 0.77408145
 0.77387495
 0.77322138
   0.773305
  0.7784799
 0.78010624
 0.78127411
 0.78301968
 0.78364226
 0.78945386
 0.79084219
 0.78810398
 0.78652757
 0.78592416
 0.78246741
 0.78328629
 0.78350396
 0.78112743
 0.77973823
 0.77288316
 0.77334921
 0.77221821
 0.77119537
 0.77113218
 0.77689866
 0.76940491
 0.77550472
 0.78264465
  0.7860543
 0.78749773
 0.78622877
 0.78756619
  0.7849984
 0.78235212
 0.78105079
 0.78004511
 0.78101992
  0.7806721
 0.77907294
  0.7859261
  0.7770672
 0.77154864
 0.77141838
 0.77979041
 0.78160689
 0.78170658
 0.78339867
 0.78138227
 0.78035656
 0.78221942
 0.78167637
  0.7844626
  0.7859132
 0.78480395
 0.78543625
 0.78850364
 0.78299322
 0.78639337
 0.78394351
 0.78434578
 0.77871134
   0.782991
 0.78958901
 0.79056001
 0.78955084
   0.789757
 0.78555847
 0.78991402
 0.79150655
 0.78650941
 0.78421991
 0.77930869
  0.7785974
 0.77114846
 0.77348492
 0.77227807
 0.77119071
 0.77920692
 0.78010181
 0.78198982
 0.78512489
 0.78091197
 0.77916612
 0.78208982
 0.78253283
  0.7861238
 0.78846996
 0.78557415
 0.78115727
  0.7811824
 0.77700773
 0.77467636
 0.77174119
 0.76223091
 0.76497899
 0.77141604
 0.76614184
 0.76844151
 0.76442571
 0.77047453
 0.77015337
 0.77642952
 0.77691125
 0.76913211
  0.7724768
 0.77588932
 0.77928126
 0.77581903
 0.77352605
 0.77816336
 0.76618612
 0.76402194
 0.76696916
  0.7756345
 0.78507351
 0.78252756
 0.78252314
 0.79009013
 0.78639037
  0.7783177
 0.77860853
   0.778756
 0.77577035
 0.78685296
 0.78717781
 0.79120745
 0.79407282
 0.79284171
 0.79171992
 0.79036041
  0.7906121
 0.79105897
 0.79606927
 0.79744829
  0.7959851
 0.79378236
 0.79988894
 0.80347912
 0.80158845
 0.79688417
 0.79526371
  0.7962671
 0.79586281
 0.79523892
 0.80163757
 0.79691896
 0.79490945
 0.79268035
 0.79094622
 0.78629133
 0.77660277
   0.779803
 0.77814799
 0.77818319
 0.77789475
 0.77826928
 0.78687044
 0.77928894
 0.79016768
 0.78934714
 0.79635688
 0.79248095
 0.78944285
 0.79683338
 0.79234732
 0.79436062
  0.7990528
 0.79131306
 0.79553507
 0.79389711
 0.78997719
 0.79138555
 0.79607287
 0.79731148
 0.78639736
 0.78862495
 0.79473349
 0.78966141
 0.79080196
 0.79428347
 0.79604955
 0.80228342
 0.79680405
 0.80117282
 0.79065946
 0.79011972
 0.78657332
 0.79239239
 0.80277206
 0.81129889
 0.81128725
 0.80149473
 0.80044424
 0.80467249
 0.79983502
 0.80520967
 0.80188937
 0.79758745
 0.80285252
 0.80907351
 0.80700058
  0.8069381
 0.80856074
 0.80747853
 0.80846663
 0.81502054
 0.80952146
 0.80767137
 0.80915812
 0.81434121
   0.815309
 0.81276775
 0.81233133
 0.81390163
 0.81428891
 0.81335217
  0.8094583
 0.81009781
 0.80386698
 0.80280241
 0.80198403
  0.8044781
 0.80808442
 0.80481552
 0.80168541
 0.79984317
 0.80250537
 0.79887343
 0.79852962
 0.79251582
 0.78490427
 0.78642582
 0.78282512
 0.78223762
 0.78563823
 0.78422532
 0.78461656
 0.78438678
 0.78553371
 0.78033852
 0.78147925
 0.77753588
 0.77965296
 0.78142688
  0.7744236
 0.77953816
 0.78211081
 0.79088349
 0.79149251
 0.79928119
 0.79869107
 0.79890133
 0.79711809
 0.79684842
 0.79152195
 0.79348132
 0.79857109
 0.79969578
 0.79509462
  0.7950937
  0.7974097
 0.79569978
 0.78949608
 0.79021518
 0.79031948
 0.79581889
 0.79445954
 0.79837558
 0.79914221
 0.79506209
  0.7924443
 0.78875672
    0.79115
 0.78918268
 0.78932023
 0.79550507
 0.80012973
 0.79542656
 0.80164251
 0.80036398
 0.79704044
  0.7948663
 0.79284465
 0.79279854
 0.79631623
 0.79718048
 0.80297579
 0.79995896
 0.79792227
 0.79654907
 0.79227313
 0.78880768
 0.78878103
 0.78757455
 0.79199704
 0.79438583
 0.79036354
 0.78953377
 0.78986714
 0.79305674
 0.79840737
  0.7996898
 0.79630494
 0.79402928
 0.79820771
 0.79137121
 0.78837621
 0.78968426
 0.78742311
 0.79682373
 0.79714223
 0.80375136
  0.8076764
 0.81067223
 0.81469662
 0.81952139
 0.82041685
 0.82413625
 0.82252365
 0.82477976
 0.81996745
 0.82008478
 0.82147823
 0.81903064
 0.81848361
  0.8161977
  0.8169424
 0.81827786
 0.81696283
 0.81834376
 0.81968789
 0.82073578
 0.81935921
   0.818521
 0.81790074
 0.81720294
 0.81286308
 0.82083472
 0.81528402
 0.81577243
 0.81247207
 0.80925097
 0.81403808
 0.81200832
 0.81387798
 0.81647246
 0.81821632
 0.82276896
 0.82289742
 0.82814457
 0.82143306
 0.82282863
 0.82347527
 0.82078813
 0.82518294
 0.82137449
 0.81647136
 0.81561085
 0.81618597
 0.81201292
 0.81642667
 0.82022182
 0.81917115
 0.81362802
 0.81862881
 0.82605183
 0.82838439
 0.83620813
 0.83737269
 0.84175677
 0.84388708
  0.8445571
  0.8419431
 0.84001659
  0.8362248
 0.83975272
 0.83793935
 0.83776288
 0.83979755
 0.83877287
  0.8388955
 0.83799033
 0.83628546
 0.83925847
 0.84215844
 0.83964678
 0.83672766
 0.83363566
 0.83350536
 0.82388843
 0.82774148
 0.82536782
 0.82901919
 0.83207607
  0.8329026
 0.82918686
 0.82878193
 0.83166948
 0.82718724
  0.8352778
 0.83615446
  0.8371155
  0.8357781
  0.8331453
 0.82782964
 0.82450207
 0.82446665
 0.82547831
 0.82502778
 0.82194441
 0.81497668
 0.82151587
  0.8197794
 0.82599743
 0.83020549
 0.83862342
 0.83970051
 0.84408054
 0.84746183
  0.8467937
 0.84815305
 0.85110321
 0.85631424
 0.85268287
 0.85578914
 0.86103544
 0.86701166
 0.86620602
 0.86071203
 0.85411074
 0.85525853
 0.84192677
 0.84430984
 0.83160042
 0.83547584
  0.8437161
 0.83650585
 0.83953466
 0.84378601
 0.83291727
 0.83973088
 0.84137915
 0.84003909
 0.84018912
 0.84022587
 0.84633123
  0.8513405
 0.84799559
 0.84447006
 0.84649301
  0.8419262
 0.83916843
 0.84463996
 0.84020717
 0.83773056
 0.83767599
   0.839847
 0.84297305
 0.83784042
 0.84159643
 0.84326302
 0.83504352
 0.84620945
 0.84510599
 0.83341174
 0.84000416
 0.83148621
 0.83240505
 0.82739673
 0.83565237
  0.8249896
 0.83027796
   0.831557
  0.8349405
 0.83535027
 0.83907076
 0.84348833
 0.84180488
 0.83760619
 0.83605116
 0.83238534
 0.82197111
 0.81484954
 0.81397353
 0.82308546
 0.80501232
 0.81038728
 0.78852669
 0.80646637
 0.78772682
 0.78941546
 0.77959597
 0.79676629
 0.79649718
 0.79603706
 0.80122387
 0.80704582
 0.78526871
 0.79576251
 0.80383806
 0.80721986
 0.80335306
 0.80949218
 0.81838726
 0.83349472
 0.83083991
 0.83640229
 0.83918407
 0.83029737
  0.8371735
 0.82751123
 0.82707561
 0.82897784
 0.82794051
 0.82801835
 0.82842805
  0.8296743
 0.82805683
 0.83604917
 0.83568453
 0.84811829
 0.84624394
 0.83913707
 0.83841081
 0.83928743
 0.83791331
 0.83316481
 0.83914707
 0.83453384
 0.84311199
  0.8465064
 0.84206224
 0.84462334
 0.84460846
 0.85200543
 0.84936581
 0.84934407
 0.84641421
 0.84145834
 0.84473434
 0.83847094
 0.83793638
  0.8377653
 0.83277844
 0.82606568
 0.83608048
 0.83803211
 0.83009139
  0.8357183
 0.83376275
 0.83050702
 0.84401505
 0.84369169
 0.84700009
 0.84052548
 0.84459285
 0.83467682
 0.84013185
 0.84420136
 0.84720906
 0.84200176
   0.836332
 0.82871528
 0.82613555
 0.82600841
 0.81706715
 0.82276061
 0.82834447
 0.82990752
 0.82466125
 0.83000457
 0.83584229
 0.83884732
 0.83533834
 0.83329147
 0.83028193
 0.83109841
 0.83048918
   0.832063
  0.8397503
 0.83612667
  0.8349736
 0.84033618
 0.83011642
 0.83288344
 0.83320153
   0.830806
   0.829783
 0.82917382
 0.83302067
 0.83773988
 0.83693601
 0.83992441
 0.84178776
  0.8500513
 0.84427779
 0.83944397
 0.83674968
 0.83222956
   0.833996
 0.83191828
 0.83080168
 0.83161427
 0.83155072
 0.83159149
 0.82995818
 0.83177383
  0.8312458
 0.82889052
 0.83080009
  0.8332006
 0.82990392
 0.84359392
 0.84559861
 0.84655252
 0.85066324
  0.8478452
 0.84435241
 0.83893741
 0.83441356
   0.839952
 0.82708695
 0.82015693
  0.8179671
 0.81602091
 0.81469456
 0.81080101
 0.80640092
 0.80331392
 0.80515816
 0.80633947
  0.8172306
 0.81039619
 0.81824263
 0.81335557
 0.81531133
 0.81825443
 0.81935724
 0.81885326
 0.82160672
 0.81772027
 0.81397326
 0.81372302
 0.81869151
  0.8212766
 0.82187014
 0.82159595
 0.82413002
 0.82111244
 0.81498893
 0.81031619
 0.81707814
 0.80369312
 0.80390161
 0.81290489
 0.81153649
 0.81901555
 0.81675407
  0.8173784
 0.81774217
 0.81240285
 0.81063173
 0.81035434
 0.82096387
 0.82088299
 0.82042764
 0.82101915
  0.8215716
 0.82299619
 0.82156529
 0.82418491
 0.82738885
 0.82984986
 0.83316957
 0.82689524
  0.8304693
 0.83331794
 0.82987125
 0.82627457
 0.82930602
 0.83293764
 0.82929818
 0.83302521
 0.83923898
 0.83874387
  0.8379871
 0.83616973
 0.83921457
 0.83839346
  0.8461489
 0.84119491
 0.84079854
 0.83012793
 0.83989683
 0.84272319
 0.83406463
 0.83906671
 0.84185741
 0.84369693
 0.83405668
 0.82937432
 0.83043489
 0.82329535
 0.81851915
 0.81055432
 0.80622985
 0.80445029
 0.80480668
 0.80552274
 0.80756059
 0.80303771
 0.80212711
 0.79960916
 0.79746121
 0.80660234
 0.80829044
 0.81162257
 0.81507712
 0.82235712
 0.81975039
  0.8169944
 0.81650321
 0.81770984
 0.81171657
 0.81588635
 0.81116591
 0.81403797
 0.81392319
 0.80851986
 0.80736082
  0.8122096
 0.81759311
 0.81661696
 0.81582475
 0.81598915
 0.81472897
 0.81353495
 0.80935556
 0.80592073
 0.81115025
 0.80527033
 0.80708696
 0.80609633
 0.80362004
 0.80216159
 0.80234104
 0.81066417
 0.81077891
 0.81861329
 0.81741523
 0.81516681
  0.8118622
 0.81694358
 0.81201079
 0.81270567
 0.81310948
 0.80991778
 0.81018051
 0.81838056
 0.82134975
 0.82700801
 0.82871913
 0.83137657
 0.82998573
 0.82234399
  0.8236844
 0.82041788
 0.81689228
 0.82158613
 0.82320367
  0.8201045
 0.81686679
 0.81848311
 0.81954836
 0.82042264
 0.82007104
 0.82143219
 0.82841677
 0.81946849
 0.82818881
 0.81811731
  0.8183709
 0.82851202
 0.82592427
  0.8336918
 0.84262341
 0.84437143
 0.84291404
 0.84647208
 0.84880503
 0.84684711
 0.83913142
 0.82935394
 0.84558835
 0.85546133
 0.85038811
 0.85221873
 0.85487956
 0.85737094
 0.86084118
 0.85601614
 0.86554499
 0.86134547
 0.85707156
 0.86293231
 0.85851162
  0.8570292
 0.85377582
 0.85007833
 0.85225033
 0.85465978
 0.85318387
 0.84779803
   0.843779
 0.84905995
  0.8505487
 0.85552263
 0.86004025
 0.85883208
 0.85819618
 0.86192247
 0.86209187
 0.86272122
 0.86157027
 0.86216296
 0.86451064
 0.85975872
 0.86139738
 0.85232143
 0.84582099
 0.84778418
 0.85513858
 0.85232539
 0.85957583
 0.87102497
 0.87418588
 0.87518367
 0.86844306
 0.87181221
 0.86514169
 0.86406795
 0.86843514
 0.86698674
   0.864316
 0.86694531
  0.8651785
 0.86466849
 0.87152586
  0.8681471
 0.86914142
 0.86256447
 0.85783884
 0.85696788
  0.8574607
 0.85929822
 0.85678595
 0.85858301
 0.86119171
 0.85854288
 0.85411993
 0.85549236
 0.85553003
 0.85141309
 0.84872447
  0.8466634
 0.84754116
 0.84679015
 0.84290082
 0.83543912
 0.83491976
 0.83691239
 0.83550092
 0.81950968
 0.83967967
 0.84169765
 0.84817064
 0.84590591
   0.841673
 0.84289703
 0.85063057
 0.84857476
 0.84521095
 0.84517765
 0.84542992
 0.84439596
 0.84583707
 0.84760237
 0.85631899
 0.84983955
 0.85162551
 0.84409635
 0.85133516
 0.85222915
 0.85329283
 0.85500755
 0.85372389
 0.85247976
 0.85013929
 0.84628269
 0.83944534
 0.84383772
 0.84847512
 0.84575311
 0.85629751
 0.85618726
  0.8568641
 0.85005233
 0.85310564
 0.85349641
 0.85073461
 0.85749319
 0.85525582
 0.86006709
 0.86334351
 0.86967328
 0.87370966
 0.87574577
 0.87303678
 0.87408855
 0.87248693
 0.87184634
 0.86878713
 0.86875342
 0.86767001
 0.86655055
 0.86169341
 0.86446817
 0.86543435
 0.86079936
 0.86714113
 0.86875971
 0.86903133
 0.87076595
 0.87591316
 0.87691455
 0.87563345
 0.87612391
 0.87064418
 0.87221119
 0.87503901
 0.87829855
  0.8737666
 0.87031953
 0.86893836
 0.87536613
  0.8732576
 0.87594156
 0.87653647
 0.87019914
 0.86028152
  0.8714534
 0.87654018
 0.88404166
  0.8784317
 0.87711036
 0.87486954
 0.87527149
  0.8778578
 0.88064723
 0.87823677
 0.87875581
 0.87983719
 0.88201183
 0.87389727
  0.8775614
  0.8776125
 0.88357199
 0.88141314
 0.87370903
  0.8692459
 0.86866979
 0.86141565
 0.86167907
 0.86613459
 0.87049493
 0.86526867
 0.86837508
 0.87084461
  0.8732095
  0.8763575
 0.87932049
 0.87641165
 0.87951953
 0.87940806
 0.88167844
 0.87829434
  0.8764686
 0.87184752
 0.86734052
 0.86824397
 0.86622092
 0.87240753
 0.86900318
 0.87418278
 0.86690643
 0.87308736
 0.88113839
 0.87340399
 0.87429346
 0.87794971
 0.88388693
 0.88049711
 0.87094247
  0.8719001
 0.88071388
 0.88226042
 0.88554111
 0.88386453
 0.87919831
 0.88076297
 0.88149108
 0.88249805
 0.88249171
 0.87318237
 0.87612614
 0.87516408
  0.8766363
 0.87224221
 0.87328701
 0.86754136
 0.86782895
 0.87282655
 0.87640632
 0.87915708
 0.88977684
 0.88875324
 0.88334815
 0.88524239
  0.8865759
  0.8912285
 0.88544075
 0.88711746
 0.88792342
 0.88747052
 0.87772107
 0.87817204
 0.87903472
 0.88401422
 0.87757396
 0.88428543
 0.88140922
 0.87476744
 0.87522264
 0.88135757
 0.87436189
 0.87333701
 0.86821398
 0.86725347
 0.86700184
 0.87757083
 0.87800541
 0.88256294
 0.88000589
 0.88210641
 0.87748844
 0.87867405
 0.87778084
 0.87650997
 0.87637833
 0.88916012
 0.89498131
   0.901674
 0.90465775
  0.9095256
 0.90926031
 0.90908631
 0.90823598
 0.90108314
 0.90265679
 0.89584067
 0.89924072
  0.9036944
 0.89885693
 0.90152061
 0.88973072
 0.89296403
 0.89404867
 0.89492458
 0.89732069
 0.90346009
 0.90002392
 0.90193436
 0.90829646
 0.90967623
 0.90321629
 0.90241954
  0.8956257
 0.89363182
 0.89122736
 0.88975095
 0.88191256
 0.87639891
 0.87395862
  0.8787298
 0.87529602
 0.86743476
 0.87405868
 0.88157482
 0.87546061
 0.87583949
  0.8752703
 0.87434235
 0.87381262
 0.88624458
 0.88278821
 0.88490936
 0.87863871
 0.89421254
 0.88618828
 0.88799205
 0.88932323
 0.88120052
 0.88610198
 0.89287926
 0.88363671
 0.89115998
 0.90032467
 0.90215669
 0.90502228
 0.90022848
 0.89895453
 0.90248513
 0.90111315
 0.88625379
 0.88353682
 0.86873854
 0.87021487
 0.86370848
 0.86531993
 0.85976615
 0.86241352
 0.87701751
 0.88262107
 0.89412184
 0.88137371
 0.88190783
 0.88306502
 0.88871713
 0.88779923
 0.88086681
 0.88091499
 0.87185712
 0.87527048
 0.87161242
 0.87347249
 0.87752548
 0.88816424
 0.88461867
 0.89275253
 0.90102056
 0.90038785
 0.89252788
 0.89323593
 0.89484402
 0.90444972
 0.90268455
 0.89791979
 0.90025329
 0.90558061
 0.90824968
 0.90831077
 0.90768235
 0.90561858
 0.90668109
 0.91052495
 0.91152064
 0.91289463
 0.91814072
  0.9153529
 0.92038838
 0.91181028
 0.91109841
 0.91043936
 0.90826984
 0.90506585
 0.90712798
 0.90603069
 0.90286953
 0.90309282
  0.9111517
 0.91091649
  0.9112909
 0.90951624
 0.91022095
 0.90228828
 0.89931004
 0.90062045
 0.89771503
 0.90438237
 0.90334346
 0.90686838
 0.90972177
 0.90611699
 0.91116786
 0.91378503
 0.91924349
 0.91990852
   0.927713
 0.91971386
 0.92320507
  0.9178549
 0.91795429
 0.91775283
 0.92036521
  0.9274233
 0.92248963
 0.92513942
  0.9201428
 0.91965576
 0.91755543
 0.91519617
 0.91048292
 0.90635494
 0.90822245
 0.90624735
 0.90367617
 0.90072731
 0.90275174
 0.89855442
 0.89410844
 0.89550892
 0.89996723
 0.89950986
 0.89033011
 0.88937331
 0.89525932
 0.89278165
 0.88855087
 0.88519198
 0.87516375
 0.87476621
  0.8752635
 0.87903202
 0.87539341
 0.87194002
 0.87657582
 0.87193009
 0.87790621
 0.88424029
 0.88209627
 0.88581304
 0.88301937
 0.88836026
  0.8855214
 0.88863764
 0.89077173
 0.88563712
 0.88885522
 0.89528411
 0.89699965
 0.90175627
 0.89018774
 0.88759423
 0.89226805
 0.89070739
 0.89146254
 0.89374177
 0.88882162
 0.88109894
 0.87849779
 0.87804587
   0.885465
 0.88827995
 0.89009442
 0.89727082
 0.89921845
 0.90141711
 0.90417579
 0.90105233
 0.89410183
 0.89410647
 0.88860172
 0.88032277
 0.87944801
  0.8776232
 0.87885991
 0.88385313
 0.89175917
 0.89456445
 0.89768372
 0.89358245
 0.88849464
 0.89491421
 0.89228283
 0.89714082
 0.89992311
 0.90491406
 0.91165822
 0.91483807
 0.91185289
 0.90336238
 0.90330344
 0.90284923
 0.90355393
 0.90591351
 0.90083815
 0.89259748
 0.89532442
 0.89562988
 0.88978718
 0.88099442
 0.88547868
 0.88650994
 0.88394734
 0.88571201
 0.89126731
 0.89602671
 0.89687743
 0.89239842
 0.89103427
 0.88665446
 0.88843809
 0.88432838
 0.88339324
 0.89361847
 0.89375511
 0.88924268
 0.89975411
 0.90158528
 0.91071414
 0.91096661
 0.90898024
 0.89722617
 0.88991433
 0.88909938
 0.88874943
 0.87644827
 0.87350987
 0.87898048
 0.88660337
 0.89103938
 0.89897175
 0.89672573
 0.88762438
 0.88541252
 0.88139703
 0.88444011
 0.87816631
 0.88167405
 0.88198221
 0.88594372
 0.88768501
 0.88520188
 0.89036649
 0.88638638
 0.87999197
 0.88303395
 0.88628262
  0.8808473
 0.88178169
 0.88367917
 0.88424278
 0.88157583
 0.87738084
 0.87801403
 0.88018435
 0.88028902
 0.88294344
 0.88515392
 0.87991233
   0.872581
 0.86641351
 0.86421187
 0.85803657
 0.85774637
 0.85244164
 0.85711606
 0.85256927
 0.85993893
  0.8675872
 0.86420349
 0.84791096
  0.8516073
 0.85231643
 0.85002319
 0.84844765
 0.84619116
  0.8524426
 0.85546396
 0.85489884
 0.85293697
  0.8580691
 0.86813697
 0.87080258
 0.86564033
 0.86336013
 0.86876611
 0.86692999
 0.86766613
 0.86244372
 0.86353751
 0.86004406
 0.86169939
 0.86347128
 0.86896314
 0.87283689
  0.8748792
 0.87652457
 0.87919757
 0.88207004
 0.88256059
 0.88345994
 0.88814441
 0.88616319
  0.8868346
 0.88766005
  0.8865019
 0.88881082
 0.89126435
 0.88834915
 0.88704597
 0.89331041
 0.88185891
 0.88382604
 0.88476663
 0.88948368
 0.89292302
 0.89587527
 0.89513343
 0.89639273
 0.89379908
 0.88964664
 0.88901347
 0.88873612
 0.90013701
 0.90609585
 0.90210612
 0.90148052
 0.89934057
 0.90209373
 0.90057406
 0.89949547
 0.90492681
 0.90781472
 0.90517944
 0.90430217
 0.90289659
 0.89701005
 0.89506932
 0.89680708
 0.90020012
  0.8986893
 0.90230352
 0.90113655
 0.89975495
 0.89879511
 0.89857635
  0.8912534
 0.89052325
 0.89660883
 0.89346003
 0.89825048
 0.89042943
 0.89445412
 0.88470328
 0.87988552
 0.88387735
 0.88421666
 0.88548936
 0.88639208
 0.89226619
 0.89916385
 0.89204304
 0.88920479
 0.89087085
 0.89959988
 0.89906448
 0.88639531
 0.88926847
  0.8889144
 0.89131364
 0.89702281
 0.90132607
 0.90322347
 0.90261085
 0.90341884
 0.90115174
 0.90540244
 0.90522442
 0.90057365
 0.90192579
 0.90544543
   0.911083
 0.90802896
 0.90580487
 0.90573724
 0.91121406
 0.90264219
 0.89868974
 0.89225611
 0.88666554
 0.89200987
 0.89542231
 0.90891945
 0.91283453
 0.91868646
 0.92210133
 0.92322741
 0.91973338
 0.91855876
 0.91967186
 0.92253701
 0.92666141
 0.92705254
 0.92283966
 0.92233742
 0.91832295
 0.92205176
 0.92579819
 0.92046497
 0.91946299
 0.91525739
  0.9177357
 0.90965161
 0.91338963
 0.90998353
 0.90446643
 0.89271039
 0.88011752
 0.88266883
 0.88751437
 0.90412227
 0.91787306
 0.92507812
 0.92875272
 0.93029261
 0.93314291
 0.93165907
 0.92692747
 0.91670679
 0.91233348
  0.9071487
 0.90820949
  0.9100432
 0.91100838
 0.91265886
 0.91093671
 0.90889192
 0.90899976
 0.91335187
 0.91742722
 0.91617894
 0.91175654
  0.9140953
  0.9120475
 0.91252172
 0.91684441
 0.91378074
  0.9098341
 0.90976018
 0.91194951
 0.91836804
 0.91763512
 0.91660998
 0.92156512
 0.91972304
 0.92169413
 0.92077477
  0.9199861
  0.9134436
  0.9164293
 0.92027978
  0.9234438
 0.92917565
 0.92990386
 0.92609872
 0.92003427
  0.9269319
 0.92740106
 0.92607339
 0.92353433
 0.91555724
 0.91984523
 0.92386863
  0.9248432
 0.92452916
 0.92721582
 0.92847898
 0.93122751
 0.93213651
 0.93217151
 0.93762284
  0.9401229
 0.94435594
 0.94244015
  0.9411452
 0.93747419
 0.93653255
 0.94136994
 0.93655375
 0.93563276
 0.93721421
 0.93732963
 0.93460118
 0.93617467
 0.93881823
 0.94167114
 0.94326911
  0.9417372
 0.94475584
 0.94810339
 0.94974687
 0.94623073
 0.94693249
 0.94334002
 0.94335436
 0.94757101
  0.9460311
 0.94654054
 0.94490329
 0.94278659
 0.93807222
 0.93701863
 0.94129155
 0.93849101
 0.93145136
 0.93442866
   0.931644
 0.92254642
 0.91167057
  0.9112042
 0.91940451
 0.91719841
 0.92288341
 0.91961073
 0.91486239
 0.91419835
   0.909534
 0.90751087
 0.90653374
 0.91541097
 0.91852799
 0.91988093
 0.91948089
 0.91687482
 0.91773153
  0.9174367
 0.91219652
 0.90079995
 0.90182773
 0.90447665
 0.90959428
 0.91409039
 0.91434272
  0.9118729
 0.91034999
 0.90797104
  0.9107346
 0.91407143
 0.91187948
 0.90885452
 0.90900879
 0.90257622
 0.89805384
 0.89056031
 0.89535926
 0.90549562
 0.90988838
 0.91767732
 0.92614403
 0.92818829
 0.92155544
 0.91854864
  0.9197487
  0.9186514
 0.91932559
 0.91327972
 0.91590007
 0.91664464
 0.91392641
 0.91443005
 0.91557194
 0.91104549
 0.91408869
 0.90363977
 0.90041244
 0.90165916
 0.89802887
 0.89545052
 0.89610002
 0.90300569
 0.90320803
 0.90473099
 0.90257573
 0.90387653
 0.90221361
 0.90380607
 0.90032124
 0.89963086
 0.89769846
 0.89243843
 0.88739817
 0.88841219
 0.88868767
 0.89406015
 0.89135964
 0.87938373
  0.8801013
  0.8751054
 0.87882103
 0.88532372
 0.89138581
 0.89063772
 0.89985269
 0.90028721
 0.90076095
 0.90996068
 0.91452635
 0.91709273
 0.90405297
 0.89899334
 0.90094674
 0.88909641
 0.88414497
 0.87989838
 0.88365949
 0.88143918
 0.89072616
 0.88795174
 0.88864041
 0.88367789
 0.88797134
 0.89741476
 0.90010784
 0.89550409
 0.89468371
 0.88711583
 0.88589147
  0.8854219
 0.87803812
 0.87635273
  0.8760112
 0.86572773
 0.87752768
 0.88326409
 0.88144104
 0.88470899
 0.88687489
 0.88599643
 0.88529275
 0.88601506
 0.88267274
 0.88285127
 0.88059433
 0.88195549
 0.88017401
 0.87923307
 0.87423768
 0.87340214
 0.87008377
 0.87846364
 0.88167347
 0.88264763
 0.88100782
 0.88730896
 0.87673278
 0.86273939
  0.8685461
 0.86809817
 0.87046434
 0.85893606
 0.85625683
 0.85125697
 0.85694869
 0.85716617
 0.85680436
 0.86951856
 0.86489112
 0.86505179
  0.8627142
 0.86201044
 0.86507968
 0.85092094
 0.85228797
 0.86658894
 0.87555648
 0.87894154
 0.87613247
 0.86252551
 0.85867326
 0.86743793
  0.8714582
 0.88305877
 0.89140738
 0.89923488
  0.9044932
 0.90877342
 0.90401588
 0.90474162
 0.90898859
    0.90474
 0.90939002
 0.91405083
 0.90948227
 0.91000972
 0.91526213
 0.91696046
 0.90491393
  0.9047832
 0.90153268
 0.90927797
 0.90944937
 0.90503838
 0.90455175
 0.89856037
 0.90157185
  0.9067405
 0.89700564
 0.90236538
 0.90398609
 0.90075352
 0.89935896
 0.91044216
 0.90856106
 0.90915492
  0.9114922
 0.91279866
 0.90988682
 0.91459744
 0.91191218
 0.91425927
 0.91168515
 0.91342197
  0.9105797
 0.90687482
 0.90606531
 0.91065136
 0.91103056
 0.90194985
 0.90538613
 0.90561229
 0.90511039
 0.90069183
  0.9064143
  0.9022735
 0.90399803
 0.89684578
 0.89219235
 0.89343283
 0.89812927
 0.90053069
 0.89572745
 0.89323085
 0.89487828
 0.89429118
 0.89977939
 0.90072768
 0.89778817
 0.90340433
 0.89736288
  0.8979934
 0.90035468
 0.91315515
  0.9053104
 0.90016437
 0.90319842
 0.90682322
 0.90609957
 0.91147342
 0.90925221
  0.9056945
 0.90857738
 0.89645164
 0.89015798
 0.89060891
 0.89245818
 0.89255612
 0.89498816
  0.8935027
 0.89291722
 0.89097525
 0.90003741
 0.90099991
 0.89148219
  0.8903537
 0.88717434
 0.89438632
 0.89805379
 0.90127293
 0.91020342
 0.91198721
 0.91264389
 0.90930336
 0.91128784
 0.90567368
 0.90764492
    0.90738
 0.90576667
 0.90123417
 0.90294355
 0.90029465
 0.90514434
 0.91634852
 0.91507842
 0.91382244
 0.90775935
 0.91173488
 0.91714983
 0.91261459
  0.9220247
 0.91605039
 0.91806878
 0.91371439
 0.90895881
 0.90638222
 0.91177123
 0.90153754
 0.90508124
 0.90527577
 0.90722223
 0.90395666
 0.90559228
 0.90595482
 0.91263753
     0.8973
  0.8952757
  0.8892042
 0.87163718
 0.87893798
 0.88193506
 0.87616752
   0.887384
 0.89061531
 0.89643093
 0.89071331
 0.89980777
  0.9055004
 0.89831121
 0.89765088
 0.89262401
  0.8892961
 0.89032802
 0.89635584
  0.8955924
 0.89516763
 0.89557116
 0.89913398
 0.90213353
 0.90434403
 0.90701846
 0.90840781
 0.90495329
 0.91050314
 0.91740621
 0.90555848
  0.8999208
 0.90038143
 0.90703682
 0.91014208
 0.91365941
 0.90907489
 0.90871751
 0.91037602
 0.91773771
 0.91956407
 0.92760786
 0.92616452
 0.92728629
 0.92820918
 0.92305137
 0.92055438
 0.91892914
 0.92634264
 0.93055111
 0.92914373
 0.92299817
    0.91699
 0.92653094
 0.93025173
 0.92938344
 0.91364864
 0.91747588
 0.92652891
 0.92729351
 0.92526073
 0.92652214
 0.92744081
 0.93079777
 0.93564081
 0.93529032
  0.9357344
  0.9336744
 0.93808658
 0.93381032
 0.92447216
 0.92599375
  0.9308343
 0.93194776
 0.93324404
  0.9314562
 0.93158419
 0.93471873
 0.93360129
 0.92168713
 0.91374429
 0.91415792
 0.90990772
 0.91503543
  0.9239834
  0.9257859
 0.91557246
 0.91739539
 0.91336439
 0.90263293
  0.8994301
 0.91064722
 0.91138659
 0.92160813
 0.91000536
  0.9079932
   0.912311
 0.91938065
 0.91784386
 0.91596554
 0.91039109
 0.91301613
 0.92140529
 0.91972072
 0.91589761
 0.91588359
 0.91418501
 0.91799069
 0.92615243
 0.93348032
 0.93248469
 0.92770125
  0.9259697
 0.91780689
 0.92079235
 0.91513725
 0.91975244
 0.91743967
 0.91734839
 0.92289273
 0.91790259
  0.9246758
 0.92094584
 0.91862282
 0.92874543
 0.92671789
 0.92473638
 0.92403512
 0.92414209
 0.92536454
 0.91981602
 0.92630043
  0.9264751
 0.91815354
 0.91627867
 0.91232089
 0.91622725
 0.91283561
 0.91955545
 0.91737754
  0.9157422
 0.90723112
 0.90926777
 0.90420875
 0.90403595
 0.90685663
 0.91557602
 0.91333598
 0.91367373
 0.91605187
  0.9164336
 0.91796188
 0.91845797
 0.91919519
 0.91840763
 0.91697325
 0.91435425
 0.91268093
 0.90697908
 0.90925435
 0.90974314
  0.9096361
 0.90244239
 0.91455035
 0.91060584
 0.91368765
 0.91272573
 0.90582176
 0.90876465
 0.90610851
 0.90839282
 0.90819627
 0.90276565
 0.90135639
 0.90236491
  0.8921984
 0.88851026
 0.87172974
 0.86578841
 0.86683029
 0.86795404
 0.86764852
 0.87351775
 0.87790387
 0.87803242
 0.87028195
 0.86919001
 0.87932846
 0.87494963
 0.87385837
 0.87854736
 0.89135932
  0.8905455
 0.88763716
 0.88617411
 0.89168454
 0.89393174
 0.89835769
 0.89622188
   0.896994
 0.88622616
 0.88470532
 0.88905863
 0.89174385
 0.88788506
 0.89312383
 0.89464482
 0.90202949
 0.89426355
 0.89563541
  0.8942878
 0.89189943
 0.88969711
 0.88995961
 0.89554822
   0.898612
 0.89734665
 0.89685537
 0.89567498
 0.90056318
  0.9008081
 0.89781002
 0.89428727
 0.88154386
 0.87265346
 0.86588463
  0.8566331
 0.85059306
 0.85369047
 0.85225413
 0.85749284
 0.85940242
 0.86762865
 0.87964545
 0.87975865
 0.87204091
 0.87231411
 0.87193128
  0.8718664
 0.87349539
 0.86980018
 0.86854006
 0.87083304
 0.87910696
 0.87023794
 0.86705323
 0.87473328
 0.87477305
 0.87241362
 0.86649012
 0.85576254
 0.86684362
 0.86041453
 0.85436219
 0.85261516
 0.84460651
 0.83070167
 0.82962562
 0.82960284
 0.82905552
 0.83118134
 0.83448334
 0.82680764
 0.83080011
  0.8260994
 0.82801489
  0.8336481
  0.8340393
 0.83834722
 0.83808581
 0.83960906
 0.83037357
 0.82629301
 0.83338122
 0.82810951
  0.8420356
 0.84192211
  0.8419652
 0.83584759
 0.84413694
 0.83416769
 0.83853344
  0.8327951
 0.82829359
 0.83197921
 0.83847974
 0.84577548
 0.85653253
 0.85385955
 0.84954917
 0.84722163
 0.83911339
 0.82443908
 0.82828442
 0.82256318
 0.82426902
 0.82425739
 0.82102896
 0.83251733
 0.82597643
 0.81735484
  0.8291398
 0.84105184
 0.83813835
 0.84204411
 0.84864396
 0.83377848
 0.84536083
 0.85168598
 0.85481215
 0.85394641
  0.8521127
 0.85551611
 0.85469066
 0.83880197
  0.8440254
 0.83562991
 0.82496384
 0.82557169
 0.83225158
 0.82714266
 0.82897425
 0.83015365
 0.83352668
 0.82772715
 0.83136413
 0.82556149
 0.81283487
 0.81540898
 0.81382266
 0.81514173
 0.81205571
 0.82387621
 0.82084693
 0.82202864
 0.82531901
 0.82244847
 0.81985885
 0.82299962
 0.82248943
 0.82343756
 0.81723821
 0.82215177
 0.82048112
 0.82778635
 0.82578213
 0.82845037
  0.8239012
 0.82999301
 0.83508176
 0.82851539
 0.82916388
 0.82098259
 0.81691686
 0.81208226
 0.81291902
 0.81714635
 0.81850292
 0.82282422
 0.81868536
 0.82289268
 0.82191748
 0.82228211
 0.82072701
 0.81749524
 0.81769256
 0.82248697
 0.82454177
 0.82295677
 0.82283372
 0.81500555
 0.81766073
 0.80788484
  0.8024152
 0.80812743
 0.81473376
 0.81741448
 0.81955988
 0.82080088
 0.81301861
 0.81478431
 0.81693218
 0.81955819
 0.81653624
 0.81040796
 0.80348102
 0.80773181
 0.81562568
 0.81021649
 0.80925482
  0.8117929
  0.8109826
 0.81059728
 0.81017556
   0.807303
 0.81076027
 0.81676297
 0.81573316
 0.81861564
 0.82170805
 0.82243025
 0.82707145
 0.83661302
 0.84050245
 0.84530713
 0.84710835
 0.84541087
 0.84583268
 0.84913972
 0.84288629
 0.84028493
 0.84276592
 0.84679657
 0.84178173
 0.84980785
 0.84973462
 0.85398651
 0.85581404
 0.85193777
 0.84398772
 0.84231285
 0.84159494
 0.83466342
  0.8438863
 0.83972481
 0.83456504
 0.83546834
 0.82978312
 0.84945694
 0.84515991
 0.84313818
 0.84332644
 0.83755948
 0.82900654
 0.82903321
 0.82921333
 0.82719891
 0.82298357
 0.82691236
 0.82294495
 0.82857405
 0.82933979
 0.82938077
 0.83090174
 0.82347296
 0.82822672
 0.84396535
 0.83778713
 0.84806474
 0.84865591
 0.85271822
 0.85416544
 0.84919851
  0.8511502
 0.85652931
 0.85305091
 0.85089376
 0.85163706
 0.84808447
 0.84848369
 0.84745595
 0.84781065
 0.85495449
 0.85521168
 0.85805938
 0.85231599
 0.84476004
 0.85039387
 0.85068858
 0.84697563
 0.85208973
 0.84812677
 0.84779894
 0.84801728
 0.84572673
 0.84926828
 0.84798059
 0.84889022
 0.84949873
 0.85034515
 0.85673671
 0.86265575
 0.85565956
  0.8545157
 0.85446324
 0.85297944
 0.85091302
 0.85152408
 0.85329741
 0.85754796
 0.84905004
 0.84555631
 0.84170984
 0.84978174
  0.8551017
 0.85384443
 0.85293674
 0.85282706
 0.86257609
 0.86238454
 0.85732515
 0.85603761
 0.85998711
 0.85852737
  0.8515948
 0.84875528
  0.8624068
 0.86627802
 0.87345826
 0.86471459
 0.86641236
  0.8655023
 0.86290625
 0.87079605
 0.86837269
 0.87073875
 0.86968976
 0.87760588
 0.87406753
 0.87725612
 0.87479281
 0.87263849
 0.87067661
 0.87368621
 0.87697204
 0.87935399
 0.87070264
 0.88022348
 0.87802727
 0.87240601
 0.87021154
 0.86736763
 0.86595802
 0.85416335
 0.86710849
 0.87344634
 0.86563604
  0.8720914
 0.86623379
 0.86599287
 0.86006832
 0.86825873
 0.85905122
 0.85704349
 0.86365831
 0.85980811
 0.85838186
 0.86856299
 0.87113067
  0.8653437
 0.86652155
 0.86964312
 0.85619807
 0.85185237
 0.84425162
 0.85084566
 0.85301527
 0.85263002
 0.85543222
 0.84902506
 0.84137084
 0.84395322
 0.84033328
 0.83993249
 0.83076841
 0.82378962
  0.8199745
 0.82464652
 0.81759985
  0.8191139
  0.8263785
 0.82806329
 0.83150103
 0.83925082
 0.84510867
 0.84552604
 0.85402052
 0.84723108
 0.84259902
 0.83994737
 0.83523547
 0.83222358
  0.8357814
  0.8462615
 0.84801031
 0.84594679
 0.83888055
 0.84288163
 0.84432381
 0.84414863
 0.84359897
  0.8382263
 0.83766283
 0.83980195
 0.84952632
 0.84877607
 0.85110119
 0.84983862
 0.84794528
  0.8484556
 0.84041648
 0.84717472
 0.84560784
 0.84758686
 0.85132075
 0.84876176
 0.85127298
 0.85331883
   0.857773
   0.858674
 0.86316067
 0.86676585
 0.86354066
 0.87003476
 0.87321049
 0.88061502
 0.88348689
   0.874759
 0.87478721
 0.87045168
 0.88389494
 0.89293677
 0.89337504
 0.88650046
 0.88381361
 0.88554647
 0.88788389
 0.88376048
 0.87827188
 0.88044998
 0.88038344
 0.88648093
 0.89352083
 0.89211211
 0.90059262
 0.90473794
 0.90703986
 0.91381806
 0.90784285
 0.89291457
 0.88774582
 0.89630431
 0.89920862
 0.89990426
 0.90096508
 0.90045473
 0.89575236
 0.89057152
 0.89369844
 0.91076254
 0.90728122
 0.90910013
 0.90990072
 0.91652788
 0.91791441
 0.91659482
 0.91554635
 0.91232773
 0.91719104
 0.91719677
 0.91361448
 0.91510612
 0.91423441
 0.91021555
 0.90488947
 0.90244897
 0.90178642
 0.90906193
 0.90807159
 0.91142381
 0.91322455
 0.91764187
 0.91575625
 0.91125285
 0.90662565
 0.90478034
 0.90553699
 0.90321197
 0.90565839
 0.90192327
 0.90070085
 0.90546404
 0.90732131
  0.9038468
 0.90413001
 0.90562811
 0.90325192
 0.89813615
 0.89920167
 0.89270047
 0.89140948
 0.88889023
 0.87778921
  0.8656448
 0.88102476
 0.88144364
 0.88216422
 0.88276058
 0.88178468
 0.88120564
 0.88452053
 0.89004537
 0.89273359
 0.89397977
 0.89723915
 0.89998333
 0.89802907
 0.89904001
 0.90231692
 0.90209382
 0.90329282
  0.9029836
 0.90280433
 0.90582215
 0.91213351
 0.90921097
 0.91280081
 0.90937409
  0.9131311
  0.9086734
 0.90879855
 0.90827625
  0.8997066
 0.90707081
 0.91018677
 0.90787577
 0.91240393
  0.9135611
 0.91546952
 0.91325898
 0.91161293
 0.90735134
 0.90834239
 0.91036461
 0.90985173
 0.91477209
 0.91641787
 0.90969041
 0.90878834
 0.90313225
 0.90500073
 0.91077102
 0.91301527
 0.90065521
 0.90028715
 0.90072387
  0.9018072
 0.89362959
 0.88861538
 0.89275711
 0.88751461
 0.88923273
 0.88379021
 0.88084294
 0.88306354
 0.88004965
 0.87969746
 0.88390359
 0.88481985
  0.8825884
 0.87538054
 0.87298138
 0.88275846
  0.8896737
 0.89220393
 0.90031928
 0.89681142
 0.89863684
 0.89543323
 0.89096676
 0.89373758
 0.89281397
 0.88932233
 0.88063151
 0.88540441
 0.88303694
 0.88840809
 0.88779723
 0.88840367
 0.88778781
  0.8942483
 0.89424796
 0.89932926
 0.90200514
 0.90384926
 0.90219855
 0.89675523
 0.89533971
 0.88565954
 0.88392268
 0.89802539
 0.90061316
 0.89782854
 0.89619427
 0.89724046
 0.89524731
 0.89615202
  0.8976808
 0.88906803
 0.89007457
 0.88505993
  0.8789184
 0.87933882
 0.88151511
 0.88096741
 0.87899298
 0.87220317
 0.87644238
 0.87659118
 0.88211642
  0.8840764
 0.88929864
 0.88740433
 0.88842308
 0.88655385
  0.8891779
 0.89348944
 0.89767037
 0.89438603
 0.89439278
 0.89073019
 0.88711923
 0.87952698
 0.88309148
  0.8779959
  0.8772652
 0.87388301
 0.87032764
 0.87726193
 0.87614262
 0.87816788
 0.87939282
   0.880998
 0.87783135
 0.87073557
 0.87868811
 0.87732116
 0.87148641
 0.87581825
  0.8824364
 0.88325686
 0.88542438
 0.88888839
  0.8949236
 0.88860324
 0.89151663
 0.89317378
 0.88884378
 0.88280169
 0.88472849
 0.88760258
 0.88393863
 0.88097274
 0.88134558
 0.88149885
 0.88467196
 0.88013597
  0.8776946
 0.87368774
   0.874059
 0.86890409
 0.86304238
 0.85113724
 0.84579774
  0.8514631
 0.84220302
 0.84185427
 0.84628663
 0.85258142
  0.8536198
 0.85134533
 0.85315217
 0.84760987
 0.84521674
 0.84682718
 0.85182901
 0.86190381
 0.85837299
 0.85544334
 0.85286396
  0.8564237
 0.84948013
 0.85124348
 0.84586466
 0.85589339
 0.85032962
 0.85032204
 0.84641777
 0.85292567
 0.85536761
 0.85844349
 0.85955826
 0.86251476
 0.86618182
 0.86537344
 0.85783827
 0.84648641
 0.84495432
  0.8474892
 0.84767033
 0.85106118
 0.85486454
 0.85301742
  0.8631306
 0.86228753
 0.85964981
 0.86063126
 0.86132473
 0.85693789
 0.86424371
 0.87062165
 0.87180356
 0.86486509
 0.86690634
   0.870586
 0.86895846
 0.86795979
 0.86423924
 0.86978482
 0.87331226
 0.88074887
 0.88211829
 0.88489249
 0.88846887
 0.88379955
 0.88817686
 0.88512231
 0.88362176
 0.87929877
 0.88385492
 0.87871884
  0.8854702
    0.89165
 0.89700489
  0.9011544
 0.90739727
 0.91174075
 0.91021596
 0.90896742
 0.91691899
 0.91221081
 0.90802344
 0.90315709
 0.89877573
 0.89969557
 0.90150985
 0.91352619
  0.9199791
 0.91858031
 0.92073239
 0.91854176
 0.92383933
 0.92499041
 0.92555647
 0.93151363
 0.92486638
 0.92509893
 0.91607755
 0.92651247
 0.93227678
  0.9349654
 0.93254718
 0.93094136
 0.92025175
 0.90875854
 0.91220242
 0.91645058
 0.91203838
 0.91283148
 0.91272201
 0.91634285
 0.92403691
 0.90962487
  0.9086053
 0.90862286
 0.91108981
 0.90269382
 0.89943422
 0.90329196
 0.90119624
 0.90905844
 0.90682155
 0.90777012
 0.90761784
  0.9090201
 0.90524272
  0.9084605
 0.90383542
 0.90518858
 0.89764132
 0.89973279
 0.90294591
 0.90104396
  0.8990003
 0.90557971
  0.9070054
 0.90306677
 0.90700767
 0.90715283
  0.9082557
 0.91167568
 0.90631317
 0.90219924
  0.8983005
 0.89343676
  0.8973331
 0.89093099
 0.89507003
 0.89449049
 0.89433553
  0.8948595
 0.88790544
 0.89326568
 0.89510083
 0.89641182
 0.89067165
 0.89716884
 0.89454191
 0.89411858
 0.88795598
 0.88873785
 0.88502375
  0.8895083
 0.89689439
   0.900697
 0.90067927
  0.8954612
 0.89354189
 0.89289527
 0.88802569
 0.89188503
 0.89091325
 0.88786504
 0.89157798
 0.88959155
 0.88931042
 0.89738961
 0.89697388
 0.90192913
 0.89904496
 0.89337689
  0.8907929
 0.88945065
 0.88369435
 0.88628702
 0.88838075
 0.88855956
 0.89288438
 0.89601471
 0.89183362
  0.8955539
 0.89792725
 0.89890877
 0.89843958
 0.90048386
 0.89450091
 0.90464464
 0.89959526
  0.9015357
 0.89999583
  0.9034509
 0.90405936
 0.90431438
 0.90551711
 0.90891507
 0.91740106
 0.91656857
 0.91734812
 0.90622735
 0.89980443
 0.88949089
 0.88714674
 0.88932717
 0.88559022
 0.89204058
 0.89672893
 0.89412649
 0.89512989
 0.90301293
 0.90465851
 0.90650785
  0.9069652
 0.91413445
 0.91186055
 0.91264952
 0.91807552
 0.91488887
 0.92007798
 0.91633069
 0.91388362
  0.9051028
 0.91001756
 0.91767378
 0.91360188
 0.90575055
  0.9093974
 0.91201852
 0.90974109
 0.90610885
 0.90077104
 0.90275612
 0.89837325
 0.88989136
 0.90361536
 0.90604864
  0.9137427
 0.91907502
 0.92289944
  0.9211193
 0.92036107
 0.91699301
 0.90684929
 0.90840035
 0.90753505
 0.90924492
 0.90974653
 0.90882673
 0.90833416
 0.91116286
 0.91462733
 0.91638306
 0.91890168
 0.92027141
  0.9224268
 0.91880956
 0.91775446
 0.91131736
 0.90044905
 0.89394812
 0.88783404
 0.89627823
 0.90936858
  0.8986204
 0.90132502
 0.90208319
 0.88624132
  0.9043136
 0.91629222
 0.91676859
 0.91546301
 0.91642167
 0.92018626
 0.92457101
 0.91902424
 0.93091233
 0.93904628
 0.93410061
 0.93172508
 0.93511266
 0.93454127
 0.94107814
 0.93511349
 0.93304084
 0.93182159
 0.92754335
 0.92119027
 0.92444865
 0.92077787
 0.91606112
 0.91730149
 0.92261005
  0.9257911
 0.92750469
 0.92733749
 0.91750026
 0.92333411
 0.92302463
 0.93235724
 0.93046621
 0.93416345
 0.93474347
 0.93893585
  0.9353479
 0.93678699
 0.93033789
  0.9335556
 0.93049754
 0.93160193
 0.93519987
 0.93181593
  0.9260772
 0.92941238
 0.92971876
 0.92447241
 0.92764021
 0.92615908
 0.92305865
 0.91736111
 0.91889305
  0.9224975
 0.92571663
 0.92469136
 0.93064979
 0.92858441
 0.92992317
 0.93104986
 0.92689512
 0.92241441
 0.91813782
 0.92321303
  0.9121252
 0.92275858
  0.9148651
 0.91558073
 0.91688632
 0.91508067
 0.92008257
 0.91669014
 0.90678389
 0.90817181
 0.91097907
 0.91676286
 0.92940403
 0.93451614
 0.93988011
 0.93699155
 0.93335342
  0.9295659
 0.93391511
 0.92603147
 0.91501813
 0.90238767
 0.90357776
 0.90474036
 0.91028695
 0.90956947
 0.91524173
 0.90856187
 0.91374204
 0.92433291
 0.92743869
  0.9258596
 0.92751052
 0.93093175
 0.93150607
 0.92542278
  0.9245194
 0.91663091
 0.90331015
 0.89946283
 0.90686089
 0.89970101
 0.89649572
  0.9056149
  0.9041024
 0.90426206
 0.90632525
 0.91239708
 0.92153985
 0.91888011
 0.92820083
 0.93016106
 0.93254409
 0.92425751
 0.92235972
 0.92429629
 0.92640177
  0.9297291
 0.92857071
 0.93231552
 0.92689751
 0.92492413
 0.92575623
 0.91936162
 0.91759405
 0.91430507
 0.90880322
 0.90742388
 0.91533556
 0.91306036
 0.91256855
 0.91095788
 0.91225027
  0.9136534
  0.9159602
  0.9222891
 0.92854954
 0.92727762
 0.92467276
 0.91222593
 0.91082059
 0.90985736
 0.90826766
 0.90774063
 0.91193701
  0.9134531
 0.91712357
 0.91811228
 0.91045719
 0.90412817
 0.91083623
 0.91176268
 0.91599506
 0.91348468
 0.91990278
  0.9145306
 0.92189919
 0.92229995
 0.92421295
 0.92272902
 0.92438422
  0.9299398
 0.92690138
  0.9209676
 0.92040215
 0.92294325
 0.91920386
 0.91841299
 0.92008388
 0.91900179
 0.91861283
 0.92833338
 0.92155836
 0.92114247
 0.92266145
 0.91594593
 0.91681111
  0.9200427
 0.91425782
 0.91334376
 0.91292571
 0.90925269
 0.89640632
  0.9012134
 0.90909419
 0.90544942
 0.90542845
 0.90471063
 0.90586662
 0.90042105
 0.89992703
  0.9052845
 0.90798193
 0.89981297
 0.89688361
 0.89682371
 0.90176622
  0.9048672
 0.91316023
 0.91266191
 0.91507378
 0.90760358
 0.91043287
 0.91619606
 0.91647384
 0.91706264
 0.91500416
 0.90919036
 0.91002373
 0.90694278
 0.90123154
 0.89701099
 0.88850513
 0.88938191
 0.89395226
 0.89804922
   0.906976
 0.91447519
 0.91600056
 0.91456324
 0.91504143
 0.91175289
 0.91598473
 0.91532447
  0.9107928
 0.91565063
 0.91344562
 0.91743057
  0.9176176
 0.92113376
 0.92780471
 0.92701484
 0.92229994
 0.91305272
 0.91631966
 0.91787344
 0.91333777
 0.91436329
 0.91264862
 0.91070931
 0.91683671
 0.90873339
 0.90989098
 0.90590533
 0.89831407
 0.89400922
 0.90051559
 0.91048382
    0.90514
 0.90467171
 0.90382811
 0.90660985
 0.90393927
 0.89955414
 0.90300758
 0.90674991
 0.90216862
 0.90477011
 0.90224555
 0.89811853
 0.89498108
 0.89109452
 0.89073344
 0.89458234
 0.88302453
 0.88434969
 0.89305911
 0.89706624
  0.8974275
 0.89469678
 0.89482747
 0.88965236
 0.87751973
 0.88302928
 0.87869641
 0.87199408
 0.87284707
 0.86898845
 0.86597905
 0.86903874
 0.87209176
 0.87143164
 0.87450563
 0.87973864
 0.87860153
 0.88725621
  0.8832245
 0.88666692
 0.88132629
 0.87657607
 0.88286966
 0.88812605
 0.88511422
 0.88905202
 0.88941414
 0.88842366
 0.89097733
 0.89285452
 0.89110563
 0.89846489
 0.89305793
  0.8938587
 0.90090806
 0.90161332
 0.90621566
 0.90769498
 0.90614492
 0.90450476
 0.90426316
 0.90215094
 0.90233198
 0.90182273
 0.90154249
 0.89787735
 0.89320833
 0.89343377
 0.88629554
 0.87952858
 0.87521277
 0.87556544
 0.86940568
 0.87342017
 0.87877651
 0.86691469
 0.86849464
 0.87201062
 0.86539968
 0.86363515
 0.86305157
  0.8671661
 0.86362026
 0.86566868
 0.86245077
 0.86666779
 0.86728722
 0.86145669
 0.86783215
 0.87087179
 0.87978174
 0.87888712
 0.88077767
 0.88057447
 0.87781235
 0.88416132
 0.89190211
  0.8939294
 0.90279888
 0.90617396
 0.90480097
 0.90426238
 0.90829441
 0.90420098
 0.89980861
 0.89147009
 0.88287408
 0.87645649
 0.88171848
 0.88450491
 0.88508839
 0.89024481
 0.89607553
 0.89252557
 0.89040037
 0.89322931
 0.88676037
 0.89531532
  0.8970887
 0.90042042
 0.90078047
 0.90529839
 0.89727796
 0.88825506
 0.88396859
 0.88868626
   0.890984
 0.89183177
 0.89290341
 0.89295394
 0.89368083
 0.89147696
 0.89547741
 0.89760897
 0.89673358
   0.897745
 0.89667814
 0.90158663
 0.89669524
 0.88901127
  0.8931008
 0.89647921
 0.89147739
 0.88771497
 0.87548264
 0.86779899
 0.86014189
 0.85406708
 0.85802472
 0.86246188
 0.86603558
 0.86505051
 0.86040247
 0.85859341
 0.86218562
 0.86390911
 0.86457564
 0.87418335
 0.88414194
 0.88456074
 0.88381353
 0.89231974
 0.90342079
 0.90094876
 0.90351798
 0.90984121
 0.90583125
 0.91198121
 0.90622557
 0.90713688
 0.90164835
 0.90767459
 0.90638726
 0.90486273
  0.8978118
 0.89623364
 0.89946223
 0.89666365
  0.9035506
 0.89791234
 0.89543493
 0.90202853
 0.90069455
 0.89881624
 0.89500549
 0.90080474
 0.89925706
 0.90171004
 0.90759603
 0.89819388
 0.90058195
 0.90054222
 0.89589247
 0.89024823
 0.89421614
  0.8925071
 0.89629123
 0.89564951
 0.89814118
 0.89265948
 0.89011613
 0.88398778
 0.88409921
 0.89232407
 0.89629098
 0.89685618
 0.89704382
 0.88681417
 0.89475637
 0.89248107
 0.89265829
 0.88936637
 0.90125123
 0.89865728
 0.90116984
 0.90512325
 0.90320782
 0.90912248
 0.91181003
 0.90846594
 0.90985628
 0.91211787
 0.90195512
 0.90109641
  0.9036039
 0.90649672
 0.90178555
 0.90218381
 0.90226768
  0.9030702
 0.90283689
 0.90243503
  0.9044181
 0.90195837
 0.90475067
 0.90787074
 0.90317141
   0.903697
 0.90482138
 0.90588335
 0.90152045
 0.90251557
 0.89720256
 0.89533171
 0.89472438
 0.89150427
 0.89009445
 0.89870025
  0.8986045
 0.89769215
 0.88826782
 0.89394263
 0.89440456
 0.89288193
 0.89215262
 0.88461841
 0.88703036
  0.8857983
 0.88453578
 0.88283547
 0.88626369
 0.89530395
 0.89289776
 0.89172666
 0.89218205
 0.89257244
 0.88936563
 0.89541778
 0.89112009
 0.89027987
 0.89370643
 0.88492134
  0.8863305
 0.89256087
 0.89716954
 0.89284168
 0.89036807
 0.88333695
 0.89230411
 0.89222785
 0.89032549
 0.88835782
 0.88358518
 0.89192369
 0.88963975
 0.88273283
 0.88138664
 0.87644799
  0.8778805
 0.87395111
 0.87255234
   0.894658
 0.89093554
 0.88960662
 0.89101416
 0.88853742
 0.88773933
 0.88520213
 0.88755034
 0.88707517
  0.8825487
 0.86212567
 0.86528935
  0.8821681
 0.87181019
 0.87416775
 0.89010805
 0.88358196
 0.88229242
   0.871316
 0.87736942
 0.87846208
 0.87308059
  0.8772952
 0.88117376
 0.87925083
  0.8777019
 0.87735965
 0.87401805
 0.87482763
 0.86925837
 0.87644331
 0.88016832
 0.88610698
 0.88708432
 0.88901037
 0.89139879
 0.89137108
  0.8893259
 0.88207569
 0.87852687
 0.87380299
 0.88095494
 0.87515964
 0.88103794
 0.89370984
 0.89143928
 0.89574767
 0.89492409
 0.89926493
 0.89590731
 0.89381889
 0.89647932
 0.89694329
 0.89544478
 0.88879446
  0.8810269
 0.88833816
 0.88781475
 0.89033589
 0.89041204
 0.89399402
 0.88573842
 0.89274294
  0.8942802
 0.89652274
  0.9050681
 0.90749635
 0.90678259
 0.89997223
 0.89608448
 0.90144723
 0.89533771
 0.88807896
 0.87790222
 0.87868275
 0.88237587
 0.88586368
 0.88414976
 0.88446643
  0.8826812
 0.88323135
 0.87827314
 0.88059032
 0.88259741
 0.88360691
 0.88070545
 0.87226744
 0.87729028
 0.88162724
 0.87876273
 0.87242886
  0.8693213
   0.870241
 0.87442527
 0.87043447
 0.88180034
 0.88734342
 0.88458771
 0.88591523
 0.88788023
  0.8876744
  0.8908107
 0.89024488
 0.89608047
 0.89564062
 0.89931181
 0.89903288
 0.89729382
 0.89347025
 0.89409529
  0.9032109
  0.8987918
 0.89644706
 0.89970904
 0.89761345
 0.89695849
 0.89412767
 0.89537652
 0.89445301
 0.89660861
 0.89636002
 0.89448221
 0.89221839
 0.89150916
 0.89258586
 0.88500232
 0.88492651
 0.88353121
 0.88771307
 0.88525041
 0.88781073
 0.89145059
 0.89673461
 0.89947001
 0.90095779
 0.89558757
 0.89092813
 0.89158707
 0.89732413
 0.89885774
  0.8961089
 0.89885816
 0.89780937
 0.89910526
 0.89936185
 0.89931656
 0.89703949
  0.8936572
 0.88662745
 0.88397624
 0.89246966
 0.89635621
 0.89168858
 0.89296295
 0.89250688
 0.89210912
 0.88964226
 0.89243356
 0.89197116
 0.89253465
 0.88489604
 0.88969762
 0.88530518
 0.88714799
 0.88895749
  0.8862989
 0.88752286
 0.88593234
 0.88900224
 0.88945264
 0.88750867
 0.88354138
 0.87089313
 0.87149065
 0.87925868
 0.87769464
 0.88129499
 0.87647403
 0.87111338
 0.86322601
 0.86682426
 0.86164051
 0.85813617
 0.85597145
 0.85682719
 0.86202494
 0.86663617
 0.86195639
 0.86906321
  0.8625314
 0.86407069
 0.86677271
 0.86820169
 0.87043935
 0.86236828
  0.8488152
 0.85199098
 0.85304763
 0.85804624
 0.86339238
 0.85468021
 0.86358103
 0.86719186
 0.86187539
 0.85875611
 0.85451781
  0.8550304
 0.85754381
 0.86043614
 0.85504167
 0.86083241
 0.86327209
 0.86409276
  0.8662539
 0.86153062
 0.85623051
 0.86113584
 0.86250254
 0.86253909
 0.85666378
 0.85944443
  0.8538961
 0.87044588
 0.87311917
 0.87644089
 0.87313851
 0.87333004
 0.87384552
 0.87978444
 0.88313886
 0.89653197
 0.88982283
 0.89044036
 0.88377751
  0.8772374
 0.87851763
 0.88505698
 0.88851064
 0.88135549
 0.87977862
 0.88655732
  0.8840597
 0.87737665
 0.87089201
 0.87409483
 0.87490321
 0.87253943
 0.86855813
 0.87275677
 0.86689676
 0.86078413
 0.87275806
 0.87349003
  0.8731765
 0.86861184
 0.87875448
  0.8731994
 0.87281238
 0.86795728
 0.86158833
 0.86393661
 0.85607461
 0.85930891
 0.85969915
 0.85951514
 0.87012581
 0.87452415
 0.88127712
 0.87954016
 0.87681219
 0.87739425
 0.87763736
 0.87250895
 0.86592348
 0.85578428
  0.8554916
 0.84886397
 0.85268142
 0.85697574
 0.85963001
 0.85650198
 0.85176945
 0.84715208
 0.85406125
 0.85083499
 0.85345125
 0.85163888
 0.84053874
 0.84206241
 0.84359352
 0.84678854
 0.84267045
 0.84579546
 0.85381002
 0.84429631
  0.8424893
 0.84237287
 0.85675747
 0.85974191
 0.87356863
   0.877286
 0.87714618
 0.87819982
 0.87775086
  0.8772717
 0.87219098
   0.872418
  0.8777167
 0.87767286

