0.011576549
0.011700397
0.013154189
0.013682512
0.013946757
0.014001473
0.014065139
0.013971041
0.013851232
0.013855708
0.013964058
 0.01395328
0.014013263
0.013957859
0.014010239
0.013836064
0.013874299
0.013958292
0.013888714
 0.01379878
0.013721412
0.013786148
0.013882899
 0.01396244
0.014237828
0.014750228
0.014896697
0.015407122
0.015250259
0.015459631
0.015821886
0.016617579
0.017491019
0.017724937
0.017603231
0.017894342
0.017336171
0.017498512
0.018104213
0.018246841
0.018585867
0.019025171
0.019799383
0.020872673
0.021315071
0.022069118
0.022419035
0.022459239
0.022762445
0.022461822
0.022402833
0.022867645
0.022745639
0.023212598
0.024044094
0.024000661
0.024406603
0.024707108
0.024777267
0.025012526
0.026068633
0.025709507
0.026142756
 0.02724823
0.027470904
0.028275459
0.028854564
0.029099805
0.029583372
0.031488028
0.032067741
 0.03382064
0.034227288
0.034309839
0.035006595
0.035715089
0.036555467
 0.03712966
0.037269908
0.037093944
0.038208429
0.037718168
0.038473489
0.038149316
0.038953827
0.039479988
0.040061608
0.040643629
0.040300988
0.041669281
0.043963114
0.042760195
0.042028553
0.041472114
0.041855417
0.042721804
0.044410263
0.044360295
0.044331976
 0.04555434
0.045511776
0.046017239
 0.04617658
0.046523595
 0.04657409
0.047453626
0.048751162
0.049036997
0.051185141
0.052119279
0.052561493
0.053445932
0.054755524
0.056729251
0.057485123
0.057483783
0.059184649
0.060717755
0.062596198
0.063055211
0.062754709
0.063200269
0.065044213
 0.06632518
0.065979568
0.066744533
0.066275838
0.068450239
0.068513529
0.069661381
0.071860457
0.072095792
0.074510377
0.076148623
0.078931074
0.081207196
0.081797091
 0.08208637
0.084137954
0.084830043
0.087164236
 0.08962865
0.090511905
0.091512955
0.091318644
 0.09269863
0.090794669
0.091740654
0.091223569
0.091651626
0.090968564
 0.09319812
0.094921675
0.095272257
0.096584362
 0.10048511
 0.10121169
 0.10488578
 0.10444098
 0.10690788
 0.10758412
 0.11024264
 0.11187286
 0.11164051
 0.11135673
 0.11327118
  0.1179132
 0.11798227
 0.12133146
 0.12219915
 0.12524141
 0.12793362
 0.13058015
 0.13272528
   0.133168
  0.1358544
 0.13487341
 0.13703226
 0.13710428
 0.13562615
 0.13805412
  0.1399635
 0.13950409
 0.14215395
 0.14510065
 0.14692008
   0.149639
 0.14856574
 0.14894875
 0.15279724
 0.15305552
 0.15112374
 0.15402789
 0.15461065
 0.15647265
 0.15856389
 0.15931053
 0.15949022
 0.15880329
  0.1578754
 0.16228238
 0.16212021
 0.16150835
 0.16213619
 0.16663066
 0.16405653
  0.1666836
 0.16886786
 0.17028417
 0.17079678
 0.16743306
 0.17298755
 0.17445344
 0.17594762
 0.17928676
 0.17865554
 0.17755232
 0.17808772
  0.1812021
 0.18227852
 0.18236831
 0.18511311
 0.18494523
 0.18924919
 0.18848902
 0.19014777
 0.18915073
 0.18735481
 0.18701706
 0.18361652
 0.18583913
 0.18672671
 0.18974077
 0.19342589
 0.20250019
 0.20565851
 0.20815402
  0.2261875
 0.23610193
 0.24150736
 0.25089129
 0.25527182
 0.25992696
 0.25990922
 0.26385895
 0.26727263
 0.26234192
 0.26445335
 0.26944505
 0.26879574
 0.27249978
 0.27112308
 0.27745656
 0.27874295
 0.27673246
 0.27424721
 0.27593077
 0.28032292
 0.28124864
  0.2797628
 0.28367198
  0.2880431
 0.28843363
 0.29075257
 0.29234048
 0.29366108
 0.29389171
 0.29541805
  0.3005987
 0.30257266
 0.29902173
 0.30252441
 0.29939918
 0.30691306
  0.3110227
 0.31495296
 0.31507046
 0.32251505
 0.33049221
 0.33084741
 0.33701586
 0.33848239
 0.33631591
 0.33467921
 0.33233281
  0.3330076
 0.32937279
 0.33799163
 0.33387955
 0.33173255
 0.33577862
 0.33554734
 0.33668561
 0.33498286
  0.3377162
 0.33518914
 0.33693379
 0.33650044
 0.33136054
 0.33233468
 0.33934701
 0.33971272
 0.33969351
 0.34257733
 0.34691436
 0.35040138
 0.35119066
 0.35548817
 0.36041012
 0.35979004
 0.35861431
 0.36043444
    0.35749
 0.36349246
 0.36794589
 0.36516702
 0.36776579
 0.36667147
 0.36724052
 0.37331901
 0.37372516
 0.37597775
  0.3799202
 0.37703836
 0.37454998
 0.38567385
 0.37949183
 0.37907705
 0.37771264
 0.38439187
 0.37997798
 0.38882629
 0.39427716
 0.39300596
 0.39075337
 0.39155677
 0.39418966
 0.40165382
 0.40759179
 0.40728288
 0.41048778
 0.40721006
 0.40847455
 0.41306997
 0.41318905
  0.4137084
 0.41585103
 0.41745987
 0.42164364
  0.4229338
 0.42237904
 0.42233697
 0.42161294
 0.42738307
  0.4293655
  0.4296633
 0.42875359
 0.43007729
 0.42857334
 0.43185366
 0.43108252
 0.43486589
 0.43578821
  0.4358366
 0.43773127
 0.43578322
 0.43301675
 0.43421734
 0.43238853
 0.42893511
 0.43345056
 0.43154109
 0.43145329
 0.43005158
 0.43020869
 0.43019754
 0.42721903
 0.43113396
 0.43373453
 0.43208258
 0.43220244
  0.4373441
 0.43695075
 0.44275721
 0.44412409
 0.44387775
 0.44044598
  0.4366528
 0.43953821
 0.43944818
 0.43885096
 0.43508085
 0.43268506
 0.43393553
 0.43660292
 0.43275504
 0.43586217
 0.44125915
 0.44158522
 0.45286137
 0.45107433
 0.45000389
  0.4492633
 0.44762568
 0.44580409
 0.44735267
 0.45072335
 0.45526306
 0.45763172
 0.45384768
 0.45569689
 0.45344208
 0.45516137
 0.45377653
 0.45635922
 0.45488466
 0.45190585
 0.46311128
 0.45952923
 0.45908352
 0.45991317
 0.45732442
 0.45751478
 0.45863689
 0.45650566
 0.44730644
 0.45149415
 0.45262394
 0.45676596
  0.4614943
 0.46289722
 0.46246554
 0.46464827
 0.46039495
 0.46508424
 0.46534784
 0.45642823
  0.4602166
 0.46766756
 0.47108674
 0.47155271
 0.46723594
 0.46871567
 0.47144719
 0.46685999
 0.46582339
 0.46372274
 0.45662243
 0.45413472
 0.45676165
 0.45243686
 0.45275222
 0.45470536
 0.45484645
 0.45472282
 0.46160799
  0.4604621
 0.46356917
 0.46226516
 0.46653255
 0.46842332
 0.47144551
 0.47540195
 0.47670004
 0.47763591
 0.47690657
 0.47840493
 0.48432995
 0.48441015
 0.48568211
 0.48443007
 0.48550844
 0.48681835
  0.4905224
 0.49016578
 0.49324984
 0.49699316
 0.50101295
  0.5007456
 0.49875363
 0.49827864
 0.50242205
 0.49941394
 0.50380837
 0.50634482
 0.50461969
 0.50330837
 0.50441992
 0.50100144
 0.50164951
 0.50079201
 0.49764989
 0.49900221
 0.49996377
 0.49786591
 0.49589175
 0.49924049
 0.50342137
 0.50741335
 0.50899538
 0.50848185
 0.51083602
 0.50356859
 0.50575674
 0.50758119
 0.51175854
 0.51583084
 0.51345059
 0.51159466
 0.51258333
 0.51174431
 0.51444599
  0.5104675
 0.51123127
 0.51254281
 0.51238523
 0.51354955
 0.51006104
 0.51416984
 0.51270126
 0.51794108
  0.5170529
 0.51643765
 0.51271581
 0.51385343
 0.52008262
 0.51722957
 0.51738381
 0.51298756
 0.51344308
    0.50925
 0.51008146
 0.50930088
   0.510274
 0.50843649
  0.5144819
 0.51302357
 0.51587606
 0.51220692
  0.5160781
 0.51783805
 0.51821555
 0.51740701
 0.51569688
 0.52063218
  0.5116262
 0.51411453
 0.50924437
   0.509353
 0.51273798
  0.5130658
 0.51029809
 0.50799018
 0.50869348
 0.50757162
 0.50598153
 0.50930475
 0.50745509
  0.5115126
 0.51808575
   0.518565
 0.51918335
 0.52298501
 0.51726629
 0.52051308
 0.52142067
 0.52070155
 0.52225121
 0.52400937
   0.522939
 0.52662258
 0.52592152
 0.52299659
 0.52235952
 0.52058364
 0.52137419
  0.5266101
 0.52805566
  0.5297362
  0.5326129
 0.53831286
 0.52999865
  0.5311957
 0.53414863
 0.52990874
 0.52788149
 0.51803614
 0.52517633
 0.53369195
 0.52958304
 0.53494447
 0.53079732
 0.53312474
 0.53523981
 0.53360685
 0.52376723
 0.52646678
 0.53106964
 0.53536574
 0.53652937
 0.53483652
 0.52857064
 0.53024732
 0.54251556
 0.53806224
 0.53855476
 0.53770876
 0.53384934
 0.53896629
 0.54270239
 0.54276968
 0.55180434
 0.55305303
 0.55382494
 0.55667174
 0.55704425
 0.55566701
 0.55341314
 0.55815239
 0.55822155
 0.55997026
 0.56099298
 0.55687911
 0.56131074
 0.55995225
 0.56164923
 0.56261436
  0.5560527
 0.55655841
 0.55854394
 0.55309694
  0.5535314
 0.54768479
 0.55281529
 0.54878008
 0.54225078
 0.54740573
 0.54900156
 0.54511563
 0.54798043
 0.54701459
  0.5453452
 0.54591046
   0.550255
 0.55558239
 0.54974864
 0.55033381
 0.54968429
 0.55267606
 0.55110507
 0.54670994
 0.54925818
 0.54660313
 0.54566873
 0.55063893
 0.54922542
 0.54547512
 0.55091595
  0.5571459
 0.55536213
  0.5543776
 0.56036514
 0.56069694
 0.56442462
 0.56056199
 0.55673735
 0.55324649
 0.55336975
 0.55450716
 0.55629854
 0.55678535
 0.55620205
 0.55018587
 0.54688412
 0.54202976
 0.54308229
  0.5425867
 0.54649035
 0.54522185
 0.54908282
 0.54457797
 0.53751025
 0.54482875
  0.5447946
 0.54685302
 0.54803737
 0.54740287
 0.55179688
 0.55354762
 0.54720464
 0.55480431
 0.55384043
 0.55326492
 0.55582309
 0.55021968
 0.55158058
 0.55040913
 0.55313845
  0.5478495
 0.55644475
  0.5582524
 0.55881938
 0.56392376
 0.56826759
 0.56864579
 0.56958414
 0.56790019
 0.57434027
 0.57388357
 0.56621729
 0.56530126
 0.56248242
 0.56371409
 0.56465058
 0.56527587
 0.57147912
 0.57643048
 0.57578564
 0.57950286
 0.57465967
 0.56956803
 0.57622138
 0.56920683
 0.56705802
 0.57244058
 0.56980416
  0.5597755
 0.56450491
 0.56509182
 0.56289237
 0.55959793
 0.55914847
 0.55875149
 0.56065783
 0.56245173
 0.56093259
 0.56128707
 0.56606725
 0.56522305
 0.56320167
 0.56077551
 0.55986406
 0.56217143
 0.56411807
 0.56132628
 0.56621534
 0.55824617
 0.55707218
  0.5551056
 0.55965997
 0.56294231
 0.56288192
 0.57149948
 0.57632527
 0.57843214
 0.57734991
 0.57993528
 0.58202351
    0.58489
 0.58792784
 0.59218282
 0.59626673
 0.59861127
 0.59789537
 0.59999814
 0.59780765
 0.59405975
 0.59510234
 0.59016262
 0.59385116
 0.59542115
 0.59826481
  0.5991292
 0.60056963
 0.59595874
 0.59700874
 0.59975043
 0.59222493
  0.5922091
  0.5915977
 0.58800922
 0.59355347
  0.5958246
 0.59397758
 0.59055564
 0.59066281
 0.58804557
 0.58773777
 0.59298332
 0.59451381
 0.59262419
 0.59579085
 0.60038903
 0.60228198
 0.60141523
 0.59744195
 0.60242577
 0.59908492
 0.59840023
 0.59557149
 0.59837025
 0.59718678
 0.59882753
 0.59888129
 0.59076912
 0.59405869
 0.59826103
 0.60478345
 0.60382067
 0.60133399
 0.60055477
 0.60128664
 0.60544163
 0.60661445
 0.60408519
 0.60624072
 0.60352926
 0.60422402
 0.60436387
 0.59953694
 0.59937243
 0.59841601
 0.59503681
  0.5930432
 0.59214992
 0.59668398
  0.5915071
 0.59655072
 0.60090334
  0.5920576
 0.59162257
 0.59222076
 0.59095619
 0.59833347
 0.60352476
 0.60854118
 0.60942036
 0.60816012
  0.6061714
 0.61175833
 0.61450066
 0.61705865
 0.61543511
 0.60949918
 0.61203994
 0.60940114
 0.61375319
 0.61329814
 0.61191766
 0.61281431
 0.60793386
 0.60875291
 0.61135636
 0.61200075
 0.61618841
 0.61765664
 0.62188612
 0.62562551
 0.61946399
 0.61740472
 0.61813557
 0.62288815
  0.6170133
  0.6255351
 0.61919966
 0.63102888
 0.63404784
 0.64126301
 0.64310588
 0.65358757
 0.65017614
 0.65109836
 0.63867956
 0.62633019
 0.62813445
 0.62929459
 0.62247747
 0.62420391
 0.62788931
 0.62966668
 0.62494252
 0.62567874
 0.62501954
 0.62616096
 0.62986912
 0.62562224
 0.62702498
 0.62739554
 0.62361467
 0.62617166
 0.62797395
 0.62749733
 0.63540519
 0.63953632
  0.6246357
 0.62511884
 0.61955818
 0.62989813
 0.61937225
 0.62260389
 0.62251086
  0.6242239
 0.62800418
 0.62509356
 0.63260444
 0.63369468
 0.64478194
 0.63426367
 0.63609738
 0.63094805
 0.63280835
 0.62134842
 0.62400201
 0.62117682
 0.62164811
 0.62951519
 0.62397571
 0.62586359
 0.62456896
 0.62429212
 0.63020707
 0.62990749
 0.63141923
 0.63050116
 0.63073109
 0.62730606
 0.62896634
 0.63520993
 0.63603427
  0.6407083
 0.64306721
 0.64023394
 0.64935187
  0.6489721
 0.65380038
 0.65614644
 0.65705746
 0.66006359
 0.65116322
 0.65630018
 0.65649479
 0.66455424
  0.6733752
 0.66371591
  0.6659383
 0.66714898
  0.6659442
 0.67575376
  0.6778659
 0.67460054
 0.67732644
 0.67846045
 0.67062575
 0.67384015
 0.67894911
  0.6825957
 0.67842676
 0.68273267
 0.68290094
 0.68834421
 0.68837174
 0.68370184
 0.67792896
 0.67180021
 0.67418708
 0.67708035
 0.67853556
 0.68136891
 0.68000932
 0.68876277
 0.68674401
 0.69793312
 0.70215497
 0.70090492
 0.70277003
 0.70118607
 0.69688399
 0.69812466
 0.70215636
 0.70142995
 0.70677467
 0.70756899
 0.69733388
 0.69147667
 0.67966961
 0.68584641
 0.69935211
 0.69140108
 0.69236429
 0.69675822
 0.69985591
 0.70117535
  0.7004149
 0.70605839
 0.70614034
 0.71108927
 0.71100791
 0.70678019
 0.71524355
 0.71552976
 0.71030931
 0.71093756
 0.71423534
 0.71630541
 0.72125336
  0.7241237
 0.73077347
 0.72539234
 0.72635043
 0.73079151
 0.73158295
 0.72840147
 0.72126275
 0.71863591
 0.72154186
 0.72426319
  0.7165121
 0.71158035
 0.70938997
 0.70848497
 0.71770546
 0.71175277
 0.71680656
 0.72291659
 0.71893627
  0.7211794
 0.72180921
 0.72668097
 0.72756831
 0.72784412
 0.73496985
 0.73577454
 0.73374787
 0.73502902
 0.73199544
 0.73273242
 0.73469816
 0.73108927
  0.7312722
  0.7319674
 0.73132394
  0.7339066
 0.73441273
 0.73485813
  0.7385412
 0.73737901
 0.73893467
 0.73654038
 0.73494866
 0.73480693
 0.73683401
 0.73797945
 0.73702825
 0.73688202
 0.73937125
 0.74464024
 0.74347745
 0.74190674
  0.7389033
  0.7379098
 0.73574607
 0.73746564
 0.73464683
 0.73134122
 0.73463838
 0.74048344
 0.73943577
 0.74554291
 0.74633156
 0.74370676
 0.74572959
 0.74680787
 0.74000629
  0.7438907
 0.74014065
 0.74701961
 0.74806997
 0.75010952
 0.74871154
 0.74622019
 0.74713578
 0.74333465
 0.74565187
 0.74235013
 0.74589286
 0.75230613
 0.74984747
 0.74922725
 0.74683154
 0.75005668
 0.74935123
 0.74863156
  0.7482325
 0.75356154
  0.7510864
  0.7541873
 0.75487878
 0.74953671
 0.75300494
 0.75440127
 0.75559777
 0.75611619
 0.75413436
 0.74926823
 0.75262639
 0.74959389
 0.74726987
 0.74141781
 0.74818118
 0.74988771
  0.7527853
 0.74694745
 0.74668177
 0.74903816
 0.74646572
 0.75394302
 0.75109001
 0.74629348
 0.75240623
 0.74674424
 0.75883265
 0.75357491
 0.74551493
 0.74194114
 0.73974842
 0.73577563
 0.74130535
 0.73407115
 0.73579326
 0.72873805
 0.73830788
 0.74051792
 0.73890512
 0.74215499
 0.74552993
 0.74702163
 0.73919425
 0.73731528
 0.73823348
 0.74202237
 0.73464892
 0.74216399
 0.73666302
 0.73055188
 0.73347263
 0.73073413
 0.73355897
 0.73936889
 0.73651916
 0.73615419
 0.73109266
 0.72669699
 0.72703187
  0.7273771
 0.73214646
 0.73834443
 0.74407129
 0.74295982
 0.74166205
 0.73839226
 0.73295375
 0.73837907
 0.75017886
 0.75692773
 0.76244765
 0.75577813
 0.75087248
 0.74335851
 0.74309941
 0.74581726
  0.7503344
 0.75554124
 0.74904905
 0.75290131
 0.75538491
 0.75746718
 0.76255685
  0.7700861
 0.77187003
 0.76151002
 0.75767589
 0.75598129
     0.7664
 0.76901838
  0.7697979
 0.77564486
 0.76527844
 0.76575431
  0.7676012
 0.76232118
  0.7615802
 0.75623432
 0.75714764
 0.74726427
 0.74736314
 0.74952989
 0.75739506
 0.76733684
  0.7635421
 0.76213014
 0.75561791
 0.75940542
 0.75204832
 0.75145066
 0.74994059
 0.74937922
 0.75417989
  0.7532413
 0.76574367
 0.76265498
 0.75782847
 0.76121338
 0.76587138
  0.7669416
  0.7710983
 0.76931808
 0.76853524
 0.76394559
 0.76162612
 0.76461746
 0.76884051
 0.77594159
 0.78605637
 0.78595165
 0.78992748
 0.78718599
 0.79265446
 0.78828812
 0.78454463
 0.79476714
 0.79509923
 0.79864649
 0.80087583
 0.80680231
 0.80201782
 0.79824736
  0.7818302
 0.78285066
  0.7859369
 0.77224675
 0.78233006
 0.78699374
 0.78749527
 0.80034008
 0.80235027
 0.80176374
 0.80136707
 0.79443911
 0.78753524
 0.78082359
 0.78557427
 0.78288041
 0.78747524
 0.78109163
 0.77258916
 0.77650076
 0.78607251
 0.79559852
 0.79176662
 0.79397901
 0.78881699
 0.78553679
 0.78624661
  0.7816628
  0.7853979
 0.77898513
 0.78112071
 0.77463415
 0.77190183
 0.77795671
 0.78060819
 0.79183438
 0.79292437
 0.80180334
 0.79689956
 0.79828276
 0.80619594
 0.80567303
 0.79811408
  0.7864925
 0.79426982
 0.79684842
 0.78717666
 0.77934932
 0.78842208
 0.79346677
 0.79145646
 0.79079244
 0.79405988
 0.79148984
  0.7855988
 0.79288969
 0.78661505
 0.78776256
  0.7828573
 0.77687443
 0.78309968
 0.77684863
 0.77749628
 0.77255211
 0.77245777
 0.76588144
 0.77172382
 0.77457041
 0.77149797
 0.76506706
 0.76378398
 0.78770377
 0.78087947
 0.77963161
 0.76986077
  0.7820776
 0.77846657
 0.78590601
 0.78650884
 0.79020069
 0.79629669
 0.79428102
 0.80890024
 0.81281882
 0.80960219
 0.81272426
 0.81158544
 0.80651814
 0.80822197
 0.80659522
 0.81142796
  0.8108736
 0.81548028
 0.81348034
 0.81611182
 0.81882283
 0.81927335
 0.81807856
 0.80752351
 0.81509441
 0.82167495
  0.8204005
 0.82001651
 0.81453297
 0.81133608
 0.81071789
 0.81074213
 0.80702316
   0.806367
 0.80836826
 0.81076192
 0.80288332
 0.81281331
 0.80740292
 0.80462687
 0.79937107
 0.80001484
 0.79717227
 0.80641427
 0.80434403
  0.8044726
 0.80136325
 0.79776006
 0.80121856
 0.80622959
 0.81111637
 0.80541417
 0.80830651
 0.80772481
 0.80598066
 0.81252773
 0.80574692
 0.80572629
 0.81026455
   0.812001
 0.81289303
 0.81889567
 0.81216906
 0.81344125
   0.813216
 0.81687632
 0.81492536
 0.81383056
 0.81538512
 0.81051195
  0.8120967
 0.81266808
 0.81464379
 0.81802719
 0.81147606
 0.81234777
 0.82223951
 0.81703244
 0.81770703
 0.81429766
 0.81648528
  0.8185415
 0.81382314
 0.81497753
 0.81743216
 0.81285836
 0.80194863
 0.79634611
 0.80498496
  0.8062001
 0.80907823
 0.81124434
 0.81491098
 0.81009627
 0.80983215
 0.80716376
 0.80790931
 0.80694937
 0.80336281
 0.80430607
 0.79690422
 0.79277886
 0.80303168
 0.80527736
 0.79963038
 0.79713494
 0.80532251
 0.79655705
 0.80334267
 0.80512405
 0.80619605
 0.81828315
 0.80718029
 0.80697253
 0.80611006
 0.80749508
  0.7965548
 0.80106724
 0.79579989
 0.78722243
  0.7831129
 0.78793393
 0.78977099
 0.79324789
 0.81017975
 0.80657109
 0.80512356
 0.81330261
 0.79900162
 0.80415016
 0.80472524
 0.81355219
 0.81705569
 0.82068608
 0.81465458
 0.82827066
 0.83608702
 0.83040805
 0.83584381
 0.83472593
 0.83411057
 0.82676503
 0.82957563
 0.82699222
  0.8315807
 0.83111243
 0.82848335
 0.82722736
 0.82938772
 0.82735065
 0.82003801
 0.82525342
 0.82633117
 0.82623797
  0.8222921
 0.81647429
 0.82183321
 0.81777704
 0.81825739
 0.82278058
 0.82561674
 0.81991168
 0.82585887
 0.83009076
 0.83115434
 0.83544218
 0.83679849
 0.83018544
 0.83391396
 0.83152412
 0.81906303
  0.8207473
 0.80475689
 0.80470306
 0.79146554
 0.79296503
 0.79345011
  0.7760784
 0.77759006
 0.77794749
 0.79387761
  0.7926859
 0.79798742
 0.80230691
 0.80280039
 0.79771528
 0.80785352
 0.79868911
 0.79607424
 0.79739315
 0.79510144
 0.79570647
 0.78932902
 0.79358357
 0.78949876
 0.79647567
   0.795365
 0.80056792
 0.80202314
 0.80757717
 0.80683897
 0.80651863
  0.7973159
 0.80499432
 0.80126816
 0.80844711
 0.80437127
  0.8121922
 0.80715705
   0.813085
  0.8054691
 0.80536054
 0.80638858
 0.80352673
 0.79997355
 0.78865501
  0.7909326
 0.79527028
 0.78966687
 0.78984635
 0.78862768
 0.78270601
  0.7844351
 0.79034311
 0.79572937
 0.79927826
 0.80125096
 0.80677905
 0.81606634
 0.81221919
 0.81206273
 0.80852469
 0.80634665
 0.81574275
 0.80746858
 0.80280468
 0.80245461
 0.79871974
 0.80103046
 0.79271916
 0.79338978
 0.79772538
 0.79616149
 0.79627116
 0.79373625
 0.79637689
 0.79414544
 0.78896867
 0.79851824
 0.80106557
 0.80653032
 0.81313337
 0.81586225
  0.8150604
 0.81724393
 0.81370317
 0.81684683
 0.81769748
 0.81592095
 0.81423395
 0.82484495
 0.81379977
 0.81495677
 0.82105906
 0.82149908
  0.8230912
 0.81878299
 0.81561367
 0.81448665
 0.82371281
 0.81858836
 0.81672483
 0.81715017
 0.81407871
 0.80998635
 0.80627869
 0.81038112
 0.81543057
 0.81900706
 0.82381779
 0.82368251
 0.82431783
 0.82599237
 0.83201347
 0.82887893
  0.8280082
 0.83116214
 0.83213683
 0.83211928
 0.83473425
 0.83671889
 0.83308847
 0.82968894
 0.83259401
 0.82946562
 0.83565042
 0.83835956
 0.83233883
 0.82577771
 0.82998594
 0.83421844
 0.82791617
 0.83256772
 0.82764321
 0.83354487
 0.83288179
 0.83322252
 0.82971744
 0.83392471
 0.83223969
  0.8318743
 0.83450393
  0.8293485
 0.83500975
 0.84034845
 0.83385023
 0.83049683
 0.82788669
 0.82847423
 0.83944686
 0.82771129
  0.8244325
 0.82325636
 0.83310407
 0.83478242
 0.83265215
  0.8386485
 0.83822863
 0.83360771
 0.83577443
 0.84059355
 0.83897505
 0.83878047
  0.8369093
 0.83775866
 0.84612535
 0.84807161
 0.85197862
 0.85863497
 0.86172712
 0.85458953
 0.85652618
 0.86402462
  0.8740068
 0.87660782
 0.86635608
 0.86186107
 0.86237176
 0.86247025
 0.87003668
 0.87365011
 0.87267972
 0.86225176
 0.86341963
 0.86179913
 0.85566082
 0.85239621
 0.85641906
 0.86584379
 0.86061878
 0.86231024
 0.86075064
  0.8642112
 0.87020229
 0.87060475
 0.86635475
 0.87029784
 0.87798217
 0.88386121
 0.87725696
 0.86782396
  0.8712883
 0.86862737
 0.87479981
 0.87724126
 0.88490702
  0.8839477
 0.88687708
 0.88669917
 0.89359774
 0.89259973
 0.89792652
  0.8948439
 0.89665349
 0.89700471
 0.88868038
 0.89121089
 0.89464934
 0.89568054
 0.89650795
 0.89494978
 0.89816733
 0.89771188
 0.89774842
 0.89999395
 0.89847726
 0.89947916
 0.89340249
 0.89805187
 0.90029868
 0.90212442
 0.90347486
 0.89519846
 0.89993147
 0.89515752
 0.89532036
 0.89082795
 0.89332153
 0.89682173
 0.89607297
 0.90158098
 0.90602893
 0.90468371
 0.89987845
 0.90124471
 0.89596132
 0.89581072
 0.88777758
 0.88674893
 0.88434407
  0.8866903
 0.88643872
 0.88454246
 0.88481136
 0.89071569
 0.89241313
 0.88564189
 0.88773486
 0.89371271
  0.8974824
 0.89846248
 0.89894424
 0.90364624
 0.90040669
  0.8948458
 0.90046722
  0.8901554
 0.89133849
 0.89200648
 0.89085719
  0.8938305
 0.88425413
 0.88715035
 0.88545676
 0.88278224
  0.8835205
 0.88546111
 0.88287719
 0.88329805
 0.89213109
 0.89430685
 0.89500773
 0.90258066
 0.90649308
 0.91044189
 0.91153001
 0.91154357
 0.90947546
 0.90259316
 0.89912319
 0.90146508
 0.89777331
 0.89583883
  0.8890558
 0.89157219
 0.88981238
 0.89641234
  0.8860651
  0.8847488
 0.88433192
 0.88935109
 0.88615955
 0.88926583
 0.88889806
 0.88696758
 0.88434604
 0.88023907
 0.87408553
 0.87711227
 0.88444845
 0.88492939
 0.87993911
 0.88382927
 0.88231347
 0.88405751
 0.88265448
 0.89067599
 0.89042643
 0.88382628
 0.89012537
 0.89125559
 0.89715159
 0.88643587
 0.87738928
 0.86904804
 0.86718754
  0.8732505
   0.878115
 0.87716796
 0.87100958
 0.86285423
 0.86642407
 0.86122265
 0.86743119
 0.87041256
 0.87362398
 0.86583973
  0.8536515
 0.87111198
 0.86189418
 0.86381998
 0.87075189
 0.87392016
 0.87564271
 0.88447228
  0.8824607
  0.8612902
 0.85557063
  0.8545483
 0.84651598
  0.8415518
 0.84642448
 0.83981471
 0.83316938
 0.82473269
 0.81937782
 0.81578396
 0.81823477
 0.80900749
 0.81864956
 0.82530113
 0.81374001
 0.80221229
 0.79498357
 0.78982573
 0.79169172
  0.8014763
 0.80867559
 0.81046395
 0.80501867
 0.80376125
 0.79966494
 0.78515774
 0.77362111
 0.76994888
 0.76303585
 0.75887029
 0.75435153
 0.76157311
 0.76466558
 0.76703626
 0.77001964
 0.77171595
 0.77789968
 0.77606035
 0.78211614
 0.77974659
  0.7747916
 0.77454616
 0.76867082
 0.77014573
 0.77227175
 0.76578488
 0.76918814
 0.77066654
 0.78097837
 0.78925311
 0.78394896
 0.77599867
 0.77258593
 0.78141253
 0.77619696
  0.7721839
 0.77289997
 0.77422401
 0.77986482
 0.78053505
 0.78788526
 0.78668769
 0.78581727
 0.78668098
 0.78483497
 0.77900066
 0.77143333
 0.77314429
 0.77284593
 0.78296189
 0.77874956
 0.78419418
 0.78772763
 0.78021451
 0.78266349
  0.7832028
 0.78908118
 0.78685231
 0.78421034
  0.7863153
 0.77679493
 0.77749105
 0.78591327
 0.78670551
 0.79262636
 0.79057634
 0.79038041
 0.78693783
 0.79173206
 0.79296886
 0.79344458
 0.79421056
 0.79185208
 0.79465348
 0.79029943
 0.78626431
 0.78099859
  0.7782901
 0.78135842
  0.7846845
 0.78478008
 0.78628051
 0.78201522
 0.79065567
 0.78914961
 0.78453415
 0.79057233
 0.79353705
 0.79374369
 0.80015799
 0.79836645
 0.79762161
 0.79955632
  0.7932899
 0.79528791
 0.79104265
 0.79569495
 0.79067583
  0.7942006
 0.78755579
 0.78770422
 0.79539172
 0.79430507
 0.78818392
 0.78921763
 0.79617457
 0.79443909
  0.7880841
 0.78822027
 0.78404731
 0.79459409
 0.79634727
 0.79644402
  0.8024508
 0.80805651
 0.81310822
 0.81697166
 0.82277666
 0.82056965
 0.82948212
 0.83087987
 0.82519326
 0.83092188
 0.82882905
 0.83106024
 0.82104217
 0.82281137
 0.82174581
 0.81143502
 0.81264306
  0.8084207
 0.80372448
 0.81650232
  0.8241841
 0.82647816
 0.82308288
 0.82462741
     0.8284
 0.82046444
 0.82073564
 0.82429077
 0.82604545
 0.81235769
 0.81935519
 0.81888463
 0.81828308
 0.81334652
 0.81661093
 0.81935036
 0.81460751
 0.81561218
 0.81265379
 0.81204208
 0.80878793
 0.80362184
   0.814057
 0.81410465
 0.80995883
 0.80702964
 0.80623987
 0.80954241
 0.81191305
 0.80837979
 0.80719625
 0.80852015
   0.809921
 0.80315219
 0.79798639
 0.79994821
 0.79697401
 0.79212754
 0.77943496
 0.77788288
 0.78051844
  0.7787611
 0.77342558
 0.77940941
 0.79220964
  0.7826393
 0.77817591
 0.77376404
 0.76829497
 0.76619097
  0.7621578
 0.75948456
  0.7666626
 0.76033387
 0.77053679
  0.7733029
 0.77727404
 0.77663207
  0.7795997
 0.77609561
 0.77146588
 0.76468171
 0.77124103
 0.77546791
 0.77389284
 0.78433569
  0.7830248
 0.78175405
  0.7791702
 0.78103541
 0.77408294
 0.77817527
 0.78052622
 0.77979436
 0.78107729
 0.78360876
 0.78301439
 0.78367925
 0.78978819
 0.79465925
 0.79472203
 0.79396201
 0.79563981
 0.78331104
  0.7869584
  0.7826193
 0.78598831
 0.79409451
 0.79554053
 0.78888708
 0.78791006
 0.79201743
 0.79746556
 0.80069226
 0.79781106
 0.79978939
 0.80000358
 0.80407785
 0.79748771
 0.80084439
 0.80292808
 0.81248213
 0.80809565
 0.80561376
 0.80792586
 0.80201239
 0.79778531
 0.79570345
 0.80078963
 0.79619704
 0.79307502
 0.80066187
 0.80313835
 0.80529342
 0.80686801
 0.80505131
 0.80979947
 0.81065922
 0.80871451
 0.80763844
 0.80379614
 0.80153247
 0.80060508
 0.80075493
 0.79760795
 0.79033447
 0.79470462
 0.79730462
 0.80028434
 0.80309122
 0.80127625
 0.79895006
 0.80449336
 0.80442534
 0.80510079
 0.81419077
  0.8112609
 0.81632882
  0.8129874
 0.81221937
 0.81836974
 0.81881783
 0.81405528
 0.81121324
  0.8065956
 0.80815918
 0.80150866
 0.80594786
 0.80400291
 0.80502315
 0.80488031
   0.800479
 0.79529659
 0.79385711
 0.79572947
 0.78774167
 0.78587489
 0.78339436
 0.77643095
  0.7745073
 0.76594936
  0.7676015
 0.76861389
 0.76823987
 0.75971465
 0.77026275
 0.76473645
 0.76725982
 0.76412221
 0.77302547
  0.7804335
 0.77712467
 0.77307138
  0.7738782
 0.77586787
 0.78070245
 0.77894698
 0.78448183
 0.79003564
 0.78971459
  0.7871126
 0.79620716
 0.79724651
 0.79174062
 0.79622031
 0.77926721
 0.79381799
 0.78318897
 0.78006539
 0.78378303
 0.77841379
 0.77522243
 0.77073127
 0.76946253
 0.78438585
 0.76829631
 0.77022124
 0.77187441
 0.77178878
 0.77861751
 0.76739348
 0.78341733
 0.77051227
 0.77892839
  0.7860623
 0.79392247
 0.79949472
 0.79994153
 0.79331507
 0.79170274
 0.79371947
 0.78842287
 0.77689397
 0.77799362
 0.77611801
 0.76234013
 0.75501064
 0.75597495
  0.7636561
 0.76002269
 0.76790942
 0.77104187
 0.77433404
 0.76969984
 0.77433355
 0.78148447
 0.77688422
 0.77096524
 0.76182842
  0.7667337
  0.7658663
 0.77089379
 0.76933527
 0.78086735
 0.77878511
 0.77094473
 0.78378027
 0.79017349
 0.78836059
 0.78945193
 0.78913156
 0.78397514
 0.78788455
 0.79945656
 0.78880642
 0.77804441
 0.78546248
  0.7881812
  0.7734593
 0.77455286
  0.7720374
 0.77532512
 0.77270917
 0.77498031
 0.77872287
 0.77321158
 0.78926771
 0.78241441
 0.77974603
 0.77333829
 0.77045248
 0.77910754
 0.78910557
 0.79937145
 0.80143866
 0.79477277
  0.7871895
 0.78360415
 0.77806252
 0.77649232
 0.77205604
 0.77502919
  0.7740991
 0.76917336
 0.77016208
 0.76761275
  0.7711394
 0.76287249
 0.76947043
 0.76812799
 0.76220045
 0.76380114
 0.77207022
 0.77502589
 0.77152308
 0.76733977
 0.75983507
  0.7749722
 0.77963431
 0.77580117
 0.77625928
 0.76880099
 0.76932989
 0.77468685
 0.77144254
 0.77155499
  0.7690763
 0.76775887
 0.77006879
 0.77133167
 0.76330179
 0.76632094
 0.75954435
 0.76103427
 0.76797114
 0.76512228
 0.76137734
 0.76079664
 0.75648597
 0.76589262
 0.76632873
 0.76560585
 0.76503758
 0.77496354
 0.76535255
 0.76127154
 0.75295126
 0.75620635
 0.75674038
 0.75957006
 0.75466301
 0.76106897
 0.76597261
 0.75803427
   0.756411
 0.75761077
 0.75557338
  0.7592907
 0.74036817
 0.74588979
 0.74525346
 0.74137254
 0.74245028
 0.75522748
  0.7453029
 0.74651047
 0.74292978
 0.74216959
 0.74923572
 0.74934807
  0.7459303
 0.74699412
 0.75204924
 0.75325155
 0.75079676
 0.75547285
 0.75685492
 0.75931339
 0.76689915
 0.77065226
 0.76896653
 0.76388818
 0.77077526
 0.76973568
 0.76881496
  0.7796981
 0.77761186
 0.77916416
 0.77076228
 0.77691887
 0.77437659
 0.77744728
 0.76926283
 0.76517403
 0.76990811
 0.77876866
 0.77876592
 0.78618231
 0.78102052
 0.78581359
 0.78686216
 0.78219386
 0.78617481
 0.79517116
  0.7922674
 0.79499858
 0.78943444
 0.78958344
 0.78670868
 0.79127663
 0.79377981
 0.78776254
 0.78335313
 0.77136587
 0.77722452
 0.78035976
 0.78420544
 0.78229031
 0.78430172
 0.79305584
 0.79276447
 0.79041304
  0.7870968
 0.78866621
 0.78229587
 0.78156801
 0.78317197
 0.78997204
 0.79351599
 0.79738206
 0.79628534
 0.79133354
 0.78928295
 0.79126655
 0.79592166
 0.78952436
 0.79289081
 0.78787042
   0.789776
 0.78705172
 0.78270594
 0.78201914
 0.79333703
 0.79322534
 0.79553904
 0.79543201
  0.7963508
 0.80253322
 0.80460961
 0.80408593
 0.80100265
 0.80110674
 0.80031984
 0.79626505
 0.79805323
 0.79856769
 0.79784815
 0.80074874
 0.79669554
 0.79408602
 0.79212459
 0.79467484
 0.80175571
 0.80959652
 0.80538148
 0.80375379
 0.80257022
 0.80179107
 0.79089472
 0.79880859
 0.80587624
 0.81170935
 0.81299054
  0.8146508
 0.80675036
 0.80934805
 0.80866792
  0.8159469
 0.81899231
 0.81911658
 0.81962217
 0.82281665
 0.82738044
 0.82430149
 0.82702185
 0.82486397
 0.82932874
 0.82023483
 0.81938996
 0.82364399
 0.82068207
 0.82103105
 0.82091311
 0.82200226
 0.81972337
 0.81823609
 0.81731005
 0.81446688
 0.81501133
 0.81684402
  0.8196689
 0.82003302
 0.81041702
 0.80751536
 0.81412498
 0.80946055
 0.81688167
 0.82943256
 0.82590276
 0.82477224
 0.81855329
 0.81859315
  0.8160515
 0.81624301
 0.82147676
 0.81919909
 0.82558754
 0.82254225
 0.81790384
 0.81568237
 0.81497998
 0.81299767
 0.81268779
 0.80976644
 0.81107006
 0.81198905
 0.81263422
  0.8072047
 0.80536064
 0.79591726
 0.79322029
 0.80192854
 0.80649464
 0.81179662
 0.81029313
  0.8080828
 0.80570939
 0.81233095
 0.81351781
 0.81749771
 0.81780079
 0.82283259
 0.81059244
 0.80918655
 0.81027348
 0.80598445
 0.81055029
 0.80949887
 0.81285043
 0.81133811
 0.81056918
 0.81209791
 0.81668133
 0.80728384
  0.8048136
 0.80220742
 0.80161834
 0.80158572
 0.79489833
 0.79829524
 0.79820695
 0.80041141
 0.80219749
 0.80378071
 0.79988579
 0.79871519
 0.80421888
 0.80821331
 0.80559867
 0.79831433
 0.79565258
  0.7965725
 0.80349632
 0.80182774
 0.80341089
 0.81227796
 0.81088924
 0.80819348
 0.81096944
  0.8074214
 0.80518884
 0.80554149
 0.80248548
   0.805426
  0.8144524
 0.81559817
 0.81286862
 0.81094423
 0.81316035
 0.81180608
 0.81963684
 0.82383003
 0.82178771
 0.82247049
 0.81998365
 0.82366489
 0.82131424
 0.82271146
 0.82272968
 0.82221175
 0.82818788
 0.82506976
    0.82438
 0.82276097
 0.81817716
 0.81271836
 0.81433218
 0.80508978
 0.81220079
 0.81787265
 0.81462354
 0.81557827
 0.81891327
 0.81663888
  0.8188769
 0.81386277
 0.80548339
 0.80646618
 0.80647103
 0.80971402
 0.80627594
 0.80393152
 0.80141049
 0.78802174
 0.79772915
 0.80241053
 0.80528796
 0.80907206
 0.81345259
 0.81363487
 0.81610476
   0.815674
 0.81428674
 0.81278727
 0.81471749
 0.81410195
 0.81349149
 0.81098573
 0.80205591
 0.79823187
 0.80314412
 0.80395112
 0.80774955
  0.8117311
 0.81603442
 0.81712072
 0.81861329
 0.81982269
 0.82199983
 0.81652022
 0.81597508
 0.81594039
 0.81776246
 0.81952951
 0.81727641
 0.81510524
 0.81338529
 0.81218659
 0.81492884
 0.81514057
 0.81407054
 0.80718855
 0.80638136
 0.80408404
 0.80377219
  0.8062954
 0.80493095
 0.80774341
 0.80803264
 0.80731871
 0.80740151
 0.80550978
 0.80855619
 0.80541677
 0.80661157
 0.81057974
 0.81184463
 0.81740033
  0.8163571
 0.81312842
 0.81844201
 0.80803785
 0.80208765
 0.80215525
 0.80900618
  0.8078169
 0.81238762
 0.81817342
 0.81311783
 0.81311325
 0.81756488
 0.80581444
 0.81027112
 0.81187539
 0.80780135
 0.81115664
 0.81175632
 0.82347894
 0.82217325
 0.82009747
 0.82021458
 0.82178639
 0.82200078
  0.8201892
 0.82780277
 0.83132993
 0.83165551
 0.82994054
 0.83116003
 0.83430492
 0.83134329
 0.83251467
 0.83310476
 0.82966898
 0.83010231
 0.82965562
  0.8220295
 0.81717419
 0.81578885
 0.81978846
 0.82328275
 0.82025458
 0.81887353
 0.81871775
  0.8230404
 0.82184923
  0.8119041
 0.81310851
  0.8130025
 0.82333992
 0.82638761
 0.82691348
  0.8190373
 0.81474013
 0.81684977
 0.81957011
 0.81943144
 0.80997864
 0.81105909
 0.80775258
 0.80039233
 0.80807825
 0.81223898
 0.81710484
 0.81377002
  0.8123225
 0.81004158
 0.80868196
 0.80727975
 0.80438909
  0.8064238
 0.80986159
 0.81060491
 0.81775127
 0.81371039
 0.81018245
 0.81726845
 0.81518309
 0.81571669
 0.81123231
 0.81049998
 0.80768824
 0.81359084
 0.81060136
 0.81719857
 0.82090037
 0.82356282
 0.82563674
 0.82967022
 0.82765919
 0.82685481
  0.8201347
 0.81917434
 0.82284737
 0.82371468
 0.81951392
 0.82668235
 0.82451537
 0.82671054
 0.82662504
 0.82749137
 0.83735523
 0.83904998
 0.84344348
 0.84274853
 0.84401756
 0.84506603
  0.8411244
  0.8345166
 0.83677604
 0.83709926
 0.83685933
 0.84449554
 0.84165442
 0.83796124
 0.84126639
 0.84904516
 0.85099118
 0.85243316
 0.84871812
 0.84970974
 0.84689513
 0.83840267
  0.8426854
 0.83777515
   0.837809
 0.83874496
 0.85166414
 0.85566168
 0.85828256
 0.85777303
 0.85770163
 0.85076452
  0.8452942
 0.84384208
 0.84576734
 0.84648033
 0.84456712
 0.84272941
 0.84871014
 0.84468031
 0.84514526
 0.84804217
 0.84897447
  0.8526185
 0.85106081
 0.85382059
 0.85524478
 0.85316222
 0.85217511
 0.84486922
 0.84240737
 0.84250367
 0.84094636
 0.84023433
  0.8430225
 0.84456408
 0.84685559
 0.83813699
 0.84042768
 0.84366962
 0.84258493
 0.83508264
 0.83708031
  0.8425204
 0.84759742
  0.8384404
  0.8409596
 0.84765148
 0.85299992
 0.85160409
 0.85020283
 0.84947014
 0.84888527
 0.84121963
 0.84129205
 0.84606293
 0.84083487
 0.84435096
 0.84412712
 0.83750942
 0.83255557
 0.83008317
 0.82634331
 0.82741197
 0.83285702
 0.83481701
 0.83358841
  0.8458049
 0.84110408
 0.84477358
 0.84312507
 0.84169499
 0.83880687
  0.8431373
 0.84441094
 0.84830275
  0.8310382
 0.83669616
  0.8386401
 0.84202949
 0.84067746
 0.83646044
 0.83043012
 0.83318497
 0.84203216
 0.84547783
 0.83972595
 0.84154874
 0.84113031
 0.84380832
  0.8457087
 0.84341562
 0.83556953
 0.83478709
 0.83253145
 0.83054055
 0.83317336
 0.83658232
 0.83423205
 0.84109672
 0.84051021
 0.83952064
 0.83533483
 0.84089961
 0.83891654
 0.84604266
 0.84228037
  0.8468308
 0.84479026
 0.84098473
 0.84227143
 0.84413731
 0.84665601
 0.84582246
 0.85312307
 0.85109652
 0.84537934
 0.85268775
 0.85182251
 0.85047155
  0.8469163
 0.84791431
 0.84951737
 0.85207595
 0.84415202
 0.83947205
 0.84362999
 0.83784316
 0.83457736
 0.84220405
 0.84683449
 0.84397291
 0.83936249
 0.84010242
 0.84153075
 0.84152747
 0.83375949
 0.83652783
 0.84332399
 0.84471946
 0.84914981
 0.84995389
 0.85216595
 0.84415876
 0.84513452
 0.84233941
 0.84461755
 0.85024914
 0.85444681
 0.85480632
 0.84984118
 0.84498401
  0.8439173
  0.8446322
  0.8364085
 0.83687999
  0.8293671
 0.83265653
 0.82167854
 0.81511492
 0.81449953
 0.81695029
 0.82021203
 0.81382533
 0.81952461
 0.82782205
 0.82679554
 0.82784757
 0.82791065
 0.83195797
 0.82776039
 0.83210477
 0.83668105
 0.83407764
  0.8289938
 0.83270007
 0.83542688
 0.83286883
 0.82363507
 0.82681834
 0.83122887
 0.83101819
  0.8261007
 0.81942783
 0.81074935
 0.81167806
 0.81416905
 0.81595337
 0.81294253
 0.81822134
  0.8164279
 0.81625034
 0.81369417
 0.80715516
 0.80250709
 0.81035336
 0.81281889
 0.82241675
 0.82106925
 0.82409018
 0.82987393
 0.82086954
  0.8251113
 0.82289401
 0.82519417
 0.81901637
 0.81593486
 0.81176788
 0.80772702
 0.81140547
 0.81508538
 0.81465843
  0.8158873
 0.82302695
 0.82944401
 0.83023301
 0.83278788
 0.83155606
  0.8238451
 0.82394697
 0.82828942
 0.83155589
 0.83864761
 0.83737917
 0.83534678
 0.83964775
  0.8369561
 0.83906994
 0.83861712
 0.83826761
 0.84032054
 0.84311379
 0.84028803
 0.85110677
 0.84917136
  0.8529778
   0.852285
 0.84750988
 0.84403388
 0.84740343
  0.8438051
   0.844228
 0.84867524
  0.8541527
 0.85468663
 0.85898856
 0.85641571
 0.85751082
 0.85571895
 0.85362955
 0.84219132
 0.84413984
   0.842258
 0.84786428
 0.84524108
 0.84133545
 0.84003698
  0.8373524
 0.83728497
 0.83146022
 0.83484299
 0.83470083
 0.83380354
  0.8405292
 0.84202152
 0.84155574
  0.8410231
 0.84441219
 0.84003395
   0.844218
 0.83580777
 0.83470358
  0.8369288
 0.83826207
 0.83704221
 0.83669083
 0.83861786
 0.85154944
 0.85438214
 0.86205589
  0.8641382
 0.86442711
 0.86964176
 0.87727536
 0.87493055
  0.8686647
 0.87200398
 0.88306548
  0.8846075
 0.88815263
 0.88729854
 0.88342587
 0.88053074
 0.87991359
 0.87985188
 0.87805648
 0.87979494
 0.87786822
 0.88051169
  0.8763049
 0.87058236
 0.86734338
 0.85928542
 0.87336218
 0.87583316
 0.87167416
 0.87876587
  0.8775783
 0.87675363
 0.87244091
 0.87218612
  0.8740483
 0.87666591
 0.87817343
 0.87341083
 0.87324357
 0.86547678
 0.86369277
 0.86731034
 0.86444627
 0.87050403
 0.86712321
 0.87784887
 0.88245458
 0.87762078
  0.8833784
 0.88218295
 0.87624091
 0.87296912
 0.87010507
 0.87238478
 0.87153594
 0.87728626
 0.87836351
 0.88087993
 0.88458651
  0.8865865
 0.88610214
 0.87864678
 0.87584167
 0.87383037
 0.88551596
 0.88075682
 0.88125808
 0.88991571
 0.89097796
 0.88928179
 0.88447254
 0.88396908
 0.88702136
 0.88634997
 0.88506513
 0.88618027
 0.88036544
 0.88817851
 0.88889095
 0.88972981
 0.89025915
 0.88424011
 0.88218082
 0.88254703
 0.88010395
 0.87464882
 0.87436254
 0.87250785
 0.87332998
 0.87398572
 0.87462411
  0.8734112
 0.85987425
 0.86492953
 0.86209544
 0.84959252
 0.84747121
  0.8446859
 0.84126217
 0.84178152
 0.84629898
 0.84354621
 0.83786455
 0.83860364
 0.83839255
 0.84462863
 0.84392492
 0.85708181
 0.85775324
 0.84899159
 0.84150572
 0.84282281
 0.85293717
 0.85414385
  0.8536598
 0.84702582
  0.8483697
 0.84433338
 0.84799297
 0.83617054
 0.84737816
 0.83846961
 0.84563348
 0.85478383
 0.85349625
 0.85878697
 0.85900335
 0.86483102
 0.86026855
 0.86321873
 0.86054551
 0.85760128
 0.85553324
 0.85602872
 0.84739214
  0.8417723
 0.83935958
 0.84086348
 0.83974604
   0.836229
 0.83146081
 0.83224956
 0.83003906
 0.83563336
 0.83480949
 0.84595785
  0.8502645
  0.8492925
 0.84932353
 0.84469957
 0.84610362
  0.8436592
 0.84002165
 0.83168438
 0.83263935
 0.82449266
 0.83941258
 0.85470961
  0.8547024
 0.86135004
 0.85941213
 0.84936008
  0.8566817
  0.8571931
 0.85423948
  0.8526376
 0.85154964
 0.84882884
 0.85128703
 0.85403015
 0.84944147
 0.84336957
 0.84749192
 0.84736796
 0.84759162
 0.84255735
 0.84017874
 0.84574047
 0.84981955
 0.84685256
  0.8511843
 0.85002385
 0.84249993
 0.85030363
 0.84411136
 0.84552149
 0.84149753
 0.83798112
 0.83534673
 0.83060382
 0.83792356
 0.84559164
 0.83486609
  0.8277018
 0.83347757
 0.83498268
  0.8349796
 0.83198491
 0.83083796
 0.83140885
 0.82807477
 0.82896013
  0.8259259
 0.82641692
 0.82875195
 0.82369199
 0.82252516
 0.82390407
 0.81972471
 0.82097972
 0.81733203
 0.81933605
 0.81668267
 0.81770021
 0.81988415
 0.81127339
 0.80758725
 0.81151694
 0.81235591
 0.81611909
 0.82264876
 0.81943573
 0.82060877
  0.8206596
 0.82191451
  0.8218838
 0.82286155
 0.82280511
 0.82491047
 0.82079865
 0.81689737
 0.81672732
 0.82467052
 0.82172995
 0.81720868
 0.82532908
 0.83368002
 0.82887481
 0.82370816
  0.8300249
 0.82862061
 0.82833341
 0.81837976
  0.8200243
 0.81778159
 0.81631854
 0.80801389
 0.80581945
 0.79642468
 0.80716137
 0.80372569
  0.8249918
 0.81138726
 0.81449293
 0.82144326
 0.81071826
 0.81201891
 0.81312704
 0.81371884
 0.82486147
 0.82766878
 0.83067966
 0.83568967
 0.83406405
 0.83083647
 0.83186592
   0.836546
 0.83611604
 0.82802946
 0.83105415
 0.82374351
 0.83260869
 0.82896588
 0.82780013
 0.82082313
   0.821413
 0.82094265
 0.81538111
 0.81195147
  0.8211816
 0.82349949
  0.8340353
 0.82862445
 0.83284297
 0.83158909
 0.83831176
 0.84026918
 0.84019676
 0.84217913
 0.83855591
 0.83991755
 0.83940119
 0.83909803
 0.83711134
 0.84197122
  0.8407333
 0.83653802
 0.83333648
 0.83375911
 0.83665292
 0.83581981
 0.84047596
 0.83310936
 0.83744442
   0.829502
 0.82924522
 0.82612842
  0.8267561
 0.83616889
 0.83889083
 0.84308971
 0.84196959
 0.84020215
 0.83620238
 0.83303766
 0.82993921
 0.83475816
 0.83618125
 0.83999759
 0.84165238
 0.84217967
 0.83674406
 0.84023373
 0.83733944
 0.83855137
 0.82802021
 0.83225064
   0.824993
 0.83269994
 0.83427154
 0.83161107
 0.82922674
 0.82135743
 0.82704819
 0.82316408
 0.82567433
 0.82768311
 0.83202959
 0.83264521
 0.84099179
  0.8458902
 0.84859462
 0.84643756
 0.84369638
 0.84074971
 0.84794176
 0.85709536
 0.85905739
 0.85930242
 0.85507614
 0.85995118
 0.85557637
 0.85567089
 0.85359753
 0.85525419
 0.85267033
 0.86035383
 0.85164773
 0.86045894
 0.86526833
 0.86693418
  0.8606794
  0.8628106
 0.87006251
 0.87104798
 0.87457527
 0.86092313
 0.85819496
 0.85876238
 0.85793514
 0.85292699
 0.85430867
 0.86259971
 0.85706282
 0.86623705
 0.86263505
 0.86264862
 0.86105335
 0.86059407
  0.8583108
  0.8624243
 0.86017078
 0.86336067
  0.8638875
 0.86870614
 0.86467585
  0.8578458
 0.86255761
 0.87106803
 0.87040916
 0.87071336
   0.868352
 0.87203684
 0.86222666
 0.85706252
 0.84788739
 0.83397575
 0.83964638
 0.84012549
 0.84536489
 0.85586247
 0.84712352
 0.85925179
 0.85236487
 0.85333004
 0.86188097
 0.86441998
 0.86382887
 0.87005937
 0.85922454
 0.85442082
 0.84866204
 0.84066612
 0.82608449
 0.82008355
 0.81297479
 0.80469694
 0.78660956
 0.80705787
 0.80281672
 0.81225005
  0.8086896
  0.8058143
 0.79969512
 0.80097487
   0.802121
 0.79693759
 0.79573392
 0.79088765
 0.79087714
 0.78523391
 0.77200186
 0.77278118
 0.77867657
 0.77112757
  0.7672874
 0.76378883
 0.77081958
 0.77252802
  0.7706756
 0.77371755
 0.77462604
 0.77251234
 0.77156258
 0.78732774
 0.79350971
 0.79493325
 0.80072285
  0.7973143
 0.79416933
 0.79228953
 0.79272148
 0.80001362
 0.80325192
 0.80008328
 0.79920191
 0.79996121
 0.79673919
 0.79555718
 0.79416619
 0.79784329
 0.79843222
 0.79931311
 0.79721319
 0.80038502
 0.80022271
 0.79424603
 0.80151016
 0.80389068
 0.79791222
 0.80128415
  0.8001984
 0.80397302
 0.80206719
 0.80323963
  0.8032701
  0.8073604
 0.80364252
 0.80644473
 0.80537545
 0.80435369
  0.8031528
 0.80169397
 0.80352105
 0.80183661
 0.80508985
 0.80306612
 0.80327626
 0.80378585
 0.80583877
 0.80927437
 0.80657958
 0.80609254
 0.80649583
  0.8034762
 0.79824505
 0.80432099
 0.79793261
 0.79253322
 0.79212874
 0.78773083
 0.79163598
 0.78559019
  0.7841735
 0.79027092
 0.78847628
 0.78917448
 0.79356863
 0.78976287
 0.79060636
 0.79299967
  0.7800126
  0.7784353
 0.78340544
 0.78038754
 0.78929675
 0.78844033
 0.78851765
 0.78416796
 0.78413593
 0.78553563
 0.79180467
 0.78820854
 0.79244841
 0.79289202
 0.78980696
 0.78891224
  0.7869594
 0.79632011
 0.79067247
 0.79833497
 0.79306269
 0.79256016
 0.78780245
 0.79493869
 0.79226144
 0.79156276
 0.79453526
 0.79539383
 0.79068289
 0.78572939
 0.79360932
 0.78941102
 0.78897322
  0.7886906
 0.78620642
 0.78898014
 0.79416924
 0.78683262
  0.7922928
  0.7997505
 0.80474689
 0.80259237
 0.80501131
 0.80702272
 0.80358356
 0.81825765
 0.82127164
 0.82509267
 0.82352571
 0.82231854
 0.82638404
 0.82153689
 0.82506676
 0.82372205
 0.82115561
 0.81787013
 0.81750415
 0.81734079
 0.81344577
 0.81490973
 0.81862254
 0.81160914
 0.80498525
 0.80523653
 0.81330695
 0.80729965
 0.80600959
 0.80907409
 0.81385675
 0.81608279
 0.81644902
 0.82051271
 0.81259588
 0.81943537
 0.81521165
 0.81544103
 0.81230335
 0.81312019
 0.80774569
 0.80719674
 0.79969169
 0.80005995
  0.7991059
 0.80813216
 0.80391709
 0.80650482
 0.80735566
  0.8004013
 0.80419911
 0.80109902
 0.79002322
 0.79702283
 0.80374891
 0.79838075
 0.79386832
 0.79860842
 0.80486853
 0.80250716
 0.81049865
 0.80919958
 0.82555103
 0.81643359
 0.82044654
 0.82147925
 0.82048474
  0.8216635
 0.82173835
 0.82480374
 0.82051174
 0.81036582
 0.81388928
 0.81242228
 0.81271787
 0.81360969
 0.80838056
 0.80955714
 0.80929596
 0.80862878
 0.80590212
 0.80300252
 0.79789666
 0.80740275
 0.80793386
 0.80887773
 0.80848848
 0.80721651
 0.80726047
 0.81420179
 0.81399583
  0.8118663
 0.80597843
  0.8014662
  0.8033668
 0.79674203
 0.79083358
 0.79513065
 0.80061489
 0.79182276
  0.7806699
 0.77708653
 0.78387132
 0.78476698
 0.78143237
 0.77807463
 0.77936076
 0.77600843
  0.7846939
 0.78566485
 0.78989893
 0.78276898
 0.78892564
 0.78964665
 0.79044218
 0.78696624
  0.7952137
 0.79591939
 0.79341918
 0.79968754
 0.79894877
 0.79685645
 0.79431127
 0.79541519
 0.78591255
 0.77584997
 0.78008764
 0.77479173
 0.77561739
 0.77386759
 0.78021132
  0.7851139
 0.78041652
  0.7878128
 0.78645067
 0.78961081
 0.78815132
 0.78583447
 0.78541211
 0.78838719
 0.79142197
 0.79934371
 0.79528859
 0.79419267
 0.79032559
 0.78062402
 0.77430033
 0.77785832
 0.78144056
 0.79274284
 0.78716014
   0.783252
 0.78847887
 0.78763671
 0.79178113
  0.7946332
 0.77303291
 0.77812678
 0.78130873
 0.77456804
 0.77768153
 0.78301346
 0.78323647
 0.77834435
 0.79446718
 0.78341091
 0.79536096
 0.78214736
 0.79639505
 0.79841302
 0.79652674
 0.80026517
 0.78868227
 0.79188988
  0.7908987
 0.78231596
 0.79781472
 0.79025597
 0.78435219
 0.78612291
 0.78313602
 0.76689048
 0.77097427
 0.76539413
 0.77668239
 0.77445059
 0.77722039
 0.76140657
 0.76119428
 0.75638098
 0.75777707
 0.76146942
  0.7631972
 0.76524725
 0.76890103
 0.77035298
  0.7609908
 0.76182789
 0.76105022
 0.76248032
 0.75997631
 0.74867654
 0.75492847
 0.75175249
 0.75240303
  0.7548587
 0.75341042
 0.76228065
 0.76070559
 0.75136991
 0.76175463
 0.76372954
 0.76596581
 0.76420285
 0.76502846
 0.76880921
  0.7593786
 0.76021326
 0.75457968
 0.75340715
 0.76061893
 0.76280773
 0.76466452
  0.7589142
 0.76072549
 0.77062696
 0.77316931
 0.76404242
 0.76524079
 0.76405791
 0.76409344
 0.78159462
 0.78178251
 0.77912877
  0.7838469
 0.78608077
 0.78859693
   0.789612
 0.78889389
 0.78999052
 0.79581372
  0.7921091
 0.78644748
 0.79148123
 0.79395543
 0.77955694
 0.78715618
 0.78133317
 0.78750016
 0.78141711
 0.78996609
 0.78521068
 0.78998703
 0.78913797
 0.79198535
 0.79230787
 0.78502756
 0.78678554
 0.78270619
 0.78697746
 0.77857319
 0.78180434
  0.7722866
 0.77493002
 0.79173733
 0.77730966
 0.78151892
 0.78396907
 0.79462522
 0.79639377
 0.80196004
 0.80399684
 0.80830338
 0.80191239
  0.7978373
 0.80052577
 0.79820041
 0.80525894
 0.79512732
 0.80581994
 0.79906235
 0.79894557
 0.80773156
 0.81497042
 0.81133316
 0.81125859
 0.81284758
  0.8163914
 0.81861166
   0.821417
 0.82139178
 0.81824012
  0.8129134
 0.81395196
 0.81702279
 0.81946902
  0.8151198
 0.81613726
 0.81994379
  0.8175722
 0.81447894
 0.81491787
 0.81502549
 0.81817809
  0.8141672
 0.81557155
 0.80583182
 0.80926531
  0.8059931
 0.81694641
 0.80963739
 0.80653763
 0.80618262
 0.81318606
 0.81236073
 0.81381715
 0.81990082
 0.80703706
 0.81307522
 0.80701407
 0.80700179
 0.81357107
 0.81536818
  0.8238734
 0.82104033
 0.81727722
 0.82896397
 0.81886327
 0.80298179
 0.81362104
 0.80851731
 0.80782859
 0.80560503
 0.80979381
 0.80736326
 0.81200776
 0.82625961
 0.81195903
 0.82251831
 0.81321828
 0.81752625
 0.82197655
 0.82805956
 0.82788225
 0.82196873
  0.8205121
 0.82260373
 0.82394549
 0.82291058
 0.82246247
 0.82013869
 0.82757307
 0.83388963
  0.8214359
 0.81664362
 0.81761344
 0.81489865
 0.82438889
 0.82069235
 0.82242864
 0.82507786
 0.81663111
 0.81759496
 0.81694425
 0.81999435
 0.82050677
 0.82830431
 0.83072899
 0.82891516
 0.82871542
 0.82115157
 0.82905739
 0.82724972
  0.8298482
 0.82993053
 0.83119178
 0.82764273
 0.82662154
 0.81993456
 0.81253269
 0.81720887
 0.82060809
 0.82182421
 0.82260137
 0.82300722
 0.82680464
 0.82747098
 0.82646125
 0.82521032
 0.82366684
 0.82307249
 0.81741945
 0.81669907
 0.81885112
 0.81774683
  0.8192988
 0.81496205
 0.81678286
 0.82028535
 0.81930826
  0.8183197
 0.81798031
  0.8156245
 0.81019923
 0.81672429
 0.81809279
 0.82015813
 0.82404792
 0.82482324
 0.81929058
 0.81740774
 0.81943727
 0.82389864
 0.82816278
 0.83136619
 0.83589658
 0.83218992
 0.82889943
 0.82723313
 0.82280524
 0.81887378
 0.82588022
  0.8306191
  0.8274194
 0.83183088
 0.82967193
 0.83942136
 0.83144984
 0.83212316
 0.83040222
 0.83931721
 0.83685448
 0.83426109
 0.83383375
 0.83734181
 0.83198128
 0.83219048
 0.83299325
 0.83561036
 0.83833449
 0.83900187
   0.843324
 0.84005907
 0.83920289
 0.83965276
 0.84056546
 0.84390491
 0.84200297
 0.84672699
 0.84915206
 0.85058705
  0.8499155
 0.84752939
 0.84681168
 0.84019676
  0.8450638
 0.84949379
 0.84887743
 0.84961195
 0.85266735
 0.85324846
 0.85542799
 0.85626299
 0.85663657
 0.85383746
 0.85010561
 0.84587857
 0.84417044
 0.85037787
 0.85423087
   0.856666
 0.85234223
 0.84941935
 0.84737247
 0.84647781
 0.84990176
 0.85211559
 0.85185603
 0.85060053
 0.85397115
 0.85536346
  0.8572805
 0.85572518
 0.85619046
 0.85699613
 0.85066814
 0.85106565
 0.85586907
 0.85436072
 0.85338088
 0.85340782
 0.86554082
 0.86588326
 0.86454238
 0.86419728
 0.86185307
 0.86363192
 0.86198591
 0.86107425
 0.86880751
 0.86624524
 0.86793486
 0.86476594
 0.86319017
 0.86047903
 0.86940105
 0.86700047
 0.86366842
 0.86490541
   0.863977
 0.86703009
  0.8613199
 0.85382095
 0.85965987
 0.86135232
 0.85469163
  0.8619016
 0.86286045
 0.85679841
 0.85825108
 0.85448413
 0.85967934
 0.85656121
  0.8608143
 0.85978247
 0.86215721
 0.86643558
 0.86157542
 0.85619792
 0.85572145
 0.85557511
 0.85426913
 0.85860473
 0.86033122
 0.86261849
 0.86537774
 0.86982057
 0.87190942
 0.87641062
 0.87278448
  0.8735948
 0.87262272
 0.87766045
 0.87592515
 0.87817847
 0.86902834
 0.87040118
 0.87850869
 0.88024722
 0.87860873
 0.88583397
  0.8850605
 0.87082227
 0.87785953
 0.87800046
 0.87293707
 0.87919373
 0.88310015
 0.87942793
 0.88662719
 0.88301563
 0.87846684
 0.88429025
 0.88417987
 0.88071929
 0.87911661
 0.87843628
 0.88398828
 0.88829061
 0.88555659
 0.88612352
   0.880753
 0.88023477
 0.87498538
 0.88417404
 0.88139049
 0.87970871
 0.88054446
 0.87453102
 0.87170011
 0.86422709
 0.86096674
 0.86816567
 0.86786368
 0.87421861
 0.86518057
  0.8574481
 0.85275764
 0.84950664
 0.85653136
 0.86113701
 0.85659065
 0.85796274
 0.85779222
 0.85957038
 0.85312901
 0.85845629
 0.85186594
 0.84696398
 0.84701908
  0.8444372
 0.84529572
 0.83719338
  0.8364814
  0.8363357
 0.82870943
 0.83628748
 0.84610067
 0.83878724
 0.83769099
 0.84605913
 0.84079151
 0.84004808
 0.84249411
 0.84555433
 0.83861935
 0.83755282
 0.84192957
 0.84233905
 0.84843455
 0.84907525
  0.8572467
  0.8540967
 0.85176876
 0.85374099
 0.85321842
 0.85159315
 0.84884072
  0.8470453
 0.83705084
 0.83657725
 0.82909919
 0.83168154
 0.83230979
  0.8288814
 0.82756948
 0.82768675
 0.82762153
 0.84096676
 0.83511964
  0.8356079
  0.8447915
 0.83183262
 0.83285707
 0.83298576
 0.82858916
 0.83751422
 0.84600098
 0.84202984
 0.84194311
 0.84970594
 0.84238832
 0.84424577
 0.83697209
  0.8337026
 0.83933651
 0.83360911
 0.83131264
 0.83638252
 0.84318405
 0.84341056
 0.85334907
 0.85609112
 0.84876336
 0.84650879
  0.8411864
 0.84382295
  0.8409077
  0.8439766
 0.83982763
 0.83751123
 0.85659752
 0.84684285
 0.83992799
 0.84503873
 0.84427607
 0.84066134
 0.85059122
 0.86143044
 0.86720187
 0.86603507
 0.86845976
 0.86444599
 0.87025743
 0.86954126
 0.87463255
 0.87335708
 0.87135919
 0.86378519
  0.8604137
 0.86444361
 0.86660394
  0.8679739
 0.86725492
 0.86752995
 0.87145464
 0.86617592
 0.86204922
 0.85127728
 0.85338223
 0.84794904
 0.84975012
 0.85327494
 0.84951742
 0.83775245
 0.83699051
 0.84216222
 0.85329522
  0.8654432
 0.86483264
 0.87050374
 0.86798712
 0.86873464
 0.87289249
 0.86885049
 0.86333805
 0.86546726
 0.86154631
 0.86500029
 0.85768551
 0.85931814
  0.8486026
 0.85316028
 0.85052214
 0.85369081
 0.85171169
 0.85034022
 0.84837225
 0.85112534
  0.8497635
 0.85226195
 0.84730161
 0.85226461
 0.84892545
 0.85430486
 0.85448784
 0.85129117
 0.85036588
 0.84891599
 0.85078675
 0.84978597
 0.85032107
 0.84436778
 0.85389593
 0.85135811
 0.85301589
 0.84741636
 0.84929571
  0.8547422
 0.85858917
 0.85995819
 0.86053061
  0.8634355
 0.86675499
 0.86361872
 0.86198207
 0.86715967
 0.85419328
  0.8581869
 0.86086023
 0.85984878
 0.86290343
 0.86064501
 0.86022579
  0.8615881
 0.86089606
 0.86141418
  0.8576616
 0.86491306
 0.86727782
 0.86686904
 0.86630188
 0.86255445
 0.86389613
 0.85971529
 0.85691691
 0.85822994
  0.8500405
 0.85593256
 0.85430803
 0.85225866
 0.85147133
 0.84977409
 0.84773905
 0.84762942
 0.85377151
 0.85749528
 0.85531062
 0.85547778
 0.84540606
 0.83828567
 0.82749531
 0.82640706
 0.82536112
 0.82478905
 0.82799775
 0.82592035
 0.82242766
 0.83274693
 0.85297125
 0.85549547
  0.8577331
 0.86203445
 0.86741956
 0.86858753
 0.86623978
 0.86777495
 0.87358048
 0.87908098
 0.88093325
 0.87617636
 0.87421957
 0.86450545
 0.86276577
 0.86223763
 0.85923349
 0.86306568
 0.86167484
 0.85849275
 0.85794309
 0.85164217
  0.8493159
  0.8466631
 0.84661504
 0.85135171
   0.849512
 0.85268736
 0.86180676
 0.86943809
 0.87254183
 0.86923283
  0.8707837
 0.87167055
 0.87137691
 0.87707243
 0.86748065
 0.86889489
 0.86589775
 0.86895384
 0.86610743
 0.86824761
 0.87510618
 0.86783648
 0.86910434
 0.86963199
 0.85804019
 0.85468056
 0.84179524
 0.85523965
 0.86418223
 0.86095348
 0.86095768
 0.85634902
  0.8665928
 0.86020096
 0.86805185
 0.86940286
 0.87158408
 0.87123366
  0.8663985
 0.86407394
 0.86018016
 0.85922533
 0.86256072
 0.85760414
  0.8637453
 0.86548191
 0.86146021
 0.86535593
 0.85855742
 0.85946333
 0.85596517
 0.85266856
 0.84818984
 0.84965648
 0.84551574
 0.84274968
 0.84278005
 0.84152859
 0.84874025
 0.84625447
 0.84554206
 0.84058152
 0.83527807
 0.83557819
  0.8425102
 0.84423723
 0.84357973
 0.83839734
 0.84384715
 0.84694809
 0.85143502
 0.85525422
 0.85629534
 0.86216791
 0.85830674
 0.85479229
 0.85881112
 0.85800238
 0.85482265
 0.85327112
 0.85605305
 0.86230931
  0.8604859
 0.85449678
 0.85185059
 0.85388013
 0.85975742
 0.86094961
 0.86606908
 0.86261295
 0.86444427
 0.86824961
 0.86780725
 0.86743816
 0.86676512
 0.86693581
 0.86626117
 0.86388481
 0.86018318
 0.86211408
 0.85749196
 0.85085842
 0.84753753
  0.8513883
 0.84435152
 0.84535081
 0.84350288
 0.85090744
 0.85268163
 0.85504685
 0.86120974
 0.86080087
 0.85296377
 0.85134008
 0.85350615
 0.84971847
 0.85425027
 0.85464595
 0.85129985
   0.849016
 0.84809389
  0.8465558
 0.84728838
 0.84539083
  0.8520671
 0.85479755
 0.85437712
 0.84706813
  0.8448018
  0.8404538
 0.84586778
 0.84118314
 0.83818525
 0.83389508
 0.83616197
 0.84393609
 0.84207934
 0.84630443
 0.84861012
 0.85143863
 0.84712653
 0.84375225
 0.84330708
 0.84875747
 0.84937225
 0.84929541
 0.85454994
 0.84880409
 0.84545879
 0.84226331
 0.84417246
 0.84004977
 0.83426743
 0.83449245
 0.84270629
 0.84402452
  0.8473191
 0.84809702
 0.84583923
 0.84691747
 0.84762569
 0.84670306
 0.84723365
 0.85119033
  0.8500094
 0.85918389
  0.8555206
 0.85310531
 0.84942137
  0.8477037
 0.85293018
 0.84678524
 0.85110865
 0.84918158
 0.85584955
 0.85520686
 0.85991884
 0.86462632
 0.86522317
 0.86606565
 0.86806491
 0.86016059
 0.86424251
 0.86002552
 0.86826122
 0.86741484
 0.86937547
 0.86637412
 0.87627188
 0.87547134
 0.87135788
 0.87478321
 0.87179929
 0.86639417
 0.87116136
 0.87173183
 0.86983272
  0.8686931
  0.8670769
 0.86669014
 0.86669102
  0.8730313
 0.87588547
 0.87969889
 0.87467417
 0.88439024
 0.88697319
  0.8880466
 0.88344641
 0.88292915
 0.88193291
 0.88193179
 0.87809345
 0.88299484
 0.88524081
  0.8862879
 0.88612603
 0.88421148
 0.86952958
 0.85902948
 0.86065783
 0.85691789
 0.84894519
 0.85751228
 0.85311234
 0.85332976
 0.85711899
 0.85945277
 0.85780858
 0.85709963
 0.85453882
 0.85697819
 0.85258318
  0.8525677
 0.84883579
 0.85362832
 0.85376166
 0.85940947
  0.8565313
 0.85191043
 0.85345596
 0.85808213
  0.8567025
 0.85615507
 0.85493922
 0.85571949
 0.84331146
 0.85436834
  0.8486953
 0.85140115
 0.85359802
 0.84971025
 0.84918772
   0.847975
 0.85747864
 0.85948623
 0.87205017
 0.87572411
 0.87788006
 0.87321244
 0.86632279
 0.86474815
 0.86069105
 0.86162269
 0.87188612
 0.87496291
 0.87481989
 0.86584876
 0.86298177
 0.87308986
 0.86718595
 0.86319651
 0.86315955
 0.85477075
 0.85564621
 0.85008601
 0.85669767
 0.86417931
 0.86002771
 0.86954859
 0.86880303
 0.85829207
 0.85905076
 0.86251312
 0.84371346
 0.85657366
 0.87058228
 0.85730823
 0.86529751
 0.87180553
 0.88211601
 0.87679189
 0.88103969
 0.87659473
 0.87089609
 0.86225338
 0.86847912
 0.87371231
  0.8710845
 0.85977719
 0.86528433
 0.86339135
 0.86725098
 0.85701581
 0.85204275
 0.85339114
  0.8490348
 0.85415764
 0.85127251
 0.85919663
 0.85834469
 0.85309405
  0.8555383
 0.84977513
 0.85269189
 0.85562963
 0.85949912
 0.85990491
  0.8530647
 0.84842631
 0.85491295
 0.85581115
 0.85941927
 0.85214116
 0.85894067
 0.85737238
 0.85631895
  0.8557897
 0.85488885
 0.85534759
 0.85544807
 0.85401222
 0.85531508
  0.8616874
 0.85955962
 0.85974433
 0.85714328
 0.85816702
 0.85866633
 0.86456454
 0.86105042
 0.86274435
 0.85861437
 0.86238447
 0.85902804
 0.85912396
 0.86261534
 0.86194422
 0.86504865
 0.85922532
 0.85825119
 0.85649072
 0.86464225
 0.86697941
 0.86361962
 0.86334226
  0.8617054
 0.86957375
 0.87042002
 0.87612909
 0.87224988
 0.86808278
 0.87600883
 0.87318284
  0.8709134
 0.86833809
 0.87219939
 0.86925055
 0.86877586
 0.87034539
  0.8632758
 0.87836133
  0.8758971
 0.87232153
 0.87262822
 0.88140638
  0.8827451
 0.88255156
 0.88315912
 0.88775825
 0.88419887
 0.87784971
 0.87527794
 0.86753708
 0.87121747
  0.8660903
 0.87519429
 0.86692325
 0.86483637
 0.87098951
 0.87584955
 0.87329359
 0.87819476
  0.8801362
 0.87662161
   0.873441
 0.87336163
  0.8817118
 0.88277075
 0.88114251
 0.87472911
 0.87514826
 0.87229036
 0.86996828
 0.86705687
 0.86934219
 0.85963361
 0.86836269
 0.87216899
 0.87472591
 0.87413035
 0.87535876
 0.87437706
 0.87366809
 0.87853683
 0.87894749
 0.87806054
 0.87270858
 0.87165218
 0.87085892
 0.87328378
 0.87676681
  0.8768833
 0.87736891
 0.88129207
  0.8806459
 0.88274374
 0.87836953
 0.88123213
 0.87907747
 0.88105728
  0.8793138
 0.87979693
 0.87238336
 0.88401086
 0.88412281
 0.88824695
 0.89004493
 0.88404541
 0.88415834
 0.87883006
 0.88096083
  0.8885895
 0.89140887
 0.88721387
 0.88617611
 0.88236141
 0.87810385
 0.85889778
 0.85290981
 0.85980831
 0.85796055
 0.85648559
 0.85657415
 0.84881341
 0.84941327
 0.84920242
 0.84634556
 0.83527736
 0.84088725
 0.84586618
 0.85312324
 0.84713976
 0.83894089
 0.84771205
 0.84818312
 0.85136592
 0.85244919
 0.85208816
 0.85221205
 0.84880246
 0.86132125
 0.86122628
 0.86369072
 0.86468965
 0.86590316
 0.86510257
 0.86245347
 0.85370698
 0.85669342
 0.85050828
 0.85487929
 0.84822463
 0.84853036
 0.85300968
 0.84870594
   0.851221
 0.84549539
 0.85489836
 0.85613194
 0.86384754
 0.85407424
 0.85156827
 0.85574981
 0.85230348
 0.85022411
  0.8540938
 0.85544699
 0.86171836
 0.85378331
 0.85250143
 0.84626656
 0.84624971
 0.84007892
 0.84290651
 0.84220452
 0.84118361
 0.84956782
 0.84113756
 0.84223867
  0.8441404
 0.84710144
 0.84776998
 0.85685718
 0.85197567
 0.85558702
 0.85840275
 0.85720525
 0.85161587
 0.85785565
  0.8599337
 0.86773432
 0.86160429
 0.86391516
 0.87296059
 0.86741489
 0.86730001
 0.86250856
 0.86721347
 0.86455875
 0.86884426
 0.86694788
 0.86382751
 0.86435629
 0.86382657
 0.86476415
 0.87070467
 0.87567367
 0.86729138
 0.86350556
 0.87039455
 0.86883127
 0.86334647
 0.87113803
 0.86860617
  0.8727706
 0.87174447
 0.87855988
 0.88060861
 0.88239136
 0.88062315
 0.87943023
 0.87762993
 0.88064805
 0.88611958
 0.88364875
 0.88076136
 0.87796842
 0.87495038
 0.87756616
 0.87818948
 0.87953597
 0.88871365
 0.88074672
 0.88057845
  0.8801632
 0.87475898
 0.87530602
 0.88211317
 0.87732396
 0.88207307
   0.885811
 0.88080458
 0.87700696
 0.87536832
 0.87789254
 0.87863851
 0.89039142
 0.89026006
 0.88719835
 0.87530712
 0.87277348
 0.87140015
 0.86098941
 0.86757757
 0.86983629
 0.87125891
 0.86776481
 0.86882623
 0.87227146
 0.87813213
 0.87611005
  0.8772507
 0.87844143
  0.8783078
 0.87922646
 0.87543583
 0.87879335
 0.88179592
 0.88179382
 0.88629049
 0.88730866
 0.88629666
 0.88567358
 0.88075244
 0.87305204
 0.87287204
 0.87660889
  0.8757384
 0.87859001
 0.88411206
  0.8858245
 0.88765421
 0.88634971
 0.88334942
 0.87962787
 0.87711476
 0.87654839
 0.87179086
 0.87426094
 0.86671947
 0.87319702
 0.88033049
 0.87994643
 0.88431621
 0.87862993
 0.88076453
 0.87719032
 0.87067176
 0.87247156
  0.8801343
 0.87808604
 0.87479173
 0.87870277
 0.87330229
 0.86611327
 0.86533917
 0.86320878
 0.86773547
 0.87351369
 0.87878712
 0.88219193
  0.8825985
 0.88249525
 0.88730236
 0.89431108
  0.8952106
 0.89566637
 0.89447721
 0.89336939
  0.8924085
 0.88926864
 0.89296905
  0.8985193
 0.89311814
  0.8916638
 0.88360513
 0.88771626
 0.89304729
 0.90007197
 0.90573153
 0.90457934
 0.90867028
 0.90702589
 0.89994515
 0.89600582
 0.89637862
 0.89608018
 0.88980886
 0.90117074
 0.90427752
 0.90366164
 0.90087327
 0.90011693
 0.89346483
 0.88863527
 0.89067401
 0.90050281
 0.89381382
 0.89099302
 0.89051052
 0.89123657
 0.88845213
 0.88967409
 0.89043238
 0.88649419
 0.89943589
   0.888769
  0.8869143
 0.88668929
 0.88613162
 0.87585185
 0.88255839
 0.89169668
  0.8933692
 0.88359411
 0.88669561
 0.88696534
 0.88337115
 0.88596502
 0.88425078
 0.88851352
 0.88382124
  0.8898279
 0.89169485
  0.8897132
 0.89338022
  0.8949366
 0.90134348
 0.89941906
 0.90462398
 0.90389332
  0.8993748
 0.89098006
 0.89620543
 0.89684674
 0.90010575
 0.89985712
 0.90208536
 0.90056878
 0.90112612
  0.9029351
 0.90357523
 0.90897744
 0.90360277
 0.89893817
 0.88644714
 0.88526332
 0.89139196
 0.89831678
 0.90481453
 0.90248067
 0.90552262
  0.9041612
 0.91045025
 0.91120256
 0.90775978
   0.906055
 0.90382366
 0.90343403
 0.90630595
 0.90401825
 0.90687007
  0.9057229
 0.89677178
 0.90174031
   0.908506
 0.90730832
 0.90335403
 0.90860663
 0.90369112
 0.90128126
 0.89985734
 0.89641264
 0.89692565
 0.90176019
 0.89549852
 0.89050716
 0.89837874
 0.88843776
 0.88624873
 0.88876479
  0.8960525
 0.88405701
 0.89132903
  0.8856723
 0.89176317
 0.89147088
 0.89566228
 0.89538492
  0.8932733
  0.8968509
 0.89895139
 0.90014951
 0.89827447
 0.88937614
 0.89159088
 0.89485315
 0.89804493
 0.88677435
 0.89583378
 0.89230155
 0.88238216
 0.88614978
 0.87603715
 0.88633127
 0.88493254
 0.88890681
 0.89606025
 0.89691649
  0.8958924
 0.88122458
 0.88212837
 0.88577364
 0.88262325
 0.88402595
 0.88565902
 0.88822276
 0.87731415
 0.87559934
 0.86900603
 0.88308732
 0.88325636
 0.88327186
 0.87817588
 0.88063939
 0.89362202
 0.90012496
 0.89625263
 0.90286178
 0.89853179
 0.89426264
 0.89898776
  0.8972648
 0.89076097
 0.89294474
 0.89744351
 0.90271596
 0.89407922
 0.88778696
 0.89268738
 0.89222232
 0.88909414
 0.89073058
 0.89414904
 0.89499297
 0.89236264
 0.88490701
 0.88633053
 0.89539278
 0.90195952
 0.89423984
 0.90028958
  0.8962114
 0.89857079
 0.90002714
 0.90475839
 0.90044408
 0.89851457
 0.89937755
 0.90294525
 0.90383518
 0.90033573
 0.89691323
 0.89137515
 0.89108472
 0.89090623
 0.89558652
 0.89670925
 0.89712244
 0.89956256
 0.90403703
 0.91167934
 0.91031215
 0.90975334
 0.91162221
 0.91605321
 0.92076799
 0.91916574
 0.92195904
 0.91776297
 0.91804393
 0.91124087
 0.91579051
  0.9116036
 0.90969414
 0.91521003
 0.92075386
   0.919579
  0.9156532
  0.9124832
 0.90721739
 0.88667368
  0.8805963
 0.87462307
 0.87589308
 0.88091323
 0.87023539
 0.87052647
 0.87291636
 0.88407469
 0.87535316
 0.86784803
 0.84355631
 0.81167704
 0.78768363
  0.7916175
 0.79118055
 0.81627357
 0.79553332
 0.79600819
 0.80497386
 0.81601379
 0.84326067
  0.8392292
 0.82900609
 0.83646753
 0.83986738
 0.82918897
 0.83445692
 0.83590771
 0.83535888
 0.81570418
  0.8150045
  0.8452554
 0.84367293
 0.85902931
 0.88189682
 0.88945366
 0.88687842
 0.89540676
 0.89816365
 0.88977402
 0.89341488
 0.89518037
 0.90272876
 0.90939791
 0.89833938
 0.90142603
 0.89133054
  0.8868598
 0.88616696
 0.88924337
 0.88985326
 0.89521894
 0.89293573
 0.89612098
 0.89190387
  0.8842387
 0.89470696
 0.89429193
 0.89459005
 0.89404093
 0.89098177
 0.89909878
 0.89457137
 0.89820482
 0.90260534
 0.90520926
 0.89115912
 0.88654778
 0.88079975
  0.8896315
 0.89579758
 0.89350128
 0.89371353
 0.88690514
 0.88254256
 0.88527292
 0.88550316
 0.87663189
 0.87913349
 0.87942816
 0.87986324
  0.8859913
 0.88521172
  0.8784991
 0.87976213
 0.88742873
  0.8931232
  0.8910988
  0.8980245
 0.89674697
 0.89983111
 0.89133815
  0.9001683
 0.90692071
 0.91486775
 0.91794517
 0.92196431
   0.926379
 0.93609255
 0.93430541
 0.93238978
 0.93588213
 0.93916538
 0.94035155
 0.93465896
 0.93033073
 0.93087271
 0.92940808
 0.93006416
 0.92300615
  0.9228246
 0.91450886
 0.91579216
 0.92516961
 0.92337203
 0.91479149
 0.92259543
   0.913205
 0.91459174
 0.92313105
 0.92136301
 0.92147907
 0.92089221
 0.92043446
 0.91743543
 0.91613001
 0.91551704
 0.92309945
 0.92251799
 0.92255981
 0.92072842
  0.9198697
 0.92069568
  0.9248498
 0.92754448
 0.92078953
 0.91841087
 0.92245228
 0.92638836
 0.91837688
 0.91813916
 0.92063995
  0.9189131
 0.92256767
 0.92465165
 0.92639276
 0.92384847
 0.92394642
 0.92161548
 0.92225263
 0.92193999
 0.92219147
 0.91322372
 0.91013562
 0.91103753
 0.91494156
 0.90957471
 0.90820051
  0.9098816
 0.90869658
 0.91482505
 0.91377313
 0.91698247
 0.90786337
 0.90583516
  0.9004053
 0.89780955
 0.90143541
 0.90857107
 0.91028984
 0.91019245
 0.91762323
 0.91696082
  0.9185796
 0.91720667
 0.91374406
 0.91791064
 0.92032432
 0.91913714
 0.91899209
 0.92050085
 0.92022207
 0.91480887
 0.91840462
  0.9223504
 0.92416332
 0.92414838
 0.92723036
 0.92793207
 0.92238786
 0.92392796
 0.92435459
 0.92337918
 0.92343985
  0.9185854
 0.92467273
 0.92464473
 0.91810948
 0.91722822
  0.9219815
 0.93148922
 0.92583799
 0.92951578
 0.92931274
 0.92756101
 0.91957027
 0.91737971
  0.9217778
 0.91851711
 0.91341328
 0.91058394
 0.90868712
 0.90483625
  0.9004033
 0.89217829
 0.89502716
 0.89775843
 0.90076409
 0.90801445
  0.9055624
 0.90495949
 0.90909514
 0.91285673
 0.91104363
 0.91265806
 0.90947871
 0.90392201
 0.89689542
 0.90887178
 0.91321711
 0.91480522
 0.91505291
  0.9139021
 0.91325804
 0.90899577
 0.90668162
  0.9087757
  0.9022322
 0.90764557
 0.90829344
 0.90576469
 0.90406116
 0.89650388
  0.8943127
 0.89908222
 0.90869752
 0.91446086
 0.91856801
 0.91804505
 0.91681769
 0.91376314
  0.9096986
 0.90809167
 0.91594803
 0.91171936
 0.91341328
 0.90674577
 0.89731602
 0.89795269
 0.90343547
 0.90000487
 0.90131513
 0.89581762
 0.89176352
 0.89008446
 0.88570327
 0.88851364
 0.89145186
 0.89714526
 0.89831511
 0.90377733
 0.90981776
 0.91053628
 0.90518098
 0.90125907
 0.90289633
 0.90507321
 0.89703851
 0.89507669
 0.89226433
 0.89469928
  0.8976282
 0.90349236
 0.90616358
 0.90307706
 0.90287458
  0.8943618
 0.89255949
  0.8952949
 0.89299741
 0.89217881
 0.90251838
 0.89960597
 0.90368626
  0.9029554
 0.90679405
 0.90923123
 0.90537666
  0.9037116
 0.90079315
  0.8943905
 0.88927752
 0.88505124
 0.88973937
  0.8935778
 0.89560607
 0.90072058
 0.89980623
 0.89746804
 0.90192744
 0.89528567
 0.89561914
 0.88883606
 0.89592217
 0.90267691
  0.9014035
 0.90942984
 0.91012824
 0.91010351
 0.91724079
  0.9132555
 0.91233829
 0.91734982
 0.92118233
 0.91583931
   0.910567
 0.91084976
 0.91168321
  0.9156089
 0.91436911
 0.91774832
 0.91214696
 0.89724993
 0.90588517
 0.90637739
  0.9113383
 0.91074278
 0.91315186
 0.91751068
 0.91880486
  0.9163846
 0.91626183
 0.91670619
 0.91687171
 0.91670158
 0.91332434
 0.90920697
 0.91418509
 0.90585209
 0.90982696
 0.90767449
 0.90035769
  0.9052316
 0.90285329
 0.90257469
 0.90666419
 0.90079587
 0.90234431
 0.90412602
 0.90635937
 0.91099956
 0.91106649
 0.90941864
 0.90971137
  0.9105366
 0.91858039
 0.91468427
  0.9133274
 0.90930966
 0.90116273
 0.90789966
 0.91234707
 0.91610413
  0.9147613
 0.91372408
 0.91203526
 0.91454637
 0.91047419
 0.91120684
 0.90919563
 0.91010075
 0.90564058
 0.91003789
 0.90963155
 0.90463346
 0.91057989
   0.907619
  0.9022547
 0.90108845
  0.9048294
 0.90018593
 0.89852485
 0.90108185
 0.90301432
 0.90615266
 0.90424023
 0.90808184
 0.91551553
 0.91867747
 0.91651599
 0.91338158
 0.90940474
 0.90950611
 0.91639498
  0.9136549
 0.91205803
 0.91070238
 0.90739436
 0.91407929
 0.90115026
 0.90736275
 0.91277816
 0.92053135
 0.92263932
 0.92485111
 0.92321812
 0.92418072
 0.92491084
 0.92267681
 0.91907612
 0.91879231
 0.91485162
 0.92013457
 0.91487521
 0.92812166
 0.92567605
 0.92909848
 0.92011911
  0.9170391
 0.91892637
  0.9210232
  0.9191391
 0.91872558
 0.91455695
 0.91400657
 0.91371791
 0.91844065
 0.91672169
 0.91791126
 0.91862073
 0.91079717
 0.91111756
 0.90937746
 0.89953444
 0.89977804
 0.89804417
 0.90255756
 0.90528817
 0.89751933
 0.89132852
 0.90023087
 0.89847669
 0.89390764
  0.8923663
 0.89088347
 0.88719204
 0.88799707
 0.89264497
 0.89508028
 0.89135688
 0.88934487
 0.88271544
 0.88990203
 0.89684554
 0.88749171
 0.88306053
 0.87811867
 0.88679274
 0.89001599
 0.89410492
  0.8853983
 0.88366859
 0.88140119
 0.88622211
  0.8951106
 0.90486011
 0.90241608
 0.89484091
 0.90819805
 0.90267884
 0.90761793
 0.90600038
 0.90076362
 0.89801076
  0.9030979
  0.8916922
 0.89684315
 0.90086106
 0.90009958
 0.89353467
 0.88381502
 0.88410708
 0.88456898
 0.88762406
 0.88724508
 0.88355016
 0.87923098
 0.87700965
 0.87953827
 0.89048015
 0.89105434
  0.8930486
 0.88541852
 0.89078597
 0.88135361
 0.88369885
 0.89357803
 0.90316604
 0.89472117
 0.88877364
 0.89099826
  0.8914699
 0.89757202
 0.89791021
 0.89615164
 0.90649062
 0.90307677
  0.9015564
 0.89940553
 0.90033725
 0.89914044
 0.89286092
 0.89089945
 0.89399855
 0.89491146
 0.89885219
 0.89820662
 0.89691985
 0.90081013
 0.90384082
 0.89520876
 0.89176928
 0.89158382
 0.89448495
 0.89491367
 0.90101524
 0.90350399
 0.90764126
 0.90676644
 0.91215827
 0.91052135
 0.90634198
 0.90570812
 0.90272616
 0.90085654
 0.90264573
  0.9079965
 0.90549138
 0.90445088
 0.90178338
 0.90369491
 0.90480565
  0.9017953
 0.90533664
 0.90459575
 0.90820565
 0.91114141
 0.90604378
 0.90961002
 0.90252051
   0.903381
   0.902211
 0.90582098
 0.90815067
 0.91013376
 0.89968215
 0.90764412
  0.9121735
 0.91429736
  0.9144931
 0.91644684
 0.91514339
 0.91605889
 0.91728348
 0.91409195
 0.91342995
 0.91655088
 0.91393968
 0.91481727
 0.90682505
 0.90490897
  0.9028345
 0.90543931
   0.909165
  0.9134248
 0.92268237
 0.92117641
   0.907627
 0.90915259
 0.91723895
 0.92168329
 0.92430343
 0.92548389
 0.93126622
 0.93024754
 0.92439233
 0.92780928
 0.92456477
 0.92521301
 0.92619335
 0.92226416
 0.92181063
 0.91635278
 0.91787687
 0.91353802
 0.91359775
 0.91157511
 0.91615012
 0.92091173
 0.92213249
 0.92103932
 0.92568333
 0.92662074
 0.92728935
 0.92422273
 0.92399951
 0.92916466
 0.92484596
 0.92335023
 0.92320203
 0.91624004
 0.92615075
 0.92201589
 0.92509361
 0.92512285
 0.92191803
 0.92191271
 0.91908365
 0.91837597
 0.91616981
 0.91271955
 0.91878412
 0.91728154
 0.92451954
 0.91658954
 0.92196987
 0.91910186
 0.92003567
  0.9236492
 0.92350513
 0.92148288
 0.91770563
 0.92356652
 0.91830011
 0.91642083
 0.91740884
   0.919854
 0.92382845
 0.92585045
  0.9214013
 0.91836514
 0.91878941
 0.91542066
 0.90837318
 0.91719055
 0.92255879
 0.91906832
 0.91881843
 0.91895668
 0.91613082
 0.90914853
 0.91279781
 0.90890895
 0.90684961
 0.91118297
 0.90434146
 0.90507845
  0.9100963
 0.91791779
 0.91982664
 0.92542078
 0.91842618
 0.91896882
 0.91537282
 0.91494556
 0.90838909
 0.90668841
 0.90715739
 0.90445314
 0.90452103
 0.91186477
 0.90126114
 0.91028575
 0.90112003
 0.90833699
 0.92213585
 0.91899722
 0.92206837
 0.92610869
 0.91270456
 0.92109766
 0.91270646
 0.91123341
 0.91457881
 0.90704239
 0.91151972
 0.90848444
 0.90864336
 0.90801167
 0.90918535
 0.91474846
 0.91484095
 0.90494078
 0.90921201
 0.90428985
 0.90534334
 0.90316492
 0.90007265
 0.90025232
 0.90412872
 0.90457172
 0.90708025
 0.90163315
 0.90045772
 0.90739524
 0.90584248
 0.91320811
 0.90384337
 0.91041911
 0.90769377
 0.89622771
 0.89448028
 0.88751305
 0.87977566
 0.87548222
 0.88370061
  0.9029895
  0.8997901
 0.91162328
 0.91010462
 0.90238548
 0.91159966
 0.91812606
 0.91637639
 0.92073786
 0.92544003
 0.93192579
 0.92914982
 0.92745916
 0.93513321
 0.92133986
 0.92693786
 0.92501354
  0.9361663
 0.94828958
 0.94606955
 0.94950892
 0.94702601
 0.94208979
 0.94493841
 0.94222956
 0.94685077
 0.94345412
 0.93576522
 0.93787018
 0.93432948
 0.93220404
 0.92914523
 0.92396003
 0.92685148
 0.93411653
 0.93504678
 0.93123089
 0.93387861
  0.9293656
 0.93235276
 0.93008043
 0.93606931
 0.93715942
 0.92817899
 0.93379738
 0.92656113
 0.92886296
 0.92398182
 0.93237876
 0.92632111
 0.92705775
 0.92078916
 0.92736471
 0.92766939
 0.92686627
 0.91815341
 0.92339341
 0.92301023
 0.92446726
 0.92754233
 0.92415282
  0.9195359
 0.92579199
 0.92555642
  0.9273359
 0.92781985
 0.92479465
 0.92866796
 0.92404139
 0.92780016
 0.92966424
 0.92089874
 0.92103989
 0.92415985
 0.92398798
 0.91413802
 0.91400398
 0.92005012
 0.91855337
 0.92616932
  0.9221463
 0.91601612
 0.92514381
  0.9265026
 0.92237465
  0.9329036
 0.93598799
 0.93055328
 0.93211222
 0.93502606
 0.93589458
 0.93682991
 0.93506676
 0.92859003
  0.9315612
 0.93208798
 0.93880035
 0.93962991
  0.9378615
 0.93770615
 0.94709525
 0.94386723
 0.94158404
 0.94038174
 0.93936164
  0.9424652
 0.93994412
 0.94117125
 0.93689007
 0.93653585
 0.93644767
 0.93397026
 0.93612819
 0.92770098
 0.92967964
 0.92111401
 0.92327432
 0.93068699
 0.92531875
 0.91838005
 0.91238801
 0.91470356
  0.9181646
 0.92225709
 0.92031281
 0.91577603
   0.912477
  0.9128597
 0.90809684
 0.90885971
 0.91927015
 0.91637904
 0.92733726
 0.91722317
 0.91709655
 0.92371856
 0.92775342
 0.92711621
 0.93356865
 0.93038689
  0.9335556
 0.92248951
 0.92343385
 0.91837137
 0.91235018
 0.91034832
  0.9042172
  0.9012046
 0.90253043
 0.90750882
 0.89042562
 0.89852664
  0.9000642
 0.90504314
  0.9008833
 0.90606237
 0.90571505
 0.90734136
 0.90737126
 0.90554925
 0.91818513
 0.92235722
 0.92648982
 0.92541008
    0.91785
 0.92016697
 0.92292087
  0.9305653
 0.91881089
 0.90763775
 0.90242454
 0.90063606
 0.89143678
 0.90372349
 0.89914946
  0.9028773
 0.91245882
 0.91887451
 0.91785338
 0.92660451
 0.92698501
 0.92595871
 0.92522833
 0.92963919
 0.93070011
 0.92606589
 0.92723573
 0.93054876
 0.93531048
 0.93045544
 0.93946189
  0.9323443
 0.93338388
 0.93923633
 0.94673179
 0.94252342
 0.94404121
 0.94415815
 0.94198458
 0.94219359
 0.94135913
 0.94362608
 0.94720187
 0.94085695
  0.9417866
  0.9340524
 0.93226326
 0.93594577
 0.93841244
 0.93221249
 0.92396448
 0.93270189
 0.94246163
 0.94816442
 0.94452947
 0.94433048
 0.94660296
 0.93971242
 0.94970842
 0.93395109
 0.94177378
  0.9422583
 0.94607078
 0.94703574
 0.94702413
   0.948258
 0.95196163
 0.94581739
 0.94667411
 0.94180713
 0.92912576
 0.92038091
 0.92975321
 0.93703024
 0.92582701
 0.91913423
 0.92887672
 0.92918491
  0.9329358
 0.93397731
 0.94198384
 0.94397068
 0.94922455
  0.9427536
 0.94596299
 0.94531037
 0.94846012
 0.94717403
 0.94974159
 0.94378854
 0.94258626
 0.94154786
 0.94073516
 0.94550955
 0.94947011
 0.95174054
 0.94984111
 0.94931924
  0.9421122
 0.94269388
 0.94261571
 0.94831472
 0.94020764
 0.93995734
   0.938654
 0.94319176
 0.94076378
 0.94573635
 0.93693048
 0.93927006
 0.93423558
 0.93587982
 0.92995718
 0.93595618
 0.93871565
 0.93520408
 0.93309978
 0.93114555
 0.92858518
 0.92790039
 0.92475084
 0.92697058
 0.93243961
 0.93643241
  0.9315858
 0.94367437
 0.94837754
 0.95517993
 0.95528952
 0.95247355
  0.9489707
 0.95177369
 0.94620689
 0.94305126
 0.94105423
 0.93855546
 0.94105493
 0.93538338
 0.92857179
 0.92861816
 0.92950806
 0.92456306
 0.92625417
 0.93018191
 0.92805126
 0.93263829
 0.92884622
 0.93632609
 0.93745636
 0.93876122
 0.93406685
 0.94117409
 0.93620023
 0.92965056
 0.92851724
 0.92240018
 0.93087494
 0.93531833
 0.93315592
 0.93129537
 0.92085726
 0.92402233
 0.92613011
 0.92697965
 0.92814458
 0.92835405
  0.9266029
 0.92575793
  0.9201663
 0.92226738
 0.92064524
 0.91914099
 0.92681008
 0.92297455
 0.92013716
 0.91561968
 0.92486772
 0.92185398
  0.9219196
 0.90879156
 0.90963097
 0.89679018
 0.89606676
 0.89436604
 0.89573366
 0.89780031
  0.8939035
 0.89704832
  0.8950894
 0.90108344
  0.9122999
 0.91811049
 0.91910793
 0.92329693
 0.91989295
 0.91857053
 0.91502718
 0.90868259
 0.91533851
 0.91639747
 0.91559691
 0.91890012
 0.91614744
 0.91565636
 0.91567905
 0.91692617
 0.91481591
 0.91177557
 0.91380296
 0.91273686
 0.91109456
 0.90262076
 0.91190247
 0.90636093
 0.89885031
  0.8960163
 0.89794904
  0.8976824
 0.89591005
  0.8971251
  0.8958924
  0.8865318
 0.89216756
 0.89071642
 0.89876809
 0.89374687
 0.89539984
 0.89839884
 0.89721447
 0.90055058
 0.89014749
 0.88764529
 0.88553127
 0.89138349
 0.88609858
 0.89195331
  0.9082948
 0.90912412
 0.91454268
 0.91498875
 0.91365414
 0.90923149
 0.91199816
 0.91236352
 0.91840976
 0.91956263
 0.91834547
 0.91819853
 0.92147647
 0.91542462
 0.91808941
 0.91408026
 0.91718964
 0.92660223
 0.92865192
 0.92551043
 0.92598419
 0.92954602
 0.92008781
 0.91790358
  0.9219497
  0.9306342
 0.93397186
 0.93194618
 0.93783062
 0.93430129
 0.93657834
 0.93692109
 0.93242292
 0.92836688
 0.92432755
 0.93044456
 0.92374493
 0.92549372
 0.93331893
 0.93301751
 0.93426251
 0.93481347
  0.9361409
 0.94014793
 0.94795694
 0.94258249
 0.94507149
 0.94711725
 0.94485752
 0.94383432
  0.9436915
 0.94366067
 0.94795798
 0.94482072
  0.9468169
  0.9455193
 0.94349183
 0.94607477
 0.94503256
  0.9454126
 0.94635283
 0.94299218
 0.94196597
 0.94130242
 0.93808992
 0.94143266
  0.9399827
  0.9431334
 0.94120001
 0.93976153
 0.94086495
 0.93863023
 0.93586406
 0.92843512
   0.926029
  0.9285924
 0.92694144
 0.93331203
 0.93398297
  0.9351596
 0.93747508
  0.9317396
 0.92417134
 0.92514412
 0.93205217
 0.92847284
 0.92646485
 0.92787722
 0.92919563
 0.94026181
 0.93356961
 0.93595266
 0.93010243
 0.93015547
 0.92673182
 0.92331526
 0.92477563
 0.92083785
 0.92376505
 0.92639916
 0.92690882
 0.92257252
 0.92388256
 0.92590029
 0.92514114
 0.92879275
 0.93226641
 0.93210887
 0.92811667
 0.93068473
 0.92727137
 0.92829385
 0.93224103
  0.9322806
 0.92819207
 0.92388346
 0.92254611
 0.91714444
 0.91687051
 0.91520664
  0.9109607
 0.91104492
 0.91599341
 0.92322543
 0.91774757
 0.91769913
 0.91465614
 0.92045163
 0.92683637
  0.9235689
 0.92723929
 0.92913392
 0.92288855
 0.92327289
 0.91871308
 0.91023552
 0.91421582
 0.92502781
 0.92360496
 0.92399501
 0.92550304
 0.92085872
 0.91730619
 0.90947594
  0.9134586
 0.91274465
 0.90903637
 0.89708506
 0.89783192
 0.89903311
 0.89842375
  0.9032169
 0.90552027
 0.91104388
 0.91544871
  0.9111566
 0.90780688
 0.91538723
 0.91442552
 0.92239359
  0.9209385
 0.90544914
 0.90120738
 0.89984308
 0.89789959
 0.89245039
  0.8859349
 0.88579127
 0.88791828
 0.88444952
 0.89497896
 0.89844161
 0.89057159
 0.89170232
 0.89893008
 0.88057416
 0.89376953
  0.8946175
 0.89789727
 0.89237497
 0.89457102
 0.89466583
 0.89538574
 0.89226067
 0.89270317
 0.89259907
 0.89263952
 0.89012854
 0.88559478
 0.88542344
 0.88834918
 0.89713802
  0.8931963
 0.89240695
 0.88875437
 0.89564891
 0.89708916
 0.89705138
 0.89113874
 0.88614821
 0.88750052
 0.88507811
 0.88901251
 0.88919719
 0.88911228
 0.89101774
 0.88595215
 0.88641543
 0.88739313
 0.88796188
 0.88988164
 0.88336827
 0.87850866
  0.8833677
 0.88497809
   0.879951
 0.88693917
 0.88344117
 0.87854841
 0.87584048
 0.87349281
 0.87361943
 0.87469406
  0.8717802
 0.87711334
 0.88591474
 0.88652059
 0.88710004
 0.88890435
 0.89768021
 0.89186929
 0.89327776
 0.88781159
 0.89169518
 0.88331187
 0.88591345
 0.88921796
 0.89449494
 0.89658593
 0.90205718
 0.89582656
 0.89445523
 0.89079983
 0.89284135
 0.88689164
 0.88986209
 0.88687199
 0.87794695
 0.88464407
 0.88169528
 0.87410044
 0.87036088
 0.87311997
 0.86194496
 0.86574325
 0.86395502
  0.8744111
 0.86817046
 0.86986047
 0.86158305
 0.87046441
 0.87860756
 0.87267696
  0.8800848
 0.87964156
 0.88331197
 0.89236022
 0.88671163
 0.88186565
 0.88761179
 0.89110663
 0.89275274
 0.89105297
 0.88618479
 0.88685958
 0.88669826
 0.88700577
 0.89071591
 0.89564966
  0.9003415
 0.89699519
 0.89134901
 0.89382598
 0.89163743
  0.8910896
 0.89025116
 0.88590552
 0.88843248
  0.8942346
 0.89316639
 0.88698641
 0.88458327
 0.88075696
 0.88205554
 0.87616754
 0.88457959
 0.87696387
 0.87806198
 0.87785871
 0.87736401
 0.87811406
 0.87163441
 0.86756894
 0.86467814
 0.85848875
 0.87282598
 0.87688183
 0.88606395
 0.88413168
 0.88096223
 0.88801012
 0.88871234
 0.89568817
  0.8893548
 0.89451273
 0.89424939
 0.89409224
 0.89885229
 0.89528304
 0.90028701
 0.89783547
 0.89649778
 0.89678856
 0.89889039
 0.90186485
 0.89919184
 0.89458881
 0.89628034
 0.90296124
  0.9026589
 0.90335873
 0.90430191
  0.9060448
  0.8984355
 0.89676903
 0.90327777
 0.90332903
 0.90371551
 0.89758764
 0.89627717
 0.89544387
 0.89539509
 0.89720434
 0.90204486
 0.90017475
  0.8981921
 0.89745975
 0.89046592
 0.89376967
 0.88711178
 0.88854705
  0.8892541
 0.88965751
 0.89260314
 0.88979818
 0.88097657
 0.88305179
 0.87915044
 0.87828612
 0.88808682
 0.88813096
 0.88524639
 0.88430929
 0.88513873
 0.88344533
 0.88490734
 0.87695139
 0.87731456
 0.87663962
 0.87789359
 0.87674594
 0.87788146
 0.87587499
 0.87121745
 0.87811028
 0.87823147
 0.88762004
 0.87914982
 0.88284419
 0.88544075
 0.88299754
 0.87884539
 0.88406671
 0.88797099
  0.8918676
 0.88878566
 0.89225998
 0.89101596
 0.89535364
  0.8971644
 0.90208946
 0.89366603
 0.88751141
 0.89114982
 0.88907675
 0.89656181
 0.89333637
 0.89126431
 0.89302783
 0.89779818
 0.90057174
 0.90566206
 0.91055087
 0.90628382
 0.91062055
 0.90799103
 0.90540942
  0.9093365
 0.90489644
 0.90228984
 0.90665827
 0.90498394
 0.90424766
 0.90194251
 0.89997799
 0.89772449
 0.89934037
  0.9027761
 0.90132129
 0.89564353
 0.89958937
 0.89711101
 0.89709809
  0.9013231
 0.90023692
 0.89964024
 0.90296914
 0.90249455
 0.89976728
 0.89891838
  0.9008422
 0.90443533
 0.90663157
 0.90542441
 0.90113809
 0.89394302
  0.8977974
 0.89009861
 0.88656742
 0.89105123
 0.90221289
 0.90167822
 0.89808601
 0.89627448
 0.89375744
 0.89885296
 0.89727569
 0.90312609
 0.89611556
 0.89853896
 0.90045584
 0.90209011
 0.89160281
  0.9008077
 0.89336052
 0.89761032
 0.88937634
 0.88602325
 0.89281429
 0.89733553
 0.88853425
 0.89330929
 0.90832858
 0.90628159
 0.90940977
 0.90605522
 0.90837413
 0.90940504
 0.90257019
  0.9085628
 0.91147599
 0.90968304
 0.91722684
 0.91810295
 0.91392967
 0.90874136
 0.90903492
 0.90524898
 0.89802442
 0.89377549
  0.8935916
 0.88948649
 0.90110654
 0.89568461
  0.8892566
 0.89130585
 0.89018727
 0.89238042
 0.88938598
 0.88986724
 0.88822669
 0.87929546
 0.88600105
 0.89139878
 0.88936632
 0.88596486
 0.89839495
 0.89628506
 0.89928728
 0.89063863
 0.89223494
 0.89645044
 0.89728176
 0.89483446
 0.89782325
 0.89763199
 0.90726443
 0.91186273
 0.92098893
 0.91644922
 0.91698149
 0.91463993
 0.91363609
 0.91503212
 0.91286907
 0.91295464
 0.91564853
 0.91796093
 0.91687543
 0.92115292
 0.92313127
  0.9181608
  0.9175452
 0.91585399
 0.91734823
 0.92096234
 0.91378458
 0.90723726
 0.90230116
 0.91092247
 0.91547144
  0.9150898
 0.91618467
 0.91183256
 0.90659528
 0.90466547
 0.90665361
 0.90010672
 0.90619723
 0.90571427
 0.90422666
 0.90594659
 0.90980759
 0.91328799
 0.90948509
 0.90690599
 0.90859026
 0.90848814
 0.90771014
 0.90664951
 0.89979494
 0.90070966
 0.89820862
 0.89972303
 0.88974025
 0.89094657
 0.88706995
 0.87849708
 0.88011192
 0.88543484
 0.88843823
 0.89496358
 0.89750054
 0.89839181
 0.89929031
 0.89521388
 0.89979005
 0.90353061
 0.89734883
 0.90045024
 0.90041319
 0.90235585
 0.90030105
 0.90592969
 0.90737539
 0.89742597
 0.90209874
 0.91070522
  0.9066193
 0.90115216
 0.89963257
 0.88974745
   0.891985
 0.89119097
 0.88954407
 0.89564454
 0.89298672
 0.89214665
 0.89515135
 0.88843993
 0.89176675
 0.88354304
 0.88418816
 0.87873689
 0.86568711
 0.87182007
 0.86752863
 0.86625964
 0.86904255
 0.86973285
 0.86748643
 0.86936587
 0.87876958
 0.88026808
 0.88053621
 0.87977209
 0.87703335
 0.87321254
 0.87070098
 0.87352974
 0.87504812
 0.87217039
 0.87260978
 0.86091529
 0.86248155
 0.86459853
  0.8679792
 0.85893131
 0.85740256
 0.85930157
   0.862878
 0.86976146
 0.86483495
 0.86673327
 0.86702925
 0.85610136
 0.84773936
 0.83949083
 0.84644649
 0.85371179
 0.84932606
  0.8528059
 0.85715576
 0.85317108
 0.85313932
 0.85918777
 0.86243721
 0.85629074
 0.86095062
 0.85762892
 0.85840086
 0.85790567
 0.85890877
 0.84618613
 0.86128245
 0.85519485
 0.86174639
 0.86054624
 0.86396085
 0.86330538
 0.86764792
 0.86618512
 0.86936411
 0.87126148
 0.87540572
 0.87368557
 0.87549021
  0.8740342
 0.86967683
 0.86902753
  0.8749367
 0.86852243
 0.87036851
 0.86831768
 0.86605389
 0.86697874
 0.86322337
 0.85866613
 0.85837305
 0.86648259
 0.86754826
 0.86843472
 0.87222366
 0.86379801
 0.86522069
 0.86607317
 0.86460216
 0.86512162
 0.86662386
 0.86739445
  0.8660389
 0.86416183
  0.8694325
 0.86928169
 0.87110783
 0.87135747
 0.87587459
 0.87460807
 0.87776716
 0.87276556
 0.87441471
 0.86960844
 0.86834149
 0.86417528
  0.8740442
 0.87623732
 0.87459271
 0.87693114
 0.87479608
 0.87813735
 0.87325916
  0.8757375
 0.88032899
 0.88332993
 0.87897523
 0.87489077
  0.8792789
 0.87239805
 0.87297709
 0.87110854
 0.87576238
 0.87560539
 0.88190525
 0.87848623
  0.8815693
 0.88376987
 0.88641366
 0.89130226
  0.8881842
 0.89421594
  0.8942524
 0.89211589
 0.89480359
 0.89230612
 0.89077507
 0.89728699
 0.89023591
 0.89252548
 0.89292746
 0.89340357
 0.89355545
 0.89468558
 0.89080345
  0.8953329
  0.8928911
 0.89656443
 0.89871805
 0.89460525
 0.89044006
 0.90088517
  0.8933651
 0.89889042
 0.90038159
 0.90306556
 0.89979907
 0.90678822
 0.90030334
 0.89965042
 0.90211272
 0.89795627
  0.8993191
 0.90060325
 0.89363449
 0.89876074
 0.89740015
 0.89822991
 0.89898815
 0.89387181
 0.89221889
 0.88424203
 0.89124028
  0.8832404
 0.88619925
 0.88284518
 0.88587207
 0.88434645
 0.88870516
 0.88352898
 0.88073548
 0.87764447
 0.87838009
 0.88162245
 0.88346675
 0.88846287
 0.88619875
 0.87148019
 0.86791074
 0.86504349
 0.85697345
 0.84991577
  0.8557038
 0.87388713
 0.89500024
 0.89564695
 0.90191191
 0.89925567
 0.90117919
 0.90702064
 0.90215231
 0.90686861
 0.90738679
 0.91683431
 0.91810357
 0.92025769
 0.91877576
 0.91833374
 0.91733921
 0.91976009
 0.91877846
 0.92132716
 0.92645994
 0.92872871
 0.92588278
 0.92777328
 0.92785915
 0.92891482
 0.92355185
 0.91843734
 0.91730881
 0.91314531
 0.91006765
 0.92015292
 0.91984069
 0.92557523
 0.92178168
 0.93187562
 0.93083288
 0.92625412
 0.92669543
 0.92542212
 0.92913993
 0.93295294
 0.93173476
 0.93413329
  0.9301846
  0.9355651
 0.93518407
 0.93264155
 0.92968655
 0.93083273
 0.92762999
 0.93396371
 0.93476284
 0.92372816
 0.91822905
 0.91159167
 0.91135321
 0.91407793
  0.9137897
 0.90429655
 0.90402926
 0.90563383
 0.90134706
 0.90468749
 0.90133861
  0.9059697
 0.90229015
 0.89782723
  0.9022571
 0.89381156
 0.89355901
 0.90238283
 0.90151193
 0.90945064
 0.91097893
 0.91045967
 0.90863487
 0.91075606
 0.90829062
 0.90955233
 0.90047111
 0.89937529
 0.90828024
 0.90632524
 0.92119254
 0.91562099
  0.9131202
 0.91501037
 0.91006482
 0.91564371
 0.91919612
 0.91662749
 0.91424312
 0.90286239
 0.90899799
 0.91688455
 0.92012113
 0.91848514
 0.91583748
 0.91118592
  0.9120203
  0.9177338
  0.9185173
 0.91911148
  0.9258169
 0.92461933
 0.91900233
 0.92501198
 0.92781135
 0.92971758
 0.92613851
 0.92958719
 0.92874545
  0.9269827
 0.92920593
 0.92525984
  0.9303052
  0.9326965
 0.92799489
 0.92683995
 0.92119971
 0.92502302
 0.92715634
 0.93160692
 0.92291138
 0.92550699
 0.92643072
 0.92276491
 0.92043992
 0.91998443
 0.91438665
 0.90302125
 0.90891413
 0.91548224
 0.91013522
 0.91633851
 0.91171325
 0.91475018
 0.91458089
 0.92432332
 0.92423745
 0.91852561
 0.91765894
 0.91896708
 0.91849144
 0.91662764
 0.91652395
 0.92235413
 0.91993171
 0.92026061
 0.91996362
 0.92084918
 0.91467969
 0.91379575
 0.91128343
  0.9141934
 0.91679428
  0.9165207
 0.91942879
  0.9268601
 0.92055365
 0.91615917
 0.91186855
 0.90615983
 0.91042211
 0.91048596
 0.91532323
 0.91109694
  0.9185577
 0.92351206
 0.92087444
 0.92440795
  0.9271729
 0.92374705
 0.92408665
 0.92832227
 0.93246776
 0.93243601
 0.93194551
 0.91907157
 0.92398397
 0.92977747
  0.9243606
 0.92399544
 0.92487531
 0.91581109
  0.9114868
 0.90839939
 0.90680917
 0.91452873
 0.91712999
  0.9239583
 0.92237511
 0.92734618
 0.92822691
 0.92311856
 0.92062114
  0.9187021
 0.92327073
 0.92163326
 0.91978197
 0.91315046
 0.90315055
 0.89712804
 0.89521368
 0.89010213
 0.89555116
 0.89879099
 0.89824575
 0.89687997
 0.90374348
  0.8984287
 0.88835032
  0.9000044
 0.90349215
 0.90655577
 0.92102514
 0.91784532
 0.92216925
 0.92397232
 0.90822281
 0.89665781
 0.89672088
 0.89205054
 0.88582482
 0.88032477
 0.87820566
 0.87808727
 0.88074649
 0.87360724
 0.88304708
  0.8817312
 0.88482643
 0.88304389
 0.88762713
 0.88793387
 0.89131638
 0.90320617
 0.90062513
 0.90419808
 0.90979717
 0.90967978
 0.90529372
 0.90557763
  0.9025438
  0.9056657
 0.90334523
 0.90084976
 0.89720389
 0.89749725
 0.89563094
 0.90233085
 0.90356782
 0.90004215
 0.89260763
 0.88589577
 0.88824166
 0.88568315
 0.88663509
 0.88935777
 0.88278118
 0.89081839
 0.89895817
 0.89834034
 0.90055149
 0.90113658
 0.90794724
 0.91339395
 0.91338947
 0.91585738
 0.92116261
 0.91581728
 0.91445612
 0.90828679
  0.9093752
 0.91313724
 0.91131036
  0.9053341
 0.90323268
 0.89950112
 0.90143868
 0.90267989
 0.89609378
 0.89397163
 0.89138202
 0.88935546
 0.88249938
 0.87775513
 0.87789766
 0.87642867
 0.87649569
 0.87205959
 0.86882958
 0.86790868
 0.87436082
 0.87586367
 0.88131855
 0.88231374
 0.88655837
 0.88262152
 0.89024458
 0.89106665
 0.89525868
 0.89189129
 0.88833002
 0.89181074
 0.89358852
 0.88398343
 0.88835695
 0.89100033
 0.89873864
 0.90006764
 0.89986054
 0.89983448
  0.8976587
 0.89111235
 0.89037792
 0.89418928
 0.88941586
 0.89179169
 0.88809123
 0.89146325
 0.89011718
  0.8954462
 0.89672772
 0.88951104
 0.89229004
 0.88997066
 0.89877424
 0.89294911
 0.89418204
 0.89256625
 0.89149794
 0.89196562
 0.89640771
 0.89675756
 0.89387322
 0.90066186
  0.9003414
 0.90034703
 0.90324248
 0.90044446
 0.90728092
 0.90377185
 0.90292558
 0.89814823
 0.89773514
 0.89979595
 0.89974678
  0.8916992
 0.88567856
 0.88953911
 0.89862539
 0.90524044
 0.90442464
   0.906645
 0.90901405
 0.90742889
 0.91247641
 0.91310907
  0.9117911
 0.91115048
 0.90502174
  0.9047401
 0.90345045
 0.90969784
 0.90722092
 0.90702742
 0.90592344
 0.90604899
 0.89957566
 0.90746925
 0.90445293
 0.89803944
 0.90109132
 0.90420479
 0.90165279
 0.90676314
  0.9078689
 0.90400081
 0.90590017
 0.90155513
 0.90537748
 0.90796336
 0.90332625
 0.90434381
 0.89959962
 0.90312967
  0.9006739
 0.89741312
 0.89932455
 0.89745339
 0.89383769
 0.89660861
 0.89373587
 0.89497126
 0.89716978
 0.89955419
 0.90148747
 0.90090874
 0.89667691
 0.89866414
 0.89873339
 0.89929657
 0.90550199
 0.90708551
 0.91308039
 0.91336601
 0.91353844
 0.90942832
 0.91109961
 0.90741467
 0.91345038
 0.91216665
 0.91024205
 0.91717455
 0.91709642
 0.91328187
 0.91130745
 0.90359391
  0.9093466
 0.90207339
  0.9020411
 0.90223779
 0.89759195
 0.90002195
 0.90189486
   0.902697
 0.90544965
 0.90590233
 0.91349654
 0.90914028
 0.91074868
 0.91502869
 0.91517221
 0.91189143
 0.90553472
 0.91408445
 0.91065268
 0.91382053
 0.91339854
 0.91471144
 0.91058209
 0.90749692
 0.90782363
  0.9084325
 0.90553007
 0.90847992
 0.91022524
 0.90854176
 0.90603562
  0.9063222
   0.902032
 0.90350592
 0.89994989
 0.90294251
 0.90421324
 0.89831367
 0.89585422
 0.89144087
 0.88861567
 0.88652503
 0.88592542
 0.89295966
 0.89187871
 0.88951996
 0.89199612
 0.89043019
 0.89031257
 0.88965698
 0.88562461
 0.88052065
 0.86577969
 0.87244291
 0.87883975
 0.88624099
 0.88795047
 0.89232585
  0.8903369
 0.88943516
 0.89588796
 0.88875315
 0.89251611
 0.89146317
 0.89036193
 0.88945383
 0.88660099
 0.88375422
 0.89118689
  0.8903015
 0.88408205
  0.8842205
 0.88356434
 0.89703485
 0.90097213
 0.89810036
 0.90047213
 0.89729021
 0.89463715
 0.88966398
 0.89261866
 0.89192987
 0.89860337
 0.89894043
 0.90557291
 0.90645306
 0.90402436
  0.8956017
 0.89688068
 0.90003916
 0.90083389
 0.90574199
 0.90574148
 0.89977923
 0.90406967
 0.90539165
 0.90313655
 0.89752511
 0.90016094
 0.89619912
 0.90557113
 0.89832232
 0.89446544
  0.8899967
 0.89101454
 0.89926115
 0.90302152
 0.89768539
 0.89913552
  0.8962405
 0.89573376
 0.89958477
 0.89147366
 0.89413861
 0.89087024
 0.89285886
 0.89378318
 0.89774397
 0.89555234
 0.89630849
 0.90012879
 0.89888048
 0.89619132
 0.89963646
 0.90722351
 0.90743024
 0.91032774
 0.90851735
 0.90935128
 0.90707707
 0.90440238
  0.9063222
 0.90556411
 0.90402796
 0.90292364
 0.90580413
 0.89653555
 0.89806547
 0.89519966
 0.90869073
 0.91601967
 0.91110582
 0.91017631
 0.90652364
 0.90196309
 0.89986982
 0.90481189
 0.90561035
 0.91323738
 0.91733849
 0.91639829
  0.9189178
 0.92077605
 0.92272364
 0.92020416
 0.91998612
 0.91865962
  0.9226627
 0.91507373
 0.91630643
 0.91167863
  0.9047294
 0.91091165
 0.90618966
 0.89532463
 0.89118277
 0.90026562
 0.90251311
 0.91448121
 0.91331712
 0.90258581
 0.91472111
 0.90739052
  0.9045451
 0.89694519
 0.90892615
  0.9042771
 0.91033441
 0.91223148
 0.91504447
 0.91177563
 0.92265214
 0.92226466
 0.92497942
 0.92201955
 0.91711192
 0.91657531
 0.91460184
 0.90935819
 0.90773596
 0.90342833
 0.91314821
 0.91292598
 0.91154781
 0.91523402
 0.91645253
 0.90555588
 0.90298136
 0.90282335
 0.90561467
 0.91105905
 0.90617662
 0.90185163
 0.90059333
 0.88782906
 0.89852503
  0.8881133
 0.89253962
 0.89092552
 0.89321472
  0.8946717
 0.88607505
 0.89467451
 0.88991576
 0.88766954
 0.89212808
 0.89468695
 0.89525911
 0.89454105
 0.90095779
 0.90102195
 0.90113151
 0.90201269
 0.89749914
 0.89874631
 0.89341929
  0.8934754
 0.89361286
 0.89356599
   0.888605
 0.88585408
  0.8914968
 0.89655749
 0.89978009
 0.90512069
 0.90575636
  0.9021056
 0.90462949
  0.9046471
 0.90192997
 0.91112554
 0.89950748
 0.91015276
 0.90413316
  0.8994235
 0.90177874
 0.89973028
 0.89478868
 0.89361423
 0.89345676
 0.89807115
 0.90103106
 0.90702395
 0.89986355
 0.89291715
 0.89575653
   0.901433
  0.8911264
 0.88686686
 0.89049065
 0.90235034
   0.910532
 0.91016193
 0.90646741
 0.90051141
 0.90526566
 0.90944228
  0.9124164
 0.90683092
 0.90832965
  0.9087805
 0.91536187
 0.91823826
 0.91703607
 0.91742678
 0.92437007
 0.92347003
 0.91844882
 0.91996423
 0.91905451
 0.91859031
 0.91385563
 0.91826441
 0.92158264
 0.91770925
 0.92633122
 0.92393817
 0.92611902
 0.91806026
 0.92279323
  0.9195372
 0.92113577
 0.92216034
 0.91899271
  0.9234855
 0.91900234
 0.91704641
 0.91218691
 0.91027002
 0.91191282
 0.90839908
  0.9015148
 0.90162068
 0.90322897
 0.90892513
 0.90991714
 0.91351556
 0.91874474
 0.91831729
  0.9207788
 0.91440853
 0.91735557
 0.91427023
 0.91673238
 0.92216425
 0.92513227
 0.92399838
 0.92078623
  0.9176931
 0.91382082
 0.91485839
 0.91365848
 0.91499259
 0.91501665
 0.91896038
 0.92135478
 0.92364761
 0.93030461
 0.92925201
 0.92984852
 0.92819853
 0.92767744
 0.92852115
 0.92377689
 0.92310531
 0.92116692
 0.92705471
 0.92746876
  0.9245356
 0.93287657
 0.92635837
 0.92743174
 0.92374576
 0.91822782
 0.92000723
 0.92166322
 0.92099112
 0.91859933
 0.91422763
  0.9166435
 0.92239001
 0.91759029
 0.92094344
 0.92303913
 0.92309133
 0.92192212
 0.92193835
 0.92208699
 0.91778318
 0.91886482
  0.9210199
  0.9182933
  0.9183225
 0.91507528
  0.9158011
 0.92008383
 0.92275629
 0.92952921
 0.93029863
 0.93154863
 0.92985647
 0.92273892
 0.92224282
 0.91469911
 0.92211027
 0.91935094
 0.91755603
 0.91579301
 0.91665607
 0.91698619
 0.91899712
 0.91454633
 0.91086597
 0.91396096
 0.91942524
 0.92359041
 0.91736233
 0.92260115
 0.92555247
 0.92115585
 0.92440111
  0.9283757
 0.93066102
 0.92631087
 0.92199972
 0.92460042
 0.92629508
 0.92378909
 0.93334437
 0.92658944
 0.93667857
 0.93573439
 0.93842792
 0.93959878
 0.94339014
 0.94160358
 0.94214342

