 0.01339817
0.010533843
0.010199418
0.010090777
0.010087205
0.010097934
0.010121679
0.010114632
0.010203617
0.010203048
0.010170285
0.010247601
0.010194457
0.010251663
0.010162279
0.010177146
0.010219316
0.010409771
0.010540296
0.010678675
 0.01056554
0.010733299
0.010843362
0.010873329
0.010987669
0.011192197
0.011365482
 0.01151335
0.011603552
0.011701455
0.011856439
0.011892254
0.012000995
0.012175183
0.012351965
0.012622943
0.012830879
0.013170674
0.013269477
0.013500766
0.013601623
0.013541122
0.013648612
0.013734957
0.014047032
0.014847988
0.015514615
0.015609572
0.016146733
0.017026494
0.016821873
  0.0174301
0.018429344
0.020034588
0.020716139
0.022714669
0.024533727
0.025413681
0.026748783
0.027951281
0.028308493
0.028364897
  0.0286087
0.028806033
0.029578641
0.030224086
0.029931763
0.031507578
0.032058015
0.032844391
0.033594364
0.034376831
0.034743885
0.035557845
0.035166651
 0.03562883
0.035946801
0.035834349
0.036245176
0.035623899
0.037043213
 0.03772917
0.038123756
0.038609677
 0.03755519
0.037921304
0.038741935
0.037675488
0.038638486
0.039297595
0.039181725
0.038869203
0.038800889
0.038854086
0.039447997
0.039087521
0.039130485
0.039051292
0.039029445
0.039033045
0.039144585
0.039893534
0.039817321
0.039732867
0.040030919
0.039524604
0.040494315
0.040346556
0.039823856
0.039553011
0.039282168
0.039095613
0.039309688
0.039696961
0.039620671
0.040122188
0.040105604
0.040491087
0.040316674
0.040172162
 0.04036293
0.040518806
0.040801544
0.040565658
0.041600947
0.042704845
0.042820216
 0.04362771
0.043969471
0.044683111
 0.04530334
0.046286068
0.046710229
 0.04671611
0.047215386
0.047145993
0.048184631
0.048890501
0.048780511
0.048188052
0.047969329
0.048517425
 0.04885822
  0.0492422
0.049655951
0.050103757
0.050224356
0.050469229
0.051360965
0.052100319
0.052136162
 0.05215318
0.052447941
0.053724274
0.054321388
0.055274612
0.055963612
0.056244606
0.056454661
0.056674885
0.057069775
0.056496203
0.056932919
0.057188257
0.058434176
0.058236272
0.059438376
0.059996304
0.060640273
0.061428763
0.061301022
0.060105803
0.060644619
0.060367186
0.061016878
0.061256845
 0.06284865
0.062994347
0.063399723
0.062823816
0.063223692
0.063111476
 0.06380046
 0.06443053
 0.06579984
0.066588286
0.067688231
0.067806493
0.069233691
 0.06961465
0.071715322
  0.0749018
0.078273016
0.081237655
 0.08278361
0.083269582
0.083766582
0.088400289
0.091505271
0.093633887
0.095878006
0.097608247
  0.1008732
 0.10275204
 0.10544562
 0.10427567
 0.10479737
 0.10713628
 0.10983922
 0.11084411
 0.11057672
 0.11348347
 0.11121495
 0.11187289
 0.11218678
 0.11308527
 0.11416069
 0.11720304
 0.11736786
 0.11808456
 0.11901467
 0.12002976
  0.1196965
 0.12070789
 0.12175018
 0.12257775
 0.12063839
 0.12341445
  0.1239121
 0.12413169
 0.12527915
 0.12537909
 0.12763058
 0.12714242
 0.12706371
  0.1259627
 0.12928286
 0.12791487
  0.1257516
 0.12737854
  0.1238784
  0.1262392
 0.12572199
 0.12828264
 0.12885621
 0.12956059
 0.13005199
 0.13316764
 0.13562014
 0.13523907
 0.13618118
  0.1359292
 0.13570078
 0.13574114
 0.13651688
 0.13929057
 0.14068752
 0.14706213
 0.14601779
 0.15317123
 0.16084672
 0.16312177
 0.17320122
 0.17851387
 0.18128374
 0.18326191
 0.18211281
 0.18512383
 0.18564263
 0.18635563
 0.18781003
 0.18826685
 0.18830034
 0.18839896
 0.19181547
 0.19259394
 0.19413236
 0.19332597
 0.19229883
 0.19541738
 0.19565194
  0.1957781
 0.19837726
 0.19967373
 0.19874451
 0.20096515
 0.20067187
 0.20108206
 0.20013109
 0.20141817
 0.20345705
 0.20736272
 0.20738967
  0.2111281
 0.21411154
 0.21374094
 0.21496165
 0.21614973
 0.21704308
 0.21844145
 0.22245972
 0.21996358
 0.21998496
 0.21999405
 0.22560444
 0.22710186
  0.2250034
 0.23241769
 0.23112079
 0.23190275
 0.23229394
 0.23182225
 0.23292374
 0.23341751
 0.23302341
 0.23411307
 0.23522772
 0.23397083
 0.23550756
 0.23837837
 0.23619025
 0.23773942
 0.23586453
 0.23465473
 0.23499006
 0.23425031
 0.23788176
 0.24437819
 0.24472491
 0.24340201
 0.24535141
 0.24186135
 0.24249522
 0.24133968
 0.24279159
 0.24153619
 0.23858846
 0.24697849
  0.2430493
 0.24399473
 0.24509233
 0.24634025
 0.24498693
 0.24936969
  0.2501204
  0.2511152
 0.25570819
 0.25676072
 0.25878014
 0.25810482
 0.25795267
 0.25432636
 0.24717159
 0.25125887
 0.25167986
 0.25189086
 0.25602186
 0.25711009
 0.25913733
 0.25750276
 0.26404902
 0.26265479
 0.26578477
 0.26828209
 0.26869767
 0.26779041
 0.27153888
 0.27210461
 0.27326725
 0.27113599
  0.2707309
  0.2741012
 0.27202591
 0.27268008
 0.27420915
 0.27520438
 0.27410084
 0.27232374
 0.27365635
 0.27138334
 0.27339636
 0.27763551
 0.27838433
 0.27869547
 0.27959426
 0.28218394
 0.28260716
 0.28304237
 0.28562316
 0.28664539
 0.28726938
 0.28635405
 0.28938126
 0.29175283
 0.28834846
 0.28806693
 0.28895553
 0.29237834
 0.28958838
 0.29111457
 0.28605037
 0.28721783
 0.29423403
 0.29659887
 0.30370189
  0.3033013
 0.29485244
 0.29938326
  0.2972412
 0.29781349
 0.29716132
 0.29720882
  0.3015298
 0.29932357
  0.3054281
 0.30037944
 0.30391787
 0.30049849
 0.30147026
 0.30278245
 0.30405919
 0.30310889
 0.30606237
 0.30533842
 0.30979953
 0.30632857
 0.30803556
  0.3070511
 0.31082256
 0.31239233
 0.31239991
 0.31493402
 0.30956573
 0.31398426
 0.31769712
 0.31466815
 0.31887512
 0.31139443
 0.31821378
 0.31512738
 0.31441964
 0.30699343
  0.3203958
 0.32053092
 0.32009416
 0.31781842
 0.31359585
 0.32578678
 0.33591688
 0.34182862
 0.34074492
 0.34578207
 0.34421759
 0.34702101
 0.34979158
 0.34599221
 0.35016758
 0.35549007
 0.35806577
 0.35987871
 0.36108896
 0.36089941
 0.36028186
 0.35992366
 0.36285829
 0.35828772
 0.35958403
 0.36136934
 0.36133413
 0.36376714
 0.36477725
 0.36931968
 0.37214113
 0.36379575
 0.37011065
  0.3674001
 0.37778448
 0.37835359
 0.38490687
 0.38844303
 0.39168995
 0.39009098
  0.3882841
 0.38821313
 0.39544765
 0.39504863
 0.40335971
 0.39869113
 0.40248391
 0.40299866
 0.40823141
 0.41241876
 0.41567556
 0.41526923
 0.42047234
 0.42254783
 0.41896688
 0.41647209
 0.41932172
 0.41770296
 0.41989817
 0.41647529
 0.41621121
 0.41600636
 0.41944428
 0.41829409
 0.41940245
 0.41993826
 0.42105905
 0.42322925
 0.42458115
 0.42454081
 0.42745194
 0.42391108
 0.42660701
 0.43419307
 0.43891898
  0.4522913
 0.46785144
 0.47095747
 0.48740628
 0.48320354
 0.49786868
 0.50172301
  0.5215683
 0.52458867
 0.52881949
  0.5247323
 0.52206155
 0.52768185
 0.53278964
 0.53352064
 0.53326261
 0.53561058
  0.5366295
 0.53609073
 0.53489108
 0.52658252
 0.53669107
 0.53106326
 0.53952956
 0.54372829
 0.55299104
 0.55074788
 0.55720019
 0.55682397
 0.55636414
 0.55222648
  0.5522592
 0.56476458
 0.56753075
 0.56780936
 0.56773398
 0.56258437
 0.56633804
 0.55547759
 0.55257184
 0.55437737
  0.5513709
 0.55313347
 0.55140191
  0.5535994
 0.56232551
 0.54944975
 0.54016467
 0.53819452
 0.54345954
 0.54831705
 0.55383348
 0.55144216
 0.55876185
 0.55486944
 0.55776227
 0.56140395
 0.56447545
 0.56358502
 0.56496413
 0.57274805
  0.5741655
 0.58270386
 0.58722454
 0.58109623
 0.58616923
 0.58283518
 0.58286866
 0.58053034
 0.57777624
  0.5759462
 0.57774535
 0.57757638
 0.57148495
 0.57476586
 0.57509652
 0.57803997
 0.57541414
 0.57760547
 0.58125154
  0.5776392
  0.5791135
 0.58170023
 0.58638362
  0.5868015
 0.58449464
 0.58368124
 0.57897388
 0.57375149
 0.57933845
 0.57659354
 0.57698036
  0.5815024
 0.58684926
 0.59050193
 0.58581213
 0.58612416
 0.59034823
 0.59470901
 0.59395265
 0.58836631
 0.58758769
 0.59039861
 0.59958673
 0.59802735
 0.60187285
 0.60923128
 0.61029968
 0.60905092
 0.60188412
 0.60595401
 0.60778308
 0.60033922
 0.60725386
  0.6078607
 0.60774565
 0.60621807
 0.60502779
 0.60318086
 0.62047159
 0.62692747
 0.63763673
 0.62566874
 0.62325921
  0.6319374
 0.63822804
 0.63591084
 0.64087625
 0.63679655
 0.63660644
 0.63665511
 0.64292275
 0.64418544
 0.64109146
 0.64450901
 0.64348985
 0.64548078
 0.63956884
 0.64257251
 0.63521935
 0.64787533
 0.63955534
 0.63881186
 0.63970847
 0.65265075
 0.63757193
 0.63876212
  0.6282779
 0.64635674
 0.64119111
 0.64471747
 0.64373225
 0.65576495
 0.64968566
 0.66031372
 0.65986408
 0.65423342
 0.66630223
  0.6699677
 0.66437576
  0.6646728
 0.65691558
 0.65930732
 0.66617893
 0.66568545
 0.66011661
 0.66764292
 0.66808636
 0.67074532
  0.6636904
 0.66982077
 0.68241511
 0.68547817
 0.68060123
 0.69206731
 0.68272813
 0.68244552
 0.67823083
 0.68690508
 0.68616084
 0.67934683
 0.68121634
 0.69055459
 0.68087755
 0.68583618
 0.67866635
 0.69014492
 0.68478615
 0.68995668
 0.69400068
 0.69145339
  0.6856461
 0.68761885
 0.68522135
 0.68112175
 0.68311603
 0.68317069
 0.68255453
 0.68545249
 0.68443493
 0.68124827
 0.68753069
 0.68985888
 0.69375664
 0.69487327
 0.69237222
 0.68976574
 0.69504145
 0.69854041
 0.70218812
 0.69391135
 0.69591928
 0.69729795
 0.70155488
 0.70140672
 0.69492522
  0.7001485
 0.69276274
 0.69556243
 0.69288522
 0.69543576
  0.6951015
 0.69073074
  0.6874766
 0.69926254
 0.69706806
 0.69641437
 0.69161226
 0.69677607
 0.69385271
  0.6987732
  0.6935749
  0.6990347
 0.69858918
 0.69895473
  0.6968469
 0.70029562
 0.70369746
 0.69661509
 0.69637684
 0.69745446
  0.6989592
  0.7103841
 0.71181521
 0.70785652
 0.70052585
 0.70341558
 0.70896871
 0.71692545
 0.71627618
 0.71748279
 0.71610294
  0.7175623
  0.7191414
 0.71747503
 0.71955373
 0.71757991
 0.71415772
 0.71712257
 0.70817437
 0.71077029
 0.71283292
 0.71329626
 0.71557534
 0.71462384
 0.71416256
 0.71241331
 0.71246254
 0.71216163
 0.71392363
 0.70723658
 0.71562976
 0.70938678
  0.7169996
 0.71635338
 0.71796267
 0.71993002
 0.71659707
 0.72597846
 0.72367403
 0.72730416
 0.72546869
  0.7298022
  0.7283613
 0.73115607
 0.72835166
 0.73163819
 0.73030213
 0.72791633
 0.72720604
  0.7269534
 0.73055595
 0.72441408
 0.71937782
 0.71940816
 0.71591452
 0.71343668
 0.71497575
 0.71172537
 0.71312871
 0.71459641
 0.71210704
 0.71539492
 0.71407214
 0.71846756
 0.71729643
  0.7129193
 0.71338734
 0.71770185
 0.71318271
 0.71206569
 0.70928747
 0.71241477
 0.71446917
 0.71405861
 0.72131528
 0.72085871
 0.72097367
 0.72365774
 0.72452214
 0.73013334
 0.74179399
 0.75169547
 0.74891919
 0.74566231
  0.7471063
 0.74684758
 0.75461635
  0.7539931
 0.75064354
 0.75002746
 0.75621351
 0.75490064
 0.75203089
 0.75006481
  0.7427289
  0.7460771
 0.74685661
 0.74832128
 0.74390335
 0.74124277
 0.72773902
 0.73120728
 0.72344213
 0.71992433
 0.71586926
 0.70682234
 0.71647716
 0.71208851
 0.71595761
 0.70748787
 0.71196816
  0.7255892
 0.71601434
 0.72342757
 0.72714556
  0.7424344
 0.73433992
 0.74218375
 0.73353863
 0.73841195
 0.73320655
 0.73196909
 0.72066746
 0.72789613
 0.73350287
 0.74037795
 0.72265289
 0.73229185
 0.73227513
 0.74141476
 0.75032453
 0.74729207
 0.74601529
 0.73536039
 0.74106152
 0.74383616
 0.74693739
 0.74977284
 0.75285518
 0.75739802
 0.75978207
 0.75864783
 0.74408072
 0.75318601
 0.74622131
 0.74282642
 0.75146607
 0.75353876
 0.74684585
 0.74904331
  0.7419424
  0.7395853
 0.74517222
 0.73966729
 0.72861687
 0.73334662
 0.72487187
 0.72452034
 0.73280961
 0.73706831
 0.74805327
  0.7525855
 0.75663472
 0.76102618
  0.7489017
 0.73889671
 0.74205122
 0.73964525
 0.75224508
 0.74949179
 0.75763666
 0.75053142
 0.76685721
 0.75786934
  0.7631613
 0.76645738
 0.76452914
 0.76207668
 0.77387547
 0.78072975
 0.77484913
  0.7717039
 0.77915412
 0.76973654
 0.77704084
 0.77999122
 0.78058192
 0.78674444
  0.7811192
 0.78220257
 0.77524826
 0.77806031
 0.77441845
 0.77808938
 0.77271252
 0.77184085
 0.76708742
 0.76481515
 0.77869301
 0.78163005
 0.78199208
 0.77751331
 0.79094416
 0.79422552
 0.80472771
 0.82027016
 0.81830576
 0.81954692
 0.81252729
 0.81275557
 0.81084127
 0.82682795
 0.83026979
 0.82904789
 0.82031658
 0.83404709
 0.83774737
 0.83417741
  0.8284791
 0.82976594
 0.83808773
 0.84111874
 0.83929957
 0.83696026
 0.83250932
 0.83152356
  0.8254754
  0.8183875
 0.82601324
 0.82996544
 0.83369818
 0.84039434
 0.85159516
 0.85851022
 0.86346957
 0.87371924
 0.86322066
 0.86739245
 0.86221098
 0.86681465
 0.86728313
 0.87283347
 0.86214129
 0.87077618
  0.8740055
 0.87896898
 0.87947391
 0.88033774
 0.87960045
 0.88324111
 0.88444562
 0.88221112
 0.87862591
 0.87316272
 0.87110078
  0.8709341
  0.8780523
 0.87683074
  0.8786194
 0.88165531
 0.88377295
  0.8834368
 0.89460484
 0.89259428
 0.89379779
  0.8971172
 0.89373463
 0.89569074
 0.89570513
 0.89394124
  0.8902252
 0.88546263
  0.8826048
 0.88390104
 0.87954123
 0.87397433
 0.87175498
 0.87414482
 0.88104518
 0.88389318
 0.88344675
 0.88146881
 0.88533946
 0.89181823
 0.88907697
 0.87595925
 0.87873398
 0.87296715
 0.87554045
 0.88110349
 0.87920108
 0.87208697
  0.8757472
 0.88444653
 0.88526626
 0.87883953
 0.88599196
 0.88738929
 0.87834303
 0.87539795
 0.88455276
 0.87295156
 0.87395208
 0.87009746
 0.86498301
 0.85553359
 0.85287381
 0.85514138
  0.8624001
 0.86403041
 0.86116458
 0.86923445
 0.87205264
 0.87805954
 0.87532806
 0.88169428
 0.88836035
 0.88592031
 0.87893948
 0.88991806
 0.88512917
 0.88221498
 0.89109835
 0.88784466
 0.88539924
 0.88590943
 0.88960561
 0.89108728
 0.88966303
 0.88872456
 0.88357737
  0.8802626
 0.87972838
 0.87795839
 0.87687688
 0.88367972
 0.88400116
 0.88026885
 0.88341494
 0.88455089
 0.87871904
 0.86996714
 0.86248572
 0.86445711
 0.87660573
 0.87338596
 0.87592716
 0.87605127
 0.87385858
 0.87512945
 0.87187944
 0.87022692
 0.87302239
  0.8661183
 0.86607718
 0.87231161
 0.86531147
 0.87300071
 0.87758588
  0.8776711
 0.88206111
 0.87934316
 0.88111661
   0.882224
 0.88190609
 0.87864021
 0.87447866
 0.87022425
  0.8695081
 0.86966156
 0.87351417
   0.876084
 0.87479377
 0.87860486
 0.88111643
 0.88151973
  0.8743877
 0.87286588
 0.87531283
 0.86866347
 0.87405482
 0.86439578
 0.86567216
 0.85857477
 0.86015042
 0.85740788
 0.85192697
 0.84813322
  0.8460289
 0.84637371
 0.84517628
 0.84923003
   0.847009
 0.84444214
 0.84681163
 0.84579596
 0.83536151
 0.82780083
 0.83018864
  0.8231866
 0.82646677
 0.81801701
 0.82291867
 0.83375562
 0.83321935
 0.83217698
 0.82766375
 0.82840831
 0.82284411
 0.81616712
 0.80907917
 0.80808449
 0.80997182
 0.80388486
   0.806683
 0.79758307
 0.79156649
  0.8015694
 0.80093488
 0.80312361
 0.79728484
 0.79538263
  0.7976433
 0.79706378
 0.79195328
 0.79165025
 0.78905947
 0.78651931
 0.78170176
 0.78255972
 0.78637501
 0.77904329
 0.77848996
 0.77589574
 0.77209937
 0.77073222
 0.77304003
  0.7734984
 0.77632108
 0.77776628
 0.78411596
 0.78594019
 0.77874483
  0.7826124
 0.78313422
 0.78370502
 0.79109098
 0.79450467
 0.79111093
 0.80090185
 0.81114896
 0.80979296
 0.81082847
 0.80831532
 0.80336379
 0.80167683
 0.80946948
 0.81829358
 0.81856134
 0.82344031
 0.81853687
 0.81239759
 0.82494971
 0.82645851
 0.83297522
 0.83194509
 0.83129869
 0.82698433
 0.83125213
 0.83032311
   0.831049
 0.83077913
 0.82622664
 0.82339877
 0.81613309
 0.82578954
 0.82759919
 0.82512051
 0.82945085
 0.83227311
 0.82390928
 0.81861919
 0.81642859
 0.82724473
 0.82018328
  0.8194694
 0.81554732
 0.80860045
 0.81717084
 0.81588506
  0.8183824
 0.82222011
 0.82481744
 0.82533912
 0.82895471
 0.82987335
 0.82777673
 0.81760084
 0.81233994
 0.81594948
 0.80801279
 0.81700869
 0.81868251
 0.82318471
 0.82967831
 0.82580531
 0.82423744
 0.82800644
 0.83761576
 0.83379743
 0.83081657
 0.82722975
 0.82615687
 0.83020557
 0.82404019
  0.8395655
 0.83741655
 0.83348521
 0.82667473
 0.82810722
 0.81793834
   0.819624
 0.81845409
 0.82052508
   0.810807
 0.81668574
 0.80648434
 0.81701948
 0.81701581
  0.8150719
 0.82132235
 0.82154337
 0.81619699
 0.81606196
 0.81158686
 0.81116636
  0.8114851
 0.81041418
  0.8191071
 0.82699206
 0.83130535
 0.82964165
 0.83470241
 0.84337037
 0.85129093
 0.84968581
 0.84520586
 0.84840328
 0.84770405
 0.85027304
 0.84753627
 0.85283865
 0.85686907
 0.85397926
 0.85553526
 0.85691095
 0.85997632
 0.85724798
 0.85824972
 0.85056265
 0.84564235
 0.84337857
 0.84705623
 0.84958449
 0.84562971
 0.85004596
 0.84361616
 0.85041239
 0.85309581
 0.85188174
 0.84398161
 0.85423499
 0.85355379
 0.85808232
 0.86182322
 0.86382382
 0.86929146
 0.86364383
 0.87490368
 0.87688834
 0.87699827
 0.87345761
 0.87790362
 0.87217249
 0.87504081
 0.87401202
 0.87353784
 0.87462458
 0.87730374
 0.86860858
 0.87316878
 0.87344236
 0.87675988
  0.8741072
 0.87472425
 0.88252504
 0.87517526
 0.87734622
 0.87961128
 0.87511453
  0.8765386
 0.87573371
 0.86932899
 0.87225671
 0.86697382
 0.86158166
 0.85266897
 0.85518434
 0.85692545
 0.85518615
 0.85716858
 0.85785382
 0.86699527
 0.87322447
 0.87350777
 0.86195904
 0.86021386
 0.84788153
 0.84372429
 0.84897912
 0.84991272
 0.84746955
 0.85765829
 0.84857232
 0.85042241
 0.85591994
 0.85061323
 0.84706239
 0.84421512
 0.83750562
 0.84135938
 0.84549122
 0.84637636
 0.85048961
 0.84610442
 0.84655181
 0.84535862
 0.84669551
 0.83382116
 0.83705193
  0.8356031
 0.83957408
 0.84464322
 0.84008604
 0.83857266
 0.82917593
 0.82912616
 0.81672421
 0.81587423
  0.8170827
 0.83441349
 0.83715311
  0.8417965
 0.83743679
  0.8412981
 0.83978662
  0.8414245
 0.83288083
 0.84213944
 0.85464222
 0.85587793
 0.86494197
 0.86467281
 0.86693256
 0.87072586
 0.87897759
 0.87703407
 0.87687459
 0.87249007
 0.87650558
 0.87283618
 0.87143965
 0.86480142
 0.86575863
 0.86824529
 0.87540065
  0.8644962
 0.85748484
  0.8538619
 0.84378351
 0.85971121
 0.83699073
 0.84138992
 0.83282151
 0.82962252
 0.82955448
 0.82864364
 0.83228793
 0.82911271
 0.84056416
 0.82928063
 0.83946822
 0.83813432
 0.83489094
   0.834484
 0.83600506
 0.83370495
 0.83694853
 0.84513331
 0.84205447
 0.84978455
 0.85057123
 0.85429433
 0.85328172
 0.84887776
 0.85291764
 0.85326244
 0.85398105
 0.84905377
  0.8510951
 0.85614413
 0.85458193
 0.84724787
 0.84374913
 0.85065573
 0.84940106
 0.85605201
 0.85121566
 0.85417796
 0.84655327
 0.85035559
 0.84337428
 0.84194972
 0.82841246
 0.82566196
 0.82507881
 0.82898579
 0.83606629
 0.83984121
 0.84449774
 0.84092792
 0.85095084
 0.85270338
 0.85435622
 0.85581509
 0.85734973
 0.85316222
 0.85815366
 0.85379812
 0.85620945
 0.85929585
 0.86742806
 0.86601635
 0.87302908
 0.87204033
 0.87130176
 0.86359322
 0.87385928
  0.8726699
  0.8717152
 0.86844905
 0.87195942
 0.87127934
 0.87182936
 0.87136805
 0.86861702
 0.87108435
 0.87546909
 0.87497702
 0.87786636
 0.87484315
 0.87684911
 0.87139436
 0.87460359
 0.87510455
 0.87516711
 0.87447063
 0.87483201
 0.87956503
 0.87939014
 0.87921546
 0.88514705
 0.88764498
 0.87992653
 0.87481124
 0.87855556
 0.87861008
 0.87915621
 0.87324224
  0.8758597
    0.86585
  0.8751703
 0.87727253
 0.88006206
 0.87937988
 0.87751691
 0.86665918
 0.86255702
 0.85697086
 0.85281611
 0.85065272
 0.85778061
 0.85322481
 0.85077743
 0.85203478
 0.84447723
 0.83964052
 0.83329054
 0.83830764
 0.84001885
 0.83866075
 0.84610947
 0.85206085
 0.86071114
 0.85330596
 0.86777217
 0.86163175
 0.86601213
 0.86716423
 0.86513569
 0.86043826
 0.85900691
 0.85566492
 0.84830612
 0.84256068
 0.85073593
 0.84300151
 0.84933753
 0.85445969
 0.85547039
 0.86314351
 0.85349537
 0.85841621
 0.85744791
  0.8501449
 0.84434109
 0.85338392
 0.85515219
 0.85009767
 0.84764795
 0.85654744
 0.86030314
 0.86138205
 0.86340961
 0.85858188
 0.86723686
 0.86193546
 0.86188348
 0.86215367
 0.86733648
 0.87196328
 0.87697332
 0.87374709
  0.8706616
 0.87438915
 0.87456345
 0.87401664
 0.87633917
 0.87013326
 0.86539915
 0.86686856
 0.86474106
 0.86109974
 0.84605918
 0.84671401
 0.84533777
 0.84778334
 0.83863584
 0.83893942
 0.84923251
 0.83839947
 0.83719909
 0.82753592
 0.82850137
 0.84235929
 0.84475124
 0.84288802
 0.83920454
 0.84765957
 0.85219858
 0.84680856
 0.84705006
  0.8379476
 0.84197304
 0.83688397
 0.84055194
 0.83709437
 0.84492919
  0.8429168
 0.84037795
 0.85689774
 0.86471576
 0.86810659
 0.86852379
 0.86753931
 0.86492929
 0.86807363
 0.87460097
 0.87752654
 0.88359668
 0.88270579
 0.88174633
 0.87997306
  0.8803495
 0.87374404
 0.87050547
 0.87880994
 0.87483746
  0.8779081
 0.87886897
 0.88065537
 0.87630896
 0.87920372
 0.87559142
 0.87726867
 0.87844712
 0.88088921
 0.88781549
 0.88174416
 0.88160336
   0.881583
 0.87106242
 0.87113528
 0.86822827
 0.86903009
  0.8662009
 0.86790876
 0.87309417
 0.87825008
 0.87564727
 0.88093569
 0.88211182
 0.88268418
  0.8801107
 0.88027481
 0.87529997
  0.8777047
 0.87877577
 0.87236631
  0.8726321
 0.87556673
 0.87256599
 0.87133563
 0.87202431
 0.86982278
 0.87218854
 0.87751654
 0.88079448
 0.87754707
 0.87563261
 0.87359531
 0.87187323
 0.87131974
 0.86522391
 0.87405186
 0.87594156
  0.8808533
 0.87396568
 0.87942811
 0.87483765
 0.87858765
 0.88046376
 0.87622844
 0.87982823
 0.87906694
 0.88334175
 0.88037328
 0.87465548
 0.87659596
 0.86989237
 0.86484417
 0.85414735
 0.85807057
 0.85246451
 0.85361519
 0.86246502
 0.85095996
 0.85793701
 0.86264705
 0.87970384
 0.87838069
 0.87557944
 0.87281194
 0.87311731
 0.87417977
 0.87017869
 0.87044067
 0.87522058
 0.87262771
 0.87645939
 0.88170205
  0.8799234
 0.88579864
 0.89317097
 0.89400508
 0.89743638
 0.89755292
 0.90508452
 0.89775962
 0.89047905
  0.8919776
 0.88961764
 0.87027065
 0.86738203
 0.87095733
 0.86772135
 0.85926252
 0.86537428
   0.873406
  0.8771034
  0.8780575
 0.88055083
   0.879978
 0.87934883
 0.87412958
 0.88017128
 0.88448936
 0.88565807
 0.88583066
 0.88968216
 0.88757009
 0.89386089
 0.89708479
 0.89237597
 0.89448191
 0.89698135
  0.8985707
  0.8970143
 0.89857549
 0.89814481
 0.89369295
 0.89506511
 0.89391286
 0.89329983
  0.9005424
 0.89941405
 0.90336607
 0.90139336
 0.90543281
 0.90341352
  0.9108432
  0.9093401
 0.90614076
 0.90587437
 0.90881137
  0.9104018
 0.91249085
 0.90873497
 0.91079555
 0.91520181
  0.9170757
  0.9170288
 0.91414436
 0.91481416
 0.91245691
 0.91022954
 0.90951656
 0.90936331
  0.9120178
 0.91611306
 0.91638713
  0.9133867
 0.90846477
 0.90881636
 0.90108264
 0.90143857
 0.89426247
 0.89897929
 0.89674811
 0.89578411
 0.89643691
 0.89836705
 0.90085953
 0.90115336
 0.89776902
 0.89101091
 0.88909879
  0.8993474
  0.8989671
 0.89610256
 0.89498132
 0.88751968
 0.88906745
 0.89006141
 0.89100857
 0.89841633
 0.89832753
 0.90308203
 0.90927588
 0.91358417
 0.91328216
 0.91401487
 0.91490276
 0.90661566
  0.9077418
 0.91185745
 0.90498472
 0.90909723
 0.90248565
 0.90579074
 0.90709757
 0.91087319
 0.90802673
 0.90804205
  0.9103641
 0.90571059
 0.90623173
 0.90109249
 0.90540989
 0.90697613
 0.90648681
 0.90746173
 0.90801916
 0.90945709
 0.91171289
 0.90753789
 0.90720801
 0.91037306
  0.9031621
 0.90778164
  0.9076727
 0.90786254
 0.91041654
 0.90111073
 0.89917282
 0.89503445
 0.90590734
 0.90120035
 0.90659547
 0.90313914
 0.90989012
 0.90930067
  0.9171434
 0.91412426
 0.91436253
 0.91552293
 0.91138002
 0.91106176
 0.91206138
 0.91250604
 0.90336656
 0.90982766
 0.90111067
 0.89753135
 0.89433914
 0.89481961
 0.90093753
 0.90268934
 0.90542766
 0.91238824
 0.90926088
 0.90280171
 0.90081214
 0.90087838
 0.90441789
 0.89737354
 0.89805463
 0.90152753
 0.90407878
 0.90635796
 0.90372026
 0.90190999
 0.90314957
 0.90261574
 0.90847101
 0.90519791
 0.90075665
 0.90164247
  0.9091013
 0.90965945
 0.91237546
 0.90798977
 0.90523763
 0.90766343
 0.90852463
 0.90912033
 0.90031791
 0.90617599
  0.9081542
 0.90842069
 0.90847577
 0.90762644
 0.90989056
 0.91156745
 0.90794192
 0.90054453
 0.90607026
 0.91119505
 0.90951547
 0.90731582
 0.90604846
  0.9064442
  0.8935544
  0.8967371
  0.8960477
 0.89078576
 0.89259794
 0.88608871
 0.90221257
 0.90284016
 0.90117135
 0.89985574
 0.89598171
 0.89771149
 0.88827376
 0.88582826
 0.88729299
 0.87923817
 0.88331707
 0.87690748
 0.87567614
 0.87629538
 0.88149402
 0.87600486
 0.87694541
 0.87114595
 0.88391371
 0.87782247
 0.87387985
 0.87367215
 0.87366229
 0.87622384
  0.8779087
 0.87811047
 0.88787477
  0.8809438
 0.88314328
 0.87919778
 0.86129261
 0.85169854
 0.84833983
 0.84597153
 0.84609874
 0.84022446
 0.82712575
 0.82419917
  0.8310176
 0.84140273
 0.82622664
 0.81261097
  0.8242547
 0.83059023
 0.81393606
 0.82350268
 0.81983994
 0.81283972
 0.81310067
 0.81855841
 0.81723987
 0.80015285
 0.80670719
 0.82112174
 0.81658674
  0.8179358
 0.82281391
 0.83887437
 0.84335326
 0.83580816
 0.84310045
 0.83557146
 0.84610421
 0.82968948
 0.84109249
 0.83399771
 0.85870929
 0.86472755
 0.86407938
 0.87141141
 0.85651904
 0.85364069
 0.84462209
 0.84033443
 0.85774264
 0.85476241
 0.83572687
 0.81713798
 0.81494699
 0.81672524
 0.82996596
 0.81198481
 0.80984901
 0.80374484
 0.79523713
 0.78403622
 0.78596296
 0.78106927
 0.79505906
 0.78732786
 0.78702144
 0.77672996
 0.77640663
 0.78137298
 0.77832376
 0.77868903
 0.78449093
  0.7628676
 0.78822079
  0.7904783
 0.80955458
 0.81573565
 0.81006849
 0.81176981
  0.8148171
 0.81190608
 0.81629551
  0.8069386
 0.81317745
 0.81969236
 0.81579012
 0.81007405
 0.81528033
 0.81704677
 0.81884919
  0.8102781
 0.80876289
 0.80068603
 0.80827488
 0.80399047
 0.80461013
 0.81195234
 0.81236761
 0.81766115
 0.82565159
 0.82797686
 0.83219458
 0.82193395
 0.82547361
 0.82802236
 0.82423137
  0.8188259
 0.82499155
  0.8191897
 0.81858545
 0.81961812
 0.81463495
 0.82027904
 0.82123169
 0.82215525
 0.82341387
 0.83018691
 0.83108382
  0.8319443
  0.8339513
 0.83247206
 0.83325338
  0.8315356
 0.83010939
 0.82928106
 0.83159421
 0.82468325
 0.81281276
 0.80406773
 0.80358979
 0.80821127
 0.79755846
  0.7946817
 0.80275875
 0.80367053
   0.809105
  0.8161681
 0.81175009
 0.81974045
 0.81233014
 0.80875046
 0.81965123
 0.81906871
 0.81850791
  0.8256308
 0.82916376
 0.82667825
 0.82991612
 0.82058098
  0.8200002
 0.81733353
 0.82014115
 0.81931034
 0.83180051
 0.84021911
 0.83177591
 0.83882606
 0.83333528
  0.8331346
 0.82383509
  0.8342608
 0.84272824
 0.84429202
 0.84987905
 0.85092899
 0.85386225
 0.85471145
 0.85114374
  0.8423476
 0.84410248
 0.84355749
 0.83620157
 0.83161389
 0.83553738
 0.83397142
  0.8367601
 0.83287048
 0.83812171
 0.83785955
 0.84634089
 0.84082961
 0.84734545
  0.8472505
 0.84815704
 0.84723615
 0.85891211
 0.85719326
 0.85347052
 0.85843793
 0.85289078
 0.85750932
 0.85589969
 0.85601622
 0.86094269
 0.85858374
 0.85618385
 0.85128029
 0.85216984
 0.84983377
 0.85438087
 0.85001411
 0.84828717
   0.845499
 0.85007744
 0.85740209
 0.85993549
 0.86203445
 0.86157157
 0.86588411
  0.8623958
 0.85948396
 0.85824663
 0.85511474
 0.85742547
   0.858122
 0.86003226
 0.85439024
 0.85306401
 0.85349041
 0.85429719
  0.8526865
 0.85289264
 0.85192539
 0.84844744
 0.84698481
 0.84745488
 0.84387804
 0.84636688
 0.84897928
 0.83972634
 0.84939763
 0.85224501
  0.8532738
 0.84971028
 0.84393212
 0.84533591
 0.84652824
 0.84481218
 0.84400195
 0.83940791
 0.84283217
 0.83873092
 0.83864022
 0.83802764
 0.84341972
 0.83903053
 0.84188631
 0.83859568
 0.83681971
 0.84475832
 0.83837475
 0.84100726
 0.84264421
 0.84137321
   0.841727
 0.84645514
 0.84772127
 0.84732182
 0.85032069
 0.84765924
 0.84781156
 0.84730366
 0.84486488
 0.84179243
 0.84150524
 0.83815462
 0.83375878
 0.84095168
 0.84525601
 0.84294411
 0.84034292
 0.83564446
 0.83232486
 0.84576124
 0.83436403
 0.84748507
 0.84799119
 0.84211027
 0.84255123
 0.84139053
 0.84077436
 0.84045475
  0.8393978
 0.84278001
 0.84132086
 0.83969261
 0.84273472
 0.84972755
 0.85089853
 0.84429405
 0.84812795
 0.85140257
 0.84887195
 0.85750167
 0.86012682
 0.86946052
  0.8684404
 0.86848738
 0.86854563
 0.86278039
 0.86318697
 0.86221722
   0.867436
 0.86026611
 0.85388634
 0.85890146
 0.86143641
 0.86182007
 0.86417066
 0.86304327
 0.86293462
 0.86463291
 0.86465405
 0.86700156
 0.85985466
 0.85831942
 0.85271059
 0.85694993
 0.85211022
 0.85603959
 0.85793887
 0.86270942
 0.86277587
 0.86732531
 0.86130653
 0.86482206
 0.86985084
 0.86916131
 0.86772855
 0.85774526
 0.85420357
 0.84581162
 0.85919498
 0.85554491
  0.8632403
 0.85524055
 0.85211945
   0.854977
 0.84407425
 0.84562369
 0.84940099
 0.85011962
 0.86809484
 0.87855177
   0.887923
 0.89417887
 0.88767113
 0.88867052
 0.88908381
 0.88757349
 0.87971387
 0.88629355
 0.88024456
 0.87566168
 0.87740836
 0.87801815
 0.87272297
 0.87537583
 0.87930117
 0.88007064
 0.87422385
  0.8740877
 0.87205653
 0.87405357
 0.87152536
 0.87492769
 0.86734663
 0.86744788
 0.87504221
 0.87632932
 0.87520508
 0.87517161
 0.87710727
 0.86812215
 0.87055041
 0.87168852
 0.87753857
  0.8787224
 0.87876657
 0.87775554
 0.87373067
  0.8822116
 0.88404056
 0.88514269
 0.88143964
  0.8739434
 0.87599737
  0.8804755
  0.8813577
 0.88279067
 0.88492679
 0.87732742
 0.87319946
 0.87677194
 0.88026421
 0.88209079
 0.88172115
 0.87424394
 0.87718167
 0.87964678
 0.88482887
  0.8812332
 0.87593871
 0.88019703
 0.88229469
 0.87414689
 0.87643082
 0.87647879
 0.87630647
 0.87950967
 0.87499428
 0.87534737
   0.876388
    0.87974
 0.87710925
 0.87694109
 0.87977841
 0.88101223
 0.87915491
 0.88251211
 0.88049896
 0.88542359
 0.88267057
  0.8884749
 0.88298496
 0.88582356
 0.88556005
 0.88773364
 0.89008681
 0.89223721
 0.89137083
   0.886047
 0.88865391
 0.88449937
  0.8854367
 0.88697959
 0.88584577
 0.88616992
 0.88774263
 0.88695255
 0.88632907
 0.88152014
 0.88591238
 0.88445117
 0.87602916
 0.87625386
 0.87791404
 0.87204133
 0.87197223
 0.86923458
  0.8707778
 0.87375603
  0.8713494
 0.87332904
 0.87441715
 0.87945244
 0.87659138
 0.87592533
 0.88001881
 0.87993688
 0.88323703
 0.87594975
  0.8785253
 0.88043835
 0.88050015
 0.88677028
 0.88367128
 0.87821366
  0.8793293
 0.87460773
 0.86674482
 0.86915148
 0.87257914
 0.87797913
 0.87646266
 0.88366054
 0.88063566
 0.87792595
 0.87070249
 0.87576769
 0.88034291
 0.88287082
 0.87906968
 0.88141914
 0.87825451
 0.88373073
 0.88118252
 0.88095968
   0.877212
 0.87969146
 0.87405699
 0.87555385
 0.87570304
 0.87785428
 0.87966807
 0.87768686
 0.86939658
 0.88163871
 0.87702544
 0.87029796
 0.87184844
 0.86962897
 0.86749397
  0.8675485
 0.86428932
 0.86779385
 0.86321565
 0.86743963
 0.86855862
 0.87048225
 0.87202992
 0.87000484
 0.86151631
 0.86860962
 0.86244501
 0.86586597
 0.85699993
 0.86158546
 0.86140601
 0.86555632
   0.865917
 0.86136477
 0.85752449
 0.86486696
 0.86164166
 0.86319937
 0.87412402
 0.87149238
 0.87563788
 0.87032718
 0.87659485
 0.87628129
 0.87270736
 0.87619489
 0.86859511
  0.8623414
  0.8710802
 0.87351211
 0.87645274
 0.87218561
 0.87549342
 0.87389123
 0.88612457
  0.8840136
  0.8832713
 0.86794316
 0.86421958
 0.85964625
 0.85151821
 0.86929044
 0.87375197
 0.87785721
 0.88577742
 0.89000002
 0.89254548
  0.8896422
 0.88972118
 0.89071775
 0.89121708
 0.88855305
  0.8801318
  0.8891973
 0.88897566
 0.88423655
 0.88827374
 0.89591429
 0.89468194
 0.89513567
 0.89004746
 0.88322681
 0.88402241
 0.88067905
 0.87806287
 0.86654586
 0.87206657
  0.8641965
 0.85755448
 0.84905658
 0.84674023
 0.85917694
 0.86920697
 0.87397054
 0.88198157
 0.87935796
  0.8777779
 0.88392111
 0.89096851
 0.88741282
 0.89280934
 0.88678682
  0.8842168
 0.88129945
 0.87420758
 0.88576654
 0.88360475
 0.88367462
  0.8818263
 0.88751358
 0.89066133
 0.89088411
 0.89529496
 0.89076924
 0.88929387
 0.88634603
 0.89136774
 0.89221044
 0.88956582
 0.89249515
 0.89369756
 0.89298317
 0.89083269
 0.88341283
  0.8830001
 0.88116656
 0.89082699
   0.896919
 0.89380262
 0.89092575
  0.8876391
 0.88064412
 0.88680524
 0.88849261
 0.89312906
  0.8910732
  0.8879183
 0.88393434
 0.88950892
 0.89765538
 0.89060872
 0.89567128
 0.89848851
 0.89924681
 0.89751056
 0.89757928
 0.89552213
  0.9001813
 0.90282175
 0.90126257
 0.90166002
 0.90139215
 0.89825043
 0.89850774
 0.90144113
 0.89863408
 0.89037792
 0.89135949
 0.88892118
 0.86723963
 0.87581295
 0.87983239
 0.87670891
 0.87576299
 0.87025537
 0.87279869
 0.86224294
  0.8682222
 0.86893105
 0.87651892
 0.87741681
 0.88613388
 0.88032587
  0.8862692
 0.89535981
 0.89216176
 0.88666451
 0.88221399
 0.87680904
 0.87016348
 0.86491056
 0.87233385
 0.87579123
  0.8806899
 0.88668463
  0.8822024
 0.87324519
 0.87121445
 0.87577059
 0.87798626
 0.88181496
 0.87720061
 0.87903332
 0.88077848
  0.8879803
 0.89656553
 0.89641745
 0.90115548
 0.90489806
 0.90435153
  0.9007037
 0.89990312
 0.89896049
 0.89841791
 0.89795579
  0.8865985
  0.8874745
 0.89296161
 0.89337532
 0.89939253
  0.8987571
  0.8948308
 0.89424709
 0.89522628
  0.8894682
  0.8866524
  0.8914063
 0.89602719
 0.90086918
 0.90647619
 0.90669372
 0.90257588
 0.91624109
 0.90882473
 0.89548217
 0.89295912
 0.89724902
 0.89813158
 0.90740233
 0.91634683
 0.91965983
 0.91196103
 0.90832672
 0.90431111
 0.91059222
 0.91565009
 0.92243833
 0.92020465
 0.90683602
 0.91086673
 0.90886081
  0.9143252
  0.9155848
 0.91156668
 0.91222863
 0.91215522
  0.9105088
 0.90957565
  0.9111746
 0.90399762
 0.90455431
  0.9098529
 0.91015071
 0.91159186
 0.90530373
 0.91205051
 0.91932556
 0.91863189
 0.91330748
 0.91375211
  0.9165826
 0.92029923
 0.91957131
 0.91698652
 0.91122842
 0.90910314
  0.9105821
  0.9059103
 0.90954718
 0.91076937
 0.91387822
 0.90727436
 0.90997647
 0.90390256
 0.90449924
 0.90359517
 0.90774372
 0.90586617
 0.90480015
 0.90750743
 0.90855921
   0.900761
 0.88805671
 0.88082494
 0.87811265
 0.87539839
 0.88119824
 0.87299718
 0.87830686
 0.88202045
 0.88602719
 0.87994817
   0.888865
 0.89171725
 0.89067571
 0.88433139
 0.87780188
 0.87618535
 0.87402519
 0.87073742
 0.87748718
 0.88108828
 0.87903234
 0.88762455
 0.88476237
 0.88178499
 0.88416287
 0.88045665
 0.87593755
 0.87717804
 0.87511742
 0.87113579
 0.87526251
 0.87006284
 0.86883285
 0.87099258
 0.86865369
 0.86914571
 0.86563388
  0.8656983
 0.86294302
 0.86567728
 0.87221685
 0.87961291
 0.87555849
  0.8744944
 0.87170867
 0.87130477
 0.87009195
  0.8758665
 0.88536735
 0.88094511
 0.87392532
 0.86871706
 0.88094801
 0.87598036
 0.86868522
 0.87978052
 0.87737961
 0.87938269
 0.87825567
 0.87774308
 0.87924842
 0.88036269
 0.89095628
 0.90140865
 0.90825738
 0.90604036
  0.9076826
 0.91004779
 0.91939334
 0.91164088
 0.91597545
 0.92286326
 0.92438133
 0.92522307
   0.924222
 0.92582551
 0.91701343
 0.90630761
 0.90183977
 0.90746771
 0.91009145
 0.89798891
 0.89101563
 0.89112879
 0.90095943
 0.89932273
 0.90376673
 0.91004437
 0.90194848
 0.90302238
 0.89652029
 0.89316014
 0.89596049
 0.89982336
  0.9061821
 0.89873908
 0.90099688
 0.90423433
 0.89965177
  0.8930206
 0.88546392
 0.88650752
 0.87930383
 0.88771613
 0.87907232
 0.88514211
 0.88856138
 0.88685015
 0.89289749
 0.89177958
 0.88936829
 0.88390727
 0.88696449
 0.87788301
 0.88149372
  0.8793418
 0.87585878
  0.8760173
 0.88011436
 0.87842639
 0.87666591
 0.88347849
 0.88413928
 0.88168922
 0.88066945
  0.8786144
 0.87040555
 0.86685458
 0.86262081
 0.85510591
 0.85569907
 0.85447099
 0.85852474
 0.86303826
 0.85600487
 0.86381571
 0.86818638
 0.87047193
 0.85931253
 0.85892057
 0.85736709
 0.86450342
 0.87363342
  0.8733331
 0.87583112
 0.87080519
 0.85886641
 0.86641838
 0.86451529
 0.88057266
 0.88360527
  0.8885854
 0.89409405
 0.89368625
 0.89084179
 0.89611116
 0.89164689
 0.88850872
 0.88879045
 0.88874968
 0.88654577
 0.88869522
 0.88993291
 0.88492014
 0.88392251
 0.88124304
 0.88343239
  0.8852851
 0.88838795
 0.88856709
 0.88454283
 0.88344715
 0.88190856
 0.87357998
 0.87491357
 0.87777937
 0.87959921
 0.88337728
  0.8747353
 0.87582563
 0.87626238
 0.87814671
 0.88038592
 0.88544669
 0.88497652
 0.87443518
 0.87628243
 0.87882337
 0.88131251
 0.87818744
 0.87360579
 0.87296188
  0.8752395
 0.87875848
 0.88427349
 0.88503219
 0.88866053
 0.88936647
 0.88570464
 0.89000755
 0.88913397
 0.88834952
 0.88752085
 0.88651039
 0.88303894
 0.88682392
 0.88487451
 0.88441559
 0.88139489
 0.88276449
 0.87964977
 0.87370639
 0.86552374
 0.86672595
  0.8734505
 0.87605368
 0.88016237
 0.87636865
 0.87152432
 0.86708075
 0.86204731
 0.86591904
 0.86514568
 0.86012305
 0.85743056
  0.8690685
 0.86609134
 0.86142362
 0.86553575
 0.86788011
 0.86883213
 0.86021728
 0.85777297
 0.85099515
 0.84216038
 0.83920567
 0.84243508
 0.85162209
 0.85693412
 0.84956391
 0.85516775
 0.86274948
 0.86681706
 0.86934582
 0.86853573
 0.86871682
 0.87089778
 0.87350689
 0.87271377
 0.87415401
 0.86738173
 0.86682599
 0.87101898
 0.87275632
 0.87749308
 0.88461204
 0.88334038
 0.88141763
 0.87684819
 0.88008026
 0.88565893
 0.88886887
 0.89245598
 0.89202244
 0.89138965
  0.8907819
 0.88912315
 0.89238261
   0.886038
 0.88706123
 0.88892258
 0.88842351
 0.88704696
 0.89590733
 0.89916388
 0.90299098
 0.89944758
 0.89895192
 0.89717363
 0.89400858
 0.89536883
 0.88548279
 0.89624985
 0.90308508
 0.90188283
 0.90082798
 0.89650386
 0.90337253
 0.90875277
 0.90481077
 0.90080796
 0.89428803
  0.8935105
 0.89524006
 0.89653386
 0.89520208
 0.89043229
 0.89385815
 0.88851613
 0.89407018
 0.89450166
 0.89288057
  0.8942858
 0.89677279
 0.88739148
 0.88535831
 0.89273435
 0.89569326
 0.89523914
 0.89200253
 0.89193375
 0.88901709
 0.88979619
 0.88816364
 0.88541119
 0.89498307
 0.88703552
 0.89018585
 0.89081568
 0.88826684
 0.88293498
 0.87704205
 0.87566496
 0.87970111
 0.87665911
 0.87974941
 0.87913358
 0.87780313
 0.88420583
 0.88330802
 0.88099533
 0.88025315
 0.87829075
 0.88078534
 0.89104081
 0.88876467
 0.88783999
 0.88889127
 0.89154528
 0.88314796
 0.89707264
 0.89302641
 0.89632884
 0.89427987
 0.88796709
 0.88870907
 0.89423888
 0.88953802
 0.89616315
 0.89628924
  0.8943644
 0.89639972
 0.90071007
 0.89215019
 0.88826428
 0.89730945
 0.88982864
 0.89291058
 0.89908026
 0.90040069
 0.90026072
  0.8967901
 0.89930299
 0.89635381
 0.89802126
 0.89652284
 0.89841296
 0.89502717
 0.89794007
 0.90045665
 0.89993951
 0.89777549
 0.89657495
 0.89341221
 0.89659133
 0.88888871
  0.8880505
 0.88747053
 0.88332643
  0.8765943
 0.87921005
 0.87191418
 0.88258901
 0.88559603
    0.88274
  0.8801053
 0.87479532
 0.87948824
 0.87643243
 0.87224304
 0.87663298
 0.87671781
 0.87044191
 0.87292518
 0.87445016
 0.87207973
 0.86859444
 0.86748621
  0.8536719
 0.84829448
 0.84230285
  0.8454001
 0.83963464
 0.83710959
 0.84593203
 0.85297164
 0.85288003
 0.84467044
 0.83690645
 0.83377686
 0.83475758
 0.84049307
 0.84133833
 0.85395237
 0.85557322
  0.8519265
 0.83887507
  0.8440714
 0.84716928
 0.84845581
 0.84703693
 0.85002383
 0.86543359
 0.86113967
 0.86919669
 0.86743019
 0.87390772
 0.86830446
 0.86998501
 0.86591759
 0.86996129
 0.87159626
 0.87254285
 0.87563566
 0.87089683
 0.87373165
 0.88102717
 0.87340899
  0.8789065
 0.88610813
 0.88536589
 0.88498827
 0.87846264
 0.87967599
 0.88266865
 0.88142475
  0.8783879
 0.88194802
 0.88859449
  0.8792054
 0.88568602
 0.88598591
 0.88392534
 0.88708891
 0.88512325
  0.8836691
 0.88545981
 0.88697712
 0.88966322
 0.88854533
 0.89962603
 0.88826848
 0.88436038
 0.88085636
 0.88503205
 0.89473664
 0.90195728
 0.91176432
 0.90667889
 0.90832835
 0.90945112
 0.90898955
 0.90830372
 0.90636458
 0.90765083
 0.90816245
  0.9082611
 0.90793292
 0.90885097
 0.90384813
  0.9057641
 0.90635865
 0.90439893
 0.89739568
 0.89291671
 0.89404719
 0.89338564
 0.89142251
 0.87631044
 0.86783902
 0.87190377
 0.87379896
 0.87276972
 0.87566481
 0.87461461
  0.8728783
 0.88000438
 0.88397917
 0.88489265
 0.89671143
 0.90189457
 0.89716268
 0.89407685
 0.89784185
 0.90223196
 0.90157721
 0.89778428
 0.89415319
 0.89383647
 0.89465007
  0.8915607
  0.8926623
 0.89426368
 0.88651478
 0.89077314
 0.89440251
 0.88850268
 0.89340506
 0.89608546
 0.89702584
 0.90287003
 0.89910203
 0.89291598
 0.89704284
 0.89090065
 0.88316116
 0.87727159
 0.87289605
 0.86190004
  0.8579689
 0.85821192
 0.85545301
 0.85697027
 0.85704094
 0.86329033
 0.86548962
 0.86070897
 0.87088785
 0.86603336
 0.86351589
 0.85517627
 0.83737597
 0.84529313
 0.84302789
 0.83965516
 0.84657956
 0.85016354
 0.84822092
 0.86002336
 0.85719142
 0.85632053
 0.86347008
 0.85690344
 0.86438703
 0.85779781
 0.85808934
 0.85332304
 0.85350401
 0.85392744
 0.84806328
 0.85480079
 0.85031615
 0.85659871
 0.85154513
 0.85328619
 0.85405394
 0.85277192
 0.85095929
 0.85755485
 0.85765452
 0.84970019
 0.85313019
  0.8615541
 0.86669404
 0.85957017
 0.86068428
 0.85520873
 0.85661879
 0.85932353
 0.85311876
 0.85308736
 0.86340347
  0.8638504
 0.86092684
 0.86465876
 0.86075475
 0.86440963
 0.85651247
 0.85884238
 0.85865253
 0.85934036
 0.84993525
 0.85180891
 0.85041517
 0.85411101
  0.8573772
 0.86193974
 0.87276117
 0.87562699
 0.86950471
 0.87370803
 0.87043597
 0.87062526
 0.86648851
 0.86882333
  0.8685687
 0.87584467
 0.87167764
 0.87876748
 0.87142403
 0.87355051
 0.86675701
 0.86422937
 0.86166028
 0.86127815
 0.86600791
 0.86766504
 0.86250631
  0.8678958
 0.86424337
 0.86633354
 0.86640905
 0.86103529
 0.86535215
 0.86768961
 0.86844474
 0.87439645
 0.87429548
 0.87037241
 0.87058818
 0.86632017
 0.87410968
 0.86684855
 0.87064246
 0.86996396
 0.87638652
 0.87524676
 0.87556171
 0.87511963
 0.88074057
 0.88061712
 0.87928373
 0.88062505
  0.8769442
  0.8711212
 0.86998502
 0.86974296
 0.86562944
 0.86902381
 0.87142908
 0.87066138
 0.87552845
 0.88233218
 0.87608522
 0.87436036
 0.86604243
 0.86867538
 0.87620358
 0.87750252
 0.87379652
 0.86867461
 0.87285913
  0.8761319
 0.87937076
 0.87758807
 0.87667913
 0.87698504
 0.88279117
 0.88397199
 0.88266127
 0.89044665
 0.88676337
 0.89159585
 0.89066212
 0.89546713
 0.89184431
  0.8974055
 0.88867877
 0.90115765
 0.89499227
 0.90405854
 0.89923069
  0.9013185
 0.90030284
 0.90088993
 0.90282948
 0.89922223
 0.90094062
 0.90556575
 0.90634136
 0.90554802
 0.90448645
 0.89828402
    0.90441
 0.90268043
 0.90609939
 0.90432232
 0.90518743
 0.91263787
 0.90818337
 0.91418388
  0.9066594
 0.90738131
  0.9067319
  0.9140078
 0.91440458
 0.91455438
 0.91046808
 0.90729143
 0.91602565
  0.9192126
 0.92040402
   0.919988
 0.92138902
 0.92151258
 0.91562431
 0.90820873
 0.91227337
  0.9148582
 0.91153461
 0.90645447
 0.90466082
 0.90267196
 0.90411131
 0.90415342
 0.90621577
 0.90699516
 0.90946207
 0.90540307
 0.91230687
  0.9111445
 0.91118864
 0.90206651
 0.90759719
 0.90940683
 0.91007633
 0.90438086
 0.91311665
 0.90784687
 0.90385324
 0.89768681
 0.90329436
 0.90437627
 0.90704428
 0.90238957
 0.90301874
  0.9075388
 0.90302105
 0.90721671
 0.89905245
 0.89859841
 0.90188624
 0.90330245
 0.90516701
 0.90206396
 0.90242342
 0.89829529
 0.90277366
 0.90701822
 0.90328053
 0.90954378
 0.90421485
 0.90866762
 0.90881383
 0.90739593
 0.90380373
 0.90586553
 0.90719626
 0.91165114
 0.91861168
 0.91581215
 0.92130304
  0.9163269
  0.9130484
 0.91208154
 0.91191499
 0.90734234
 0.90966001
 0.91249362
 0.91842087
 0.91923217
 0.91503296
 0.91336051
  0.9126524
 0.91214766
 0.90578177
 0.90726752
 0.90194687
 0.89805771
 0.90438358
 0.89687031
 0.90663578
 0.89970011
  0.9014009
 0.89595479
 0.89958844
 0.90313034
 0.89817546
 0.90667756
 0.90626507
 0.90359843
 0.89693761
 0.89906639
  0.9032412
 0.90336818
 0.90226367
 0.89876205
 0.89891741
 0.89893763
 0.90423337
 0.90309177
 0.90066864
 0.89970038
 0.90048232
 0.89823366
 0.89595868
 0.89175491
 0.89412659
 0.89454883
 0.89612516
  0.8947855
 0.89584732
 0.88916096
 0.88581458
 0.88632167
 0.88444684
 0.88034047
 0.87288761
 0.86283653
 0.86811586
 0.87389733
 0.87406121
 0.88650899
 0.87832771
 0.88125076
 0.87743738
 0.89318628
 0.88946207
 0.88879101
 0.88804228
 0.89469457
 0.88896779
 0.89790962
 0.89450202
  0.8969288
 0.88969638
 0.89662202
 0.89989438
 0.89073595
 0.88078615
 0.87940618
 0.87105257
 0.88141815
 0.89068365
 0.89414125
 0.88448633
 0.87749427
 0.88649364
 0.87419413
 0.87607815
 0.87878704
 0.87612459
 0.87379279
 0.88066035
 0.88170875
 0.87917464
 0.87795767
 0.87916349
 0.88182416
 0.88008465
 0.88803088
 0.87985189
 0.88331326
 0.87302629
  0.8648082
 0.86868412
 0.86159752
 0.86603667
 0.87142642
 0.87250495
 0.88063846
 0.88286864
 0.88050837
  0.8712591
 0.86842472
 0.86540811
 0.87095949
 0.87827033
 0.87862735
 0.87140634
  0.8538568
 0.86336651
 0.86751397
  0.8807732
 0.88330013
 0.89000515
 0.89249749
 0.89151786
 0.88762607
 0.87917673
 0.88449921
   0.887718
 0.88992157
 0.88642674
 0.89431335
 0.89274637
 0.89245208
  0.8839561
 0.88690383
 0.88277382
 0.88333585
 0.87953365
 0.88873465
 0.89165769
 0.88851167
 0.88992686
 0.89400047
 0.88800511
  0.8858177
 0.88738121
 0.88757812
 0.88710213
 0.88895529
 0.89531646
  0.9051297
 0.90586418
 0.90694365
 0.90643571
 0.90665382
 0.90817232
 0.90712943
 0.91124058
 0.90883067
 0.90542033
 0.89804024
 0.90174981
 0.89948814
 0.90137257
 0.90344633
 0.90289241
 0.90403254
 0.90599967
 0.90940367
 0.91444409
 0.91025623
 0.90430465
 0.89562869
 0.89888167
 0.90183095
 0.90519724
 0.90295204
 0.90189762
 0.90467917
 0.90334501
 0.90254262
 0.90099059
 0.89587478
  0.9007123
 0.90643049
 0.90567897
 0.90838285
 0.90894858
 0.91200303
 0.91439824
 0.91038197
 0.91407251
 0.91535341
 0.91306735
   0.914156
  0.9145787
 0.91132808
 0.90950457
 0.90268438
 0.90166287
 0.89349288
 0.89798193
 0.89492937
 0.88844567
 0.88551288
 0.88357168
  0.8903226
 0.88299168
 0.88976171
 0.88662115
 0.89824173
 0.90259212
 0.90432879
 0.90855672
  0.9085574
 0.91374084
 0.91960978
 0.91913738
  0.9121776
 0.90935522
 0.90451255
 0.90011805
 0.90263683
 0.90534605
 0.89925047
 0.89750908
 0.89967781
 0.90272752
 0.90486573
 0.90966766
 0.91196185
  0.9061681
 0.90163862
 0.89882033
 0.88741595
 0.88868444
 0.88942696
 0.89741883
 0.90096161
 0.89577417
 0.89639661
 0.89498106
  0.8884041
 0.88944011
 0.88740707
  0.8829238
 0.87771255
 0.88222054
 0.88340215
 0.88502695
 0.87777328
 0.86584797
 0.86500018
 0.87414362
 0.87288603
 0.87297151
 0.86998962
 0.87211293
 0.86861733
 0.86285454
  0.8557154
 0.86228564
 0.85947532
 0.86348305
 0.85866255
 0.86011607
 0.86299149
 0.86782347
 0.86547457
 0.85929547
 0.86364899
 0.85752939
 0.84763881
 0.84775332
 0.84702354
 0.84273706
 0.83737947
 0.83652908
 0.84084986
 0.83996908
 0.84826846
 0.85202101
 0.85628485
 0.86026589
 0.85606064
 0.85511649
 0.86033508
 0.85710226
 0.85831274
 0.85637456
 0.85049909
 0.85397487
 0.85741314
 0.85316955
 0.85686422
 0.85504441
  0.8611624
 0.86855056
 0.87222981
  0.8695355
 0.86536284
  0.8651675
 0.85904769
 0.85353715
 0.85260735
 0.86071405
  0.8588317
  0.8658505
 0.86387601
 0.86789257
 0.87031597
 0.86831233
 0.87002288
 0.87454031
 0.87219428
 0.87143121
  0.8711403
 0.87182834
 0.87386337
  0.8682423
 0.87543033
 0.87478838
 0.87770011
 0.87164187
 0.87628534
 0.87480079
 0.87478763
 0.87374696
 0.87011631
 0.86949548
 0.87561967
 0.87582195
 0.87657296
 0.87884255
 0.88127158
 0.87937328
 0.88043933
 0.88217117
 0.87909464
 0.88328281
 0.87814382
 0.87980619
 0.88259061
 0.88049146
 0.87713155
 0.87571932
 0.87146097
 0.87220834
 0.87323464
 0.86876366
 0.87297109
 0.87070847
 0.86963281
 0.85802108
 0.86015076
 0.85192759
 0.85504319
 0.85096278
 0.84581987
 0.84343778
 0.84678424
 0.84664094
 0.84661485
 0.84890878
 0.85377376
  0.8528987
 0.86409983
 0.86114291
 0.87390312
 0.86379572
 0.86334346
 0.86479765
 0.86043038
 0.86203881
 0.86894876
 0.86337017
 0.86709879
 0.86905097
 0.87951652
 0.86475335
  0.8558627
  0.8529312
 0.85280214
 0.85378542
 0.84620541
 0.85261731
 0.84065771
    0.84661
 0.83923422
 0.84768552
 0.85857136
  0.8645955
 0.87038152
 0.87760695
 0.88026028
 0.88290818
 0.88415196
 0.87777254
 0.87446084
 0.87286188
 0.86807191
 0.86918432
 0.87043646
 0.86004409
 0.85628486
 0.85551352
 0.85492814
 0.85767389
 0.85599326
 0.84766886
  0.8601695
 0.85249829
 0.85211704
  0.8723961
 0.87401528
 0.87221682
 0.86999258
 0.87764571
 0.87377414
 0.87996868
  0.8760718
 0.87534181
 0.87996945
 0.88293749
 0.88474808
 0.88684783
 0.88666943
 0.88652862
  0.8956643
 0.89361829
 0.89702095
 0.89483463
 0.89877235
 0.89604992
 0.89513265
 0.89312809
 0.89599631
 0.89594763
 0.88938026
 0.89277078
 0.88263763
 0.87888519
  0.8809709
 0.88819542
 0.88645182
 0.87970099
 0.88212845
  0.8768112
 0.87679343
 0.87376625
 0.87027808
 0.86162097
 0.85476203
 0.86620107
  0.8743553
 0.87599985
 0.88033576
 0.88508961
 0.88648749
 0.88749546
 0.89101558
 0.89218829
 0.89248752
 0.89290818
 0.89285027
 0.89122307
 0.89325432
 0.89320803
 0.89062909
 0.89133347
 0.89657144
 0.89552669
 0.89227126
 0.89294253
 0.88706903
 0.89247208
 0.89250101
 0.89692702
  0.8858379
 0.89058167
 0.88988185
 0.89250809
 0.89038587
 0.89349074
  0.8979682
  0.8967013
 0.89733609
 0.89341817
 0.89567137
 0.88617899
 0.88754863
 0.88113647
 0.87811005
 0.88358917
 0.88204338
 0.88291234
  0.8814617
 0.87267026
 0.87566185
 0.87505547
 0.87639159
 0.86829733
 0.86873118
 0.86575023
 0.87140535
    0.86499
 0.85655506
 0.85123015
 0.85739661
 0.85969753
 0.86329152
 0.86274033
 0.86303179
 0.86317234
 0.86222693
 0.85481104
 0.85008263
 0.85923674
 0.85881883
 0.86636869
 0.86161825
 0.85076469
 0.85974842
 0.84781507
 0.85204158
 0.84073999
 0.84342413
 0.85248902
 0.84869128
 0.85335836
 0.84513023
 0.84594574
 0.86027524
 0.86169423
 0.86323809
 0.86016308
 0.86814308
 0.86971241
 0.86506229
 0.86241018
 0.86883553
  0.8653585
 0.86983405
   0.870213
 0.86124776
 0.86228326
 0.86546626
 0.86802924
 0.87243642
  0.8695966
 0.87121826
 0.86781693
 0.86110446
 0.86442492
 0.86478905
 0.86325556
 0.86162868
  0.8741062
 0.86851414
 0.86966178
 0.87262768
  0.8711148
 0.87313321
 0.87684467
 0.87496271
  0.8746941
 0.87206063
 0.86629641
 0.86661373
 0.86134375
 0.85966378
 0.86569282
 0.86942865
 0.85992397
 0.86858516
 0.86617516
 0.87013352
 0.86358493
 0.86551484
 0.86554472
 0.87217756
 0.87016166
  0.8755548
  0.8717511
 0.88155438
 0.87930653
 0.88651067
 0.88380643
 0.88395601
 0.87357293
 0.87645813
 0.88197524
  0.8801041
 0.87626118
 0.87548426
  0.8769955
 0.88125382
 0.88530172
 0.88496149
 0.87442832
 0.87426835
 0.87235977
 0.86562416
 0.86558585
 0.86730372
 0.86501793
  0.8607914
 0.85213237
 0.84110128
  0.8423124
 0.83144687
 0.83269654
 0.83357659
 0.84214444
   0.849478
  0.8498297
 0.84655498
  0.8483791
 0.84487709
 0.84858335
 0.84217364
 0.83910351
 0.84262776
 0.84701983
 0.85026934
 0.84949429
 0.84591178
 0.84811968
 0.85306015
 0.85619774
 0.85844963
  0.8508575
 0.85346941
 0.86001951
 0.86215179
 0.87001077
 0.87372733
 0.88691197
 0.88485294
 0.88322339
 0.89078999
   0.896249
 0.90724177
 0.90721205
 0.90420454
 0.89775679
  0.8939379
 0.89279339
 0.89807407
 0.90166586
 0.90601748
 0.90828488
  0.9140736
 0.91189487
 0.90864966
 0.91190475
 0.90979594
 0.90596011
 0.91132349
 0.90614928
 0.90414669
 0.90153917
 0.90188739
 0.90475157
 0.89908297
 0.90016132
  0.8984973
 0.90330537
 0.90693424
 0.90438136
  0.9093478
  0.9088771
 0.90887423
 0.91221698
 0.90743485
 0.90687569
 0.90713228
 0.89817161
  0.8948455
 0.89221552
 0.88676425
 0.89172074
 0.90051251
 0.90443253
 0.89730523
 0.90337249
 0.90445411
 0.90897254
 0.91503447
 0.91082974
 0.91269493
 0.91607225
 0.91019934
 0.90802296
 0.90996297
 0.90273283
 0.90476851
 0.90761423
 0.90897794
 0.91446738
 0.91207402
 0.91568077
 0.91771003
 0.91723553
 0.91245467
  0.9035699
 0.89785157
 0.90320719
  0.8961826
 0.89317685
 0.89430899
 0.89670232
 0.89825623
  0.8909473
 0.89789952
 0.90044649
 0.90234309
 0.90508343
 0.90690652
 0.90196793
 0.89888145
 0.89829912
 0.89778229
 0.89476996
 0.88842357
 0.88771286
 0.88534048
 0.88903275
 0.89543426
  0.8946956
 0.89230111
 0.89207312
  0.8931905
 0.89086253
 0.89417625
 0.89758631
  0.9007804
 0.89747263
  0.9002419
  0.8972719
 0.88762019
 0.88458851
 0.88590619
 0.88121917
 0.87836346
 0.88695096
 0.88556163
 0.88763624
 0.88495082
 0.88524076
 0.88896371
  0.8826557
 0.88828762
 0.88120048
  0.8841239
 0.88842841
 0.89552799
 0.89772811
 0.89470807
 0.89245165
 0.88542177
 0.88301966
 0.89089744
  0.8980151
 0.88929252
 0.89276319
  0.8890013
 0.88947028
 0.88917429
 0.88592696
 0.88297719
 0.88247319
 0.87964883
 0.88349329
 0.88300719
 0.88323076
 0.88513016
 0.88079595
 0.88447265
 0.87646405
  0.8788007
 0.87399944
 0.85846158
 0.86097873
 0.86792765
 0.88225846
 0.89732146
 0.89139505
 0.89021121
 0.88219739
 0.88295662
 0.88282756
 0.88666505
 0.88887472
 0.88655114
 0.89402663
 0.90121797
 0.91097116
 0.91469736
 0.91651312
 0.91484588
 0.91229962
 0.91325239
 0.91340029
 0.91436114
  0.9174956
 0.91556336
 0.91401521
 0.91203595
  0.9157825
 0.91147051
 0.91369191
 0.91671189
 0.91892491
 0.91506411
 0.91788357
 0.91726066
 0.91070249
 0.90909498
 0.91170198
  0.9120564
 0.91621903
 0.91068044
 0.91081183
 0.91377771
 0.91166554
 0.91197402
 0.91849459
  0.9151484
 0.91515705
 0.91469134
 0.91685462
 0.91839944
  0.9171589
 0.91197966
 0.91386835
 0.92317681
 0.92457964
 0.91959235
 0.91924969
 0.91406568
 0.91408882
 0.91212744
 0.91109635
 0.90767792
  0.8967545
 0.89724789
 0.89516198
 0.90358842
  0.9055341
 0.91032294
 0.90603653
 0.90308882
 0.90217105
 0.90078532
 0.90339214
 0.90173519
 0.90976816
   0.908866
 0.90989728
 0.91084497
 0.90606506
 0.90117929
 0.89592949
 0.89618476
 0.89497547
 0.88805521
  0.8947533
  0.8921997
 0.89619457
 0.89202498
 0.88936671
 0.88093821
 0.88576257
 0.88728699
 0.88864187
 0.88833442
 0.88806864
 0.88588342
 0.87638203
 0.88209756
 0.88715782
 0.87544588
 0.87912323
 0.87544809
 0.87432172
 0.87467792
 0.87350662
 0.88225321
 0.89936356
 0.90784147
 0.91057524
 0.91834031
 0.91681232
 0.92535285
 0.92152194
 0.92898274
 0.92954621
 0.92564305
 0.91900898
 0.91885106
 0.91430107
 0.91736874
 0.90913569
  0.9108351
 0.91063581
 0.90409672
 0.89962605
 0.90301208
 0.90378324
  0.9030974
 0.90167869
 0.89020715
  0.8893046
 0.88067749
 0.87595427
 0.87315014
 0.86101892
 0.85340451
 0.85824017
 0.84863292
 0.84215013
 0.83439203
 0.83028591
 0.82860346
 0.82587047
 0.84418973
 0.85139288
 0.86393676
   0.864054
 0.85250147
 0.85327873
 0.85994495
 0.87260219
 0.86964463
 0.86959428
 0.87206331
 0.87563052
 0.87488594
 0.86421565
 0.86951273
 0.86219143
 0.85311191
 0.83808307
 0.82619316
 0.84628102
 0.84827482
 0.85506074
 0.84269449
 0.84484398
 0.85282265
  0.8385781
 0.83873621
 0.83478071
 0.83816687
 0.84244434
 0.84545667
 0.83786255
 0.84202129
 0.84950765
 0.84599615
  0.8471759
 0.85582407
 0.85779561
 0.86250968
 0.86277568
 0.86139135
 0.85741394
 0.85479036
 0.85391561
 0.84733336
  0.8447062
 0.85214595
 0.85432928
 0.84853625
 0.84907627
 0.84373549
 0.84097077
 0.83187575
  0.8259556
  0.8264014
 0.83976598
 0.83311489
 0.82965001
 0.82149099
 0.83204191
 0.83002266
  0.8184374
 0.82524839
 0.82461153
 0.83013452
 0.82477152
 0.83409601
 0.85158921
 0.84913364
 0.83838889
 0.85397661
 0.85766834
  0.8573029
  0.8596621
 0.86442988
 0.86681323
  0.8647365
 0.87463403
 0.87804931
 0.88184866
 0.88059217
 0.87473496
 0.87707685
  0.8854685
 0.88330896
 0.88213485
 0.88818399
 0.89340722
 0.89190473
  0.9011816
 0.90053428
 0.89729179
 0.90027075
 0.89798612
 0.89584809
 0.89625797
 0.88822117
 0.89572753
 0.89865375
 0.90500689
 0.90151981
 0.91307363
 0.90899588
 0.90849739
 0.91102223
 0.90599283
 0.89729104
 0.89186717
 0.89411572
 0.89168845
 0.89557828
 0.89071883
 0.88894204
 0.88918568
 0.88570493
 0.88452385
 0.87744217
 0.87854911
 0.87272481
 0.86346831
 0.87082828
 0.87995422
 0.87671215
 0.87214101
 0.86891581
 0.86168434
 0.86754521
 0.86584901
 0.86225762
 0.85476401
 0.86831725
 0.86461594
 0.87268536
 0.87507362
 0.87662648
 0.88025088
 0.88348556
 0.88440546
 0.89184975
 0.88303744
  0.8925873
 0.88911608
 0.89364809
 0.90068105
  0.9029951
 0.90600694
 0.90595599
 0.90653816
 0.90578451
 0.89762653
 0.89974294
 0.89759249
 0.89162412
 0.89696828
 0.89047648
  0.9011423
 0.89771229
 0.90150517
 0.90889713
 0.90470577
 0.90576577
 0.90885476
 0.91411659
 0.91622807
 0.91387272
 0.91200082
 0.91076185
 0.91196229
 0.91651606
 0.91655393
 0.92275025
  0.9250617
  0.9234316
 0.91450274
 0.90542225
 0.89837328
 0.89941802
 0.89997157
 0.90314318
 0.90429099
 0.90586425
  0.9108499
 0.90964461
 0.91416848
 0.91059573
  0.9093419
 0.91809811
 0.91163884
 0.90582058
 0.90525119
 0.89944105
 0.89837827
 0.88370707
 0.88211791
 0.87794799
 0.87408722
 0.87181678
 0.86816432
 0.86789522
 0.85613246
 0.86217955
 0.86188593
 0.86065336
 0.86243035
 0.86191405
  0.8551481
 0.85637978
 0.85648802
 0.85419033
  0.8417806
 0.85435144
 0.86861308
 0.87722211
 0.87647291
 0.88165151
  0.8752869
  0.8749114
 0.86894101
 0.87157149
 0.87283467
 0.87734231
 0.88340318
 0.88546583
 0.88113662
 0.88628782
  0.8897807
  0.8932507
  0.8942476
 0.89411688
 0.89264328
 0.89086983
 0.88310755
 0.88132755
 0.87872001
 0.87259826
 0.87048473
 0.86316098
  0.8725759
 0.87836404
 0.88017927
 0.87759497
 0.87904455
 0.87354202
 0.87514875
 0.88790954
 0.88407228
 0.88784155
 0.88865314
 0.89037104
 0.88970225
 0.88980094
 0.88393966
 0.89076527
 0.89474418
  0.8890883
 0.88989698
 0.88796228
 0.89339915
 0.89248147
 0.90827156
 0.90521711
 0.90828029
 0.90770161
 0.90445849
 0.90598766
 0.90680848
 0.90111629
 0.90301311
 0.90174159
 0.90043115
 0.89911074
   0.903922
  0.9013702
 0.89832853
 0.89509884
 0.89526205
 0.90104832
 0.89428834
 0.89345577
 0.88726007
 0.88555373
 0.88790932
 0.89289563
 0.88814198
 0.89758608
 0.90262152
 0.88974857
 0.89550658
 0.89717953
 0.90296866
 0.89704485
 0.89322196
  0.8972933
 0.89375514
 0.88704254
 0.88724963
 0.88892855
 0.88923135
 0.89380005
 0.90353008
 0.88958635
 0.89764136
 0.89598196
 0.88787172
 0.88262153
 0.89751758
 0.89199513
 0.89644735
 0.89720245
 0.88844907
 0.89757597
 0.88316625
 0.89187183
 0.89491852
 0.89852146
 0.88200472
 0.87929606
 0.89570791
 0.90569205
 0.90936173
 0.89923008
 0.90543867
 0.89706024
 0.89785642
 0.90594967
 0.90029095
  0.9000569
 0.90623347
 0.90036494
 0.89879334
 0.90060184
 0.90213712
 0.90521898
 0.90312297
 0.89504893
  0.8984868
 0.89173656
 0.89767767
 0.89308179
 0.89503223
 0.89900285
 0.89787572
 0.89109512
 0.89496873
 0.89220111
 0.89742946
 0.89033262
 0.89062707
 0.88743787
 0.89599624
 0.89956622
 0.90016933
 0.89492362
 0.88740311
 0.90441234
 0.89686309
 0.89317797
 0.89729524
 0.90091455
 0.90436277
 0.89803468
 0.89482716
 0.89020758
 0.89106639
 0.88466328
 0.88662207
 0.88256814
 0.87688472
 0.87117712
 0.87593563
 0.88019487
 0.87867358
 0.87683485
 0.88410623
 0.88737827
 0.89294402
 0.89624923
 0.90103759
 0.90958543
 0.90885617
 0.90842394
 0.90532021
 0.90221909
 0.90698001
  0.9079211
 0.90598057
 0.90239127
 0.90329669
   0.903628
 0.89973037
  0.9066404
 0.90014747
  0.9012073
 0.90169225
 0.90631045
 0.90714915
 0.90033473
  0.8986766
 0.89674355
 0.89156114
 0.88362674
 0.88089007
 0.88429106
 0.89023602
 0.89388695
 0.89294738
 0.89538621
 0.89199261
 0.88771627
 0.88928829
 0.89276731
 0.88745759
 0.88272021
 0.87621239
 0.86242117
 0.86776879
 0.87091967
 0.86673366
 0.86638509
 0.86180368
 0.85696999
 0.85802103
 0.85222023
 0.85293534
 0.85808906
 0.86044584
 0.86065432
 0.86371458
 0.86916153
 0.86702816
 0.87733319
 0.88090812
 0.87643365
  0.8775948
 0.87701561
 0.87455018
 0.87296086
 0.86340159
 0.86455663
 0.86134299
 0.85739482
 0.85876768
 0.85773026
  0.8600358
 0.86322154
 0.85977846
 0.85898758
  0.8629024
 0.85590726
 0.85443508
 0.85582979
 0.85422456
 0.85853693
 0.86121195
 0.85545327
 0.85321731
 0.85939211
 0.85830949
 0.86034421
 0.85925473
 0.85747554
 0.85987086
 0.86062013
 0.86481198
 0.86228668
 0.85873182
 0.85503547
 0.85584396
 0.86453088
 0.85841129
  0.8596947
 0.87035523
 0.87160957
 0.86603477
 0.86200922
  0.8724247
 0.86999896
 0.86798846
  0.8691191
 0.86279393
 0.86114208
 0.86349101
 0.85621785
 0.86272578
 0.85596508
 0.86547739
 0.87134311
  0.8721741
 0.87587029
 0.87077434
 0.87073002
 0.87197407
 0.87533927
 0.87091352
 0.87085822
 0.86972743
 0.86759926
 0.86921239
 0.86328956
 0.86145831
 0.86435571
 0.87088855
 0.86527739
 0.86234545
 0.85400082
 0.85448517
 0.86081957
 0.86537448
 0.86497422
 0.86113982
   0.857031
 0.86020306
 0.86007447
   0.863758
  0.8530512
 0.86354923
 0.85980901
 0.86386525
 0.86012298
  0.8585602
 0.86454228
 0.85667501
  0.8555935
 0.86072185
 0.85564711
 0.85535375
 0.85751115
 0.85614419
 0.85470893
 0.85549178
  0.8536995
 0.85716301
 0.85589675
 0.85377298
 0.85500072
 0.85629262
 0.85420227
 0.84889842
 0.85780282
 0.85944946
 0.85342554
     0.8573
 0.85694252
 0.86115063
 0.85777523
  0.8579773
 0.86119139
 0.86098889
 0.86253552
  0.8577124
 0.86180663
 0.85332208
  0.8585601
 0.85765102
 0.86027185
 0.85743414
 0.86312402
 0.86462451
 0.86776746
 0.86557656
 0.87182664
 0.87238478
 0.86978071
 0.87330026
 0.87395339
 0.87151109
 0.87219957
 0.87203294
  0.8713075
 0.86912224
 0.86455082
 0.86571292
 0.85723662
 0.85350141
 0.85241473
 0.86082171
 0.85862183
 0.86040205
 0.86219235
 0.86508765
 0.87041646
 0.87428698
 0.87005623
 0.87319974
 0.86988694
 0.86957289
  0.8735459
 0.87504984
 0.87637979
 0.87350521
 0.87233912
 0.86435272
 0.86785273
 0.87014193
 0.86133871
 0.86458907
 0.86618627
 0.86666439
 0.86863169
 0.87334281
 0.87308071
 0.87240577
 0.87259232
 0.87164539
 0.87138933
 0.86962617
  0.8713852
  0.8713652
 0.87322646
 0.87614705
 0.87390603
 0.87050929
 0.87245951
 0.87207306
  0.8686399
 0.87013674
 0.87424601
 0.86959988
 0.86937602
 0.87096292
 0.86810903
 0.87528165
 0.86764688
 0.86799776
 0.86619185
 0.86478121
 0.86839277
 0.86487252
 0.86627967
 0.86069576
 0.86497095
 0.86069249
   0.864487
 0.86496673
 0.86395053
 0.86981267
 0.87405099
 0.87247953
 0.87451649
 0.87320957
 0.87777096
 0.87364026
 0.87198581
 0.87454082
 0.87194235
  0.8726619
 0.87414983
 0.87149871
 0.87007103
 0.87424425
 0.87349201
 0.87615896
 0.87719104
 0.87670662
 0.87609675
 0.87411515
 0.86741131
 0.86642506
  0.8641732
  0.8629885
 0.86419212
 0.86806242
 0.86690976
 0.87061901
 0.87671501
 0.87857825
 0.87617914
  0.8818392
 0.88027687
 0.88289514
 0.88191718
 0.88073849
 0.88058459
 0.88727677
 0.88686801
 0.88637705
 0.88574031
 0.87284017
  0.8678442
 0.86621521
 0.86586149
 0.85779944
  0.8607286
 0.86500768
 0.87073923
  0.8761085
 0.88520297
 0.88473295
  0.8853396
 0.88302913
 0.88290536
 0.88451004
 0.89208465
 0.88803136
 0.89346238
 0.89762655
 0.89625419
  0.8965155
 0.89964667
 0.90039679
 0.89845022
 0.90316272
 0.89628229
 0.89464325
 0.89872563
 0.90041777
 0.89984749
 0.89875264
 0.89563214
 0.89701153
 0.89683209
  0.8996505
 0.90093963
 0.89979798
 0.89705244
 0.89718266
 0.89572133
 0.89441035
 0.89814003
 0.89657904
 0.89478586
 0.89358343
 0.89334169
 0.88862937
 0.88741731
 0.88101781
 0.88293629
 0.88922673
 0.89296116
 0.89847607
  0.8979829
 0.89286584
 0.88246968
 0.89301668
  0.8981503
 0.90177265
 0.90932759
 0.91145374
  0.9155119
 0.91051459
 0.91564088
 0.92230039
 0.92288983
 0.92022096
 0.91665895
 0.91896432
 0.92492215
 0.91927106
 0.92049016
 0.93078908
 0.92711109
 0.92760627
 0.93210631
 0.93009533
 0.93201677
 0.93134352
 0.92360636
 0.91834581
 0.91971005
 0.91365208
 0.91226828
 0.92712406
 0.92564553
 0.92769774
 0.93160649
 0.93526935
 0.93816549
 0.93577683
 0.93616844
 0.93202154
 0.93289124
 0.93699093
 0.93675331
 0.93896122
 0.94274738
  0.9423611
 0.94382949
 0.94088307
 0.94417131
 0.94580013
 0.94442889
 0.93982146
 0.94270464
 0.93577834
 0.94071054
 0.93255392
 0.93542592
 0.94084603
 0.94096031
 0.93649461
 0.93386791
 0.93855849
 0.94011223
 0.93697674
 0.94097168
 0.93845788
 0.94174902
 0.94635404
 0.94433902
 0.94505919
 0.93954176
  0.9381577
 0.93918728
 0.94461343
 0.94391127
 0.94786247
 0.94492264
  0.9450821
 0.94466426
 0.94478852
 0.94744684
 0.95213068
  0.9478582
  0.9498472
 0.95287788
 0.94768346
 0.94632036
 0.94434877
 0.93717157
 0.94072947
 0.94574067
 0.94774945
 0.94320266
 0.94179597
 0.94930201
 0.94939528
 0.94737326
 0.94999779
 0.95119639
 0.95305753
 0.95179394
 0.94745535
 0.94404969
 0.94176762
 0.93678212
 0.93913722
 0.93779763
  0.9362545
 0.93594887
 0.93823205
 0.93739079
 0.94034211
  0.9386518
 0.93185418
 0.93120566
 0.93279606
 0.93375416
 0.93174107
  0.9344247
 0.93684944
  0.9384362
 0.93383832
 0.93308675
 0.92911297
 0.92645514
 0.92955959
 0.92931567
 0.93213386
 0.93497745
 0.93582314
 0.93780208
 0.93489257
 0.93688864
 0.94172288
 0.94587385
 0.94564106
 0.94691885
 0.94753955
 0.94770832
 0.94145769
 0.94520641
 0.93549628
 0.94297246
 0.93700036
  0.9339777
 0.93175681
 0.93752289
 0.93873115
 0.93883964
 0.93354306
 0.93514374
 0.93838153
 0.93790506
 0.93585929
 0.93195552
 0.92747776
 0.92540932
 0.92670951
 0.93566711
 0.93579515
 0.93684666
 0.94021186
  0.9350934
 0.92993989
 0.93896507
 0.94095073
 0.93729192
 0.93552943
 0.93932101
 0.93789233
  0.9336724
 0.94250838
 0.94544419
 0.94567843
 0.94198496
 0.93786012
 0.94230252
 0.94294814
  0.9404929
 0.95060938
 0.94906739
 0.94643666
 0.94731161
 0.93814712
 0.94069435
 0.94665349
 0.94366764
 0.94500389
 0.94349132
 0.94471094
 0.94463272
 0.94776367
 0.94758902
 0.94774945
 0.95062952
 0.94578969
 0.93679829
 0.93401646
 0.93019346
 0.93749077
 0.94165111
 0.94169077
 0.93466318
 0.93490531
 0.93910654
 0.92860546
 0.93970203
 0.94127587
 0.94446091
 0.94749158
 0.94650012
 0.94689291
 0.94390401
 0.93565405
 0.93138326
 0.92951161
 0.93106199
 0.93195654
 0.92387852
 0.92569116
 0.93208553
 0.92943816
 0.93447267
 0.93311987
 0.93175049
 0.93741098
 0.93195981
 0.93461468
 0.93061027
 0.93256518
 0.93597042
 0.92647199
 0.92081693
 0.91881906
 0.91403195
  0.9047058
 0.90276993
 0.89405776
 0.88848057
 0.88720719
 0.89053038
 0.89032564
 0.88970326
 0.89455278
  0.8954872
 0.88701083
 0.88307034
 0.88751189
 0.88842449
 0.89898323
 0.89536824
 0.88278014
  0.8925167
 0.90386668
 0.91226065
 0.90112987
 0.89697396
 0.90230164
 0.90137199
  0.8963081
 0.89851356
  0.8986055
 0.89069995
 0.88704861
 0.88748327
 0.88711836
 0.88791423
 0.89134527
 0.90508829
 0.90963788
 0.92461506
 0.92640113
 0.91435156
 0.91843186
  0.9232534
 0.91972368
 0.91524869
  0.9200132
 0.93264124
 0.93126163
 0.91863668
 0.91767213
 0.92712395
 0.92952988
 0.93063713
 0.92960881
  0.9273391
 0.92822727
 0.93696309
 0.93533168
 0.93176755
 0.92759698
 0.93363297
 0.94118652
 0.94397555
 0.94381867
 0.93972479
 0.93763615
 0.93579567
 0.93608646
 0.93478038
 0.92888441
 0.92800186
 0.92608516
 0.91861274
 0.91393576
  0.9149264
 0.90875518
  0.9030625
 0.90311877
 0.90359402
 0.90126666
 0.89692096
 0.90165302
 0.90288895
 0.90468471
 0.89619663
 0.89876006
 0.90135231
 0.90816408
 0.90702444
 0.91463399
 0.91563352
 0.91379633
 0.91056396
 0.90140446
 0.90502337
 0.90404206
 0.90396669
 0.90432444
 0.90172862
 0.90298839
 0.90940914
 0.90816437
 0.90251267
 0.90780844
 0.90899005
 0.90643908
  0.9056572
 0.90712059
 0.91175689
  0.9120859
 0.91354674
 0.91417362
 0.90803475
 0.90763669
 0.91059663
 0.91739553
 0.91963677
 0.92275782
 0.92070586
 0.91236287
 0.91480839
 0.90832379
  0.9142852
 0.91001187
 0.90328023
 0.90079648
 0.90349084
 0.90186872
 0.90378447
 0.90936715
 0.90388265
 0.90621793
 0.90736598
 0.90702889
 0.91170522
 0.91594221
 0.92108913
 0.92075736
 0.91796302
 0.91389775
 0.90663432
 0.91188524
 0.91068238
 0.90933062
 0.90321505
 0.90132789
 0.90344014
 0.89849825
 0.90027472
 0.90357213
 0.89925392
 0.89781079
 0.90426739
  0.9007905
 0.90572717
 0.90390099
 0.89860262
 0.89230254
 0.89169872
 0.89068176
 0.88929672
 0.89633666
 0.89478261
   0.898583
 0.89772102
 0.90356692
 0.90496467
 0.90743425
 0.90630433
 0.90497225
 0.90034096
 0.90376598
 0.90058198
 0.90809078
 0.90222882
 0.91284004
 0.91078156
 0.91130231
  0.8990241
 0.90078324
 0.89661865
 0.89319788
 0.90647945
 0.89952851
 0.90059012
 0.89971028
 0.89917462
 0.89602781
 0.89520543
 0.90073788
  0.9085947
  0.9039643
 0.90112042
 0.89807813
 0.89919982
 0.88808149
 0.88768208
 0.88668138
  0.8832485
  0.8857626
 0.88759885
   0.890562
  0.8973058
 0.89815099
 0.89899374
 0.90246395
 0.89880459
 0.90310564
  0.8989876
 0.89885562
 0.89807947
 0.89152898
 0.89351088
 0.89550279
 0.90292448
 0.89668515
 0.88514247
 0.88614965
 0.88173787
 0.88271142
 0.88263996
 0.87959962
 0.88378385
 0.88847581
 0.89027947
 0.89618288
 0.89954048
 0.89680879
 0.89340039
 0.89075376
  0.8956016
 0.89405093
 0.89041513
 0.89076914
 0.88853178
 0.88940356
 0.88810108
 0.88250966
 0.88209304
  0.8886372
 0.89061801
 0.88959814
 0.88517904
 0.88431835
 0.88252923
 0.88467821
 0.88547078
 0.89017668
 0.89285028
 0.89565739
 0.89773825
 0.89591416
 0.89711087
 0.90117432
 0.90230775
 0.90238623
 0.89887515
 0.89761538
 0.89160379
 0.88711791
 0.88444535
 0.89023435
 0.88995365
 0.88669349
 0.88396645
 0.88288446
 0.88487562
 0.88908167
 0.88581402
 0.88279086
  0.8871863
 0.88793549
 0.88751382
 0.88951269
  0.8884078
 0.87996034
 0.86979641
 0.86037277
 0.86898015
 0.87656337
 0.86753152
 0.86839714
 0.87958365
 0.87812871
 0.88576505
 0.88507326
 0.88074048
 0.87819401
 0.88074755
 0.88087605
 0.88142656
 0.88424389
 0.88621246
 0.88793306
  0.8847435
 0.87894418
 0.87701909
 0.88264927
 0.88426327
 0.88069611
  0.8822663
 0.87569007
 0.88337514
 0.88674809
 0.87750202
 0.86882836
 0.86519427
 0.85737755
 0.85856624
 0.86994975
 0.88411161
 0.88484957
  0.8917455
 0.88779315
 0.89040971
 0.89901071
 0.90010246
 0.89762019
 0.90263571
 0.90959467
 0.90874576
 0.90427235
 0.90912165
 0.91320081
 0.90898584
 0.90936559
 0.91248306
 0.91670033
 0.90776295
 0.91458744
 0.91063951
 0.91102167
 0.90894389
 0.91103529
 0.91354133
 0.91128641
 0.91158589
 0.90590137
  0.8911987
 0.89109111
 0.88866781
 0.89058287
 0.89569164
  0.8915518
 0.87794049
 0.87559581
 0.89149222
 0.88906671
 0.88766442
 0.88919643
 0.89260535
 0.88624808
 0.89069956
 0.88826578
 0.89188749
 0.89526549
 0.89689528
 0.89767584
 0.90062593
 0.89438821
 0.89032172
 0.88970676
  0.8902407
 0.88823864
 0.89227288
 0.89051507
 0.89049366
 0.88476531
  0.8874858
 0.88582562
 0.88984264
 0.88222216
 0.87549911
 0.87418259
 0.87315187
 0.86265734
 0.86555685
 0.87547587
 0.88272925
 0.86942986
  0.8799978
 0.88657192
 0.88740874
 0.89995323
 0.90108903
 0.90169836
 0.89446604
  0.9050776
 0.91111438
 0.90914163
  0.9021588
 0.89003451
 0.88621456
 0.88640443
 0.89306899
 0.90216406
 0.89170787
 0.90360445
 0.90851526
 0.91070283
 0.90811588
 0.90408512
 0.90359298
 0.89482715
 0.90268654
  0.9037164
 0.90437837
  0.9043375
 0.89873109
 0.89166406
  0.9011935
 0.89756795
 0.89822333
 0.88821573
 0.87484736
 0.88464357
 0.87987267
 0.88361461
 0.88146385
 0.88530521
 0.88420664
   0.885245
 0.88705084
 0.88854032
 0.88972558
 0.88454208
 0.88095754
 0.87203502
 0.87666621
 0.87869794
 0.87543572
 0.87454887
 0.87259549
 0.87549794
 0.87408102
  0.8728951
 0.86578554
 0.86583865
 0.86586119
 0.86438917
 0.86237389
 0.84878799
 0.85012549
 0.85392016
 0.85193619
 0.86127825
 0.86404771
 0.87502704
 0.86991761
  0.8685633
 0.86624716
 0.87530195
 0.86963013
  0.8711766
 0.86782644
 0.87182545
 0.86806505
 0.86703356
 0.86568265
 0.87609957
 0.87677266
 0.87309506
 0.87037032
 0.86728552
 0.86913993
 0.87304475
 0.88125576
  0.8810032
 0.86917537
 0.85956477
 0.86166953
 0.85930361
 0.86523658
 0.87450856
 0.87540758
 0.87576564
 0.87335271
 0.86784312
 0.87532419
 0.87837759
 0.88253321
 0.88486471
 0.88444735
 0.87348888
 0.87242244
 0.86951938
  0.8704669
 0.87824387
 0.88238962
 0.88502675
 0.87814871
 0.88899724
 0.88789054
 0.88969226
 0.88997599
 0.88460453
  0.8849557
 0.88641669
 0.88404305
 0.88949315
 0.87980156
 0.87295757
 0.87308937
 0.86427529
 0.86325512
  0.8590812
  0.8620465
 0.85777168
 0.85877035
 0.84583146
 0.85415967
 0.85693485
 0.84987029
 0.85436526
 0.86574842
 0.86176348
 0.86113537
 0.85773816
 0.86001062
 0.85461414
 0.86562663
 0.86050425
 0.85795032
  0.8576653
 0.85920665
 0.85535352
 0.85824375
 0.85729736
 0.85844486
  0.8576734
 0.85929431
 0.86240362
 0.86329897
 0.86152881
 0.85877945
 0.85759026
 0.86549378
 0.85662429
 0.85348714
 0.85091994
 0.85403612
 0.85766916
 0.85054348
 0.84729271
  0.8507896
 0.84617429
 0.84946776
 0.85237645
 0.85730692
 0.86080564
 0.86202747
 0.87080682
 0.86404161
 0.86131197
  0.8633547
 0.86119876
 0.86491183
 0.86376121
 0.86419169
 0.86188138
 0.84416328
 0.85029164
 0.85036207
 0.85383247
 0.85418013
 0.85107794
 0.85380678
 0.85210887
  0.8474629
 0.83503772
 0.82953135
 0.83853762
 0.85076209
 0.84805407
 0.84509594
  0.8560398
  0.8567494
 0.85707425
 0.85367914
    0.85444
 0.85687482
  0.8495039
 0.85193122
 0.85916308
 0.85675382
 0.85819134
 0.86160014
 0.86708448
 0.86715696
 0.87360507
 0.87925463
 0.87609705
 0.86783355
 0.86634641
  0.8705391
  0.8682616
 0.85802184
 0.86610217
 0.85720486
 0.86083174
 0.86552263
 0.87413461
 0.87566649
 0.87432145
 0.86676838
 0.87025295
 0.87090304
 0.87964368
 0.87214674
 0.87872186
 0.87387094
 0.87532378
 0.86813683
 0.86522503
 0.86689011
 0.87149654
 0.87403236
 0.87335825
 0.86771827
 0.87251915
 0.86532568
 0.86905467
 0.86826488
 0.86468686
 0.86458142
 0.86990783
 0.87022725
 0.86815734
 0.85965308
 0.85930226
 0.85499692
 0.86208785
 0.86532869
 0.86599514
 0.85446731
 0.85512364
 0.85189446
 0.85667826
  0.8594956
 0.86276139
 0.86596028
 0.86894333
  0.8650198
 0.86901917
 0.87316356
 0.86684842
 0.86231502
 0.85740789
 0.86688445
 0.86117946
 0.87136142
  0.8757785
 0.88085653
  0.8824173
 0.88523951
 0.88098148
 0.88354725
 0.88541932
 0.88603627
 0.88692382
 0.88819841
 0.88642639
 0.88699483
 0.88153501
  0.8820453
 0.88073706
 0.87901572
 0.87914854
 0.87892461
 0.87752426
 0.87283803
 0.86946812
 0.87335302
 0.87030172
 0.87624157
 0.87487025
 0.87496915
 0.87532546
 0.87871378
 0.88348313
  0.8875632
 0.89199509
 0.88963959
 0.89015721
 0.89231936
  0.8976993
 0.89038603
 0.87998952
 0.88771219
 0.88459445
 0.87777719
 0.87625411
 0.87630006
 0.88106028
 0.88042577
 0.88300882
  0.8734164
 0.86863595
 0.87054764
 0.87657822
 0.88161477
 0.89032988
 0.89170977
 0.89087969
 0.89249571
 0.88801316
 0.88768492
 0.88480414
 0.87965271
 0.87532462
 0.87500159
 0.88027582
 0.87815304
 0.88384402
 0.88152336
 0.88483172
 0.88140127
 0.88207502
 0.88570952
 0.87908621
 0.87967692
 0.88312532
 0.87697969
 0.87905902
 0.88186292
 0.87735276
  0.8776053
 0.88179746
 0.88024907
 0.87916938
 0.86910203
 0.87022386
  0.8735294
 0.87336697
 0.87424867
 0.87605962
 0.87660318
 0.87604437
  0.8644276
 0.87337558
 0.87918588
 0.87630799
 0.87735047
 0.87721091
 0.87960734
 0.88485624
 0.88554932
 0.88162836
 0.87870183
 0.87573772
 0.87242468
 0.87126935
 0.87641695
 0.87690523
 0.87679058
 0.87943014
 0.87293172
 0.87335717
 0.87483547
 0.87581966
 0.87820398
 0.87739654
 0.87942663
 0.87148033
 0.87175921
 0.87771825
 0.87880192
 0.88222435
 0.87555474
 0.86761727
 0.85819582
 0.85916694
 0.86525975
 0.87131053
 0.87140624
  0.8713138
 0.87376048
 0.87568652
  0.8772343
 0.87811971
 0.87781408
 0.87169226
 0.87231836
 0.87473466
 0.87653016
 0.87165301
 0.86933837
 0.87537747
 0.87894201
 0.87867137
 0.87691599
 0.87665903
 0.86604188
 0.87165883
 0.87561244
 0.87456356
  0.8726929
 0.86986089
 0.86090309
 0.85427867
 0.84695597
 0.85874285
  0.8432946
 0.85331342
  0.8600879
 0.86481001
 0.86952321
  0.8681042
 0.87181666
  0.8768167
 0.87964979
 0.88527565
 0.88650365
 0.88415164
 0.89418407
 0.88910589
 0.89304083
 0.87992704
 0.88315175
 0.88325282
 0.88346938
 0.88559028
 0.88954779
 0.89112291
 0.90371757
  0.8972747
 0.90047391
 0.90168934
 0.90141673
 0.90992553
 0.90400366
 0.91246145
 0.90478951
 0.91596077
 0.91389375
 0.91230399
 0.91069875
 0.90598302
  0.8933238
 0.89340358
 0.89945769
 0.90720781
 0.91355775
  0.9237997
  0.9271309
 0.92929602
 0.92795618
 0.92260275
 0.92408256
 0.92230172
 0.91808814
 0.91385145
 0.91227041
  0.9202508
 0.92221363
 0.92157748
 0.92495007
 0.92306133
 0.91710985
 0.91705061
 0.92092401
 0.91703952
 0.91927057
 0.91855391
 0.92180594
 0.92164495
 0.92547916
 0.92435603
  0.9186279
 0.91950472
 0.92170581
 0.92159551
 0.91739584
 0.91344217
 0.91773648
 0.92583165
 0.92672169
 0.91960983
 0.91934156
 0.91036752
 0.91562777
 0.91634583
  0.9235535
 0.92251279
  0.9206036
 0.91781591
 0.92386918
 0.92083967
 0.91862452
 0.91569468
 0.91859222
 0.91374503
 0.91447288
 0.91282156
 0.90994156
 0.91194784
 0.91818919
 0.92436191
 0.92903442
 0.91784794
 0.91704045
 0.91140607
 0.91093996
 0.91355713
 0.92776569
 0.92800487
 0.92321473
 0.92409075
 0.92295418
 0.92399707
 0.92463754
 0.91735083
 0.92049081
 0.91511929
 0.91187462
 0.90724081
 0.90901701
 0.90684202
 0.90242742
 0.90233233
 0.90117609
 0.90363561
 0.89725343
 0.89185477
 0.88735013
 0.88605025
 0.88343471
 0.88850583
 0.89230871
 0.89949817
 0.88117676
 0.87389286
 0.88635771
 0.88199342
 0.88090013
 0.87898208
 0.88019178
 0.89114437
 0.89593874
 0.89732152
 0.89249961
 0.89864564
 0.90324554
 0.91336333
 0.91482059
  0.9100229
 0.91012556
 0.90446371
 0.90762824
 0.90218747
 0.91281057
 0.90028416
 0.90188743
 0.90920858
  0.9094505
 0.90751146
 0.91321627
 0.91366195
 0.91374544
 0.91649282
  0.9177931
 0.91454431
 0.91844877
 0.92262633
  0.9237371
  0.9203553
 0.91372975
 0.91164316
  0.9118463
 0.90798323
  0.8997061
 0.88887754
 0.88911949
 0.89035617
 0.89804024
 0.89816891
 0.90063888
 0.89287583
 0.90515228
 0.90782529
 0.90500406
 0.89867571
 0.89693648
 0.89857744
 0.90064938
  0.9078687
 0.90700036
 0.90101962
 0.90805816
 0.90350445
 0.90512533
 0.90424055
 0.90551186
 0.90476111
 0.90758081
 0.90997732
 0.91145184
 0.91360028
 0.91113618
 0.91120706
 0.90817025
 0.90627356
 0.90487246
 0.90548548
 0.90378065
 0.90987128
 0.90375465
 0.90530665
 0.89685541
 0.89707597
 0.89053757
 0.90064567
  0.9027795
 0.90118078
 0.89623814
 0.89276756
 0.90050968
 0.89757685
 0.89552778
 0.89588134
 0.89642072
 0.89429582
 0.89936739
 0.90159813
 0.90111228
  0.9003363
 0.89858679
 0.90074503
 0.90105511
  0.9022314
 0.90181039
 0.89955971
 0.90032704
 0.90188357
 0.89776907
 0.88680735
 0.89115092
 0.88436478
 0.89234373
 0.88858426
 0.89103132
 0.89607629
 0.89534584
 0.88754241
  0.8960324
 0.89740825
 0.89815625
 0.89964769
 0.89532902
 0.89035868
 0.88589679
 0.88440679
 0.89446424
 0.87987853
 0.87568918
 0.88226511
  0.8735092
 0.86871339
 0.88181651
 0.87447444
 0.87959567
 0.87095857
 0.86921495
 0.87048403
 0.86957333
 0.87981516
  0.8637846
 0.86804921
 0.87051239
  0.8712622
 0.87309784
 0.87574586
 0.87553543
 0.87607524
 0.87882937
 0.89438289
 0.89164658
 0.89942726
 0.90085761
 0.89824547
 0.90270543
 0.89794998
 0.89270614
 0.89322589
 0.89375855
 0.89103417
 0.89809118
 0.89335706
 0.88972509
 0.88357323
 0.88975272
 0.87723752
 0.87623865
 0.87265586
 0.86987893
 0.86350844
 0.86794937
 0.86708806
 0.86721036
 0.86328688
 0.87012082
 0.86778498
  0.8642278
 0.86360663
 0.87170602
 0.86332521
 0.87015452
 0.88065207
 0.88298681
 0.88350237
 0.88796487
 0.88978348
 0.89605473
  0.8991128
 0.90380905
 0.90103436
 0.90371823
  0.9044913
 0.90440821
 0.90576562
 0.90398457
 0.90569303
 0.89813663
 0.90649795
 0.90325637
 0.90294237
 0.90658501
  0.9045613
 0.90680293
  0.9060094
 0.90811389
 0.90739128
  0.8996986
  0.9009306
 0.90156712
 0.90057024
 0.90286076
  0.9036909
 0.90770495
 0.90355819
 0.91207811
 0.91541892
 0.91384828
 0.91535546
 0.91196175
 0.90684095
 0.90883651
 0.91337504
  0.9106855
 0.90893296
 0.90512933
 0.90262426
 0.90236828
 0.90303275
 0.89910638
 0.89336615
  0.8996476
 0.89645476
 0.90077111
 0.90176356
 0.90993875
 0.91370839
 0.91418584
 0.90578179
 0.90568536
 0.90476444
 0.90122252
 0.90253422
  0.9005075
 0.89922612
  0.9036571
 0.89705338
 0.89790189
 0.88173446
 0.88415528
 0.87271925
 0.88151907
 0.87652862
  0.8837673
 0.88616543
 0.88701121
 0.89159096
 0.88793853
 0.89308175
 0.89498193
 0.89134348
 0.88895216
  0.8864302
 0.88471102
 0.89152792
 0.89493772
 0.89485701
 0.89584719
 0.89126584
 0.88841669
 0.89106468
 0.88855846
 0.88592241
 0.88330159
 0.88099563
 0.88686786
  0.8918504
 0.88543554
 0.89501744
 0.88948651
 0.88873761
 0.88654387
 0.88950428
 0.88668683
 0.89242645
 0.89008241
 0.89291217
 0.89583464
 0.89194374
 0.89426745
 0.89280043
 0.89177347
  0.8877458
 0.88391382
 0.88232437
 0.88503404
 0.88573777
 0.88602759
 0.88831559
 0.88606019
 0.89135247
 0.89232484
  0.8966513
 0.90132129
 0.90274646
 0.90650541
 0.90426547
 0.90604776
 0.89854632
 0.90325295
 0.91466562
 0.91729765
 0.91304913
 0.91253231
 0.91219198
 0.91472524
 0.91912992
 0.92091442
 0.92213942
 0.92020857
 0.92542813
 0.93274393
 0.93417262
 0.93400184
 0.93816589
 0.93736111
 0.93270238
 0.93162634
 0.93802242
 0.94048219
 0.93324951
  0.9303479
 0.92334935
 0.92555573
 0.92796428
 0.92499014
 0.92154976
 0.91164012
 0.92317045
  0.9217442
 0.91659687
  0.9144671
 0.91556125
 0.91621482
 0.91934561
  0.9260591
 0.92701698
 0.92092633
 0.92353855
 0.91305135
 0.90973527
 0.91144324
  0.9183376
 0.92140267
 0.91768624
 0.91837678
 0.92116496
 0.92131945
 0.92295343
 0.92461152
  0.9194476
 0.91404716
 0.91913028
 0.90968332
 0.91120887
 0.90978731
  0.9139463
    0.91417
 0.91002782
 0.90975526
 0.91504419
 0.91752598
 0.92308443
 0.92094311
 0.92134242
 0.91818027
 0.90930878
 0.90865643
 0.90817414
 0.91058345
 0.91176272
 0.90507198
 0.90848159
 0.90753282
 0.90239555
 0.89523111
 0.89111959
 0.88961074
  0.8979671
 0.90049653
  0.9077772
  0.9008012
 0.90177583
 0.88781364
 0.88088184
 0.87767715
 0.86871746
 0.86269344
 0.85950803
 0.84619862
 0.83775611
 0.84001481
 0.83588202
  0.8463639
 0.83293847
 0.84128203
 0.84972086
 0.85048356
 0.85573643
 0.86002613
 0.86061014
 0.86350249
 0.86179855
 0.84852875
 0.84812371
 0.85225181
 0.85173199
 0.85472225
 0.86024418
 0.86235391
  0.8603977
 0.85556142
 0.85618599
 0.85346948
  0.8498294
 0.85441313
  0.8562587
 0.85231039
 0.85916038
 0.86301557
  0.8627782
 0.85590749
 0.85302913
 0.85448853
 0.85166472
 0.85764708
  0.8624067
 0.86242977
 0.86156037
 0.86280373
 0.86540518
  0.8712768
 0.86935235
 0.87307223
 0.87732527
 0.87511345
 0.87858093
 0.87857081
 0.87360002
  0.8731546
 0.86819455
 0.85723708
 0.85987819
 0.85569932
   0.843882
 0.83955734
 0.84820473
 0.86035419
 0.87490818
 0.88595261
 0.88849859
 0.88440691
 0.88475805
  0.8833053
 0.88488999
 0.88414197
 0.88409228
 0.88116373
 0.88472003
 0.88604344
 0.88480481
 0.88152973
 0.88615732
 0.87713246
 0.87478582
 0.87404198
 0.87327478
 0.87164263
 0.86919426
  0.8787694
 0.88296583
 0.87817558
 0.87291095
 0.87631282
 0.88109085
 0.88469469
  0.8825361
 0.88311938
 0.88458408
 0.88258298
 0.88990687
 0.89419885
 0.89489444
 0.88797595
 0.88879046
 0.89214422
 0.89011797
 0.88753102
 0.89341988
 0.88772642
 0.89745899
 0.89975104
 0.90175837
 0.90257638
  0.9019906
  0.9035425
 0.90553659
 0.90207539
  0.8980981
 0.89664954
 0.89583755
 0.89101978
 0.89971041
 0.89884037
 0.90160542
 0.89693742
 0.89329687
 0.89483226
 0.90587013
 0.91042122
 0.90769221
 0.90838792
  0.9116814
 0.91312381
 0.91595096
 0.91060235
 0.89996083
 0.89888438
 0.90485557
 0.90730904
 0.90646548
 0.90330379
 0.90291664
 0.91364284
 0.91358893
 0.91750033
 0.91314292
 0.91279746
 0.91695017
 0.91664195
 0.91587602
 0.91088252
 0.91644359
 0.91462765
 0.91593267
 0.91177618
  0.9163429
 0.91508154
 0.91077504
 0.90929752
 0.91733052
 0.92604829
 0.93026215
 0.92525215
 0.92229135
 0.92253972
 0.92315494
  0.9235958
 0.92240068
 0.91905225
 0.92526691
 0.92377198
 0.92270662
 0.92174776
 0.92341504
 0.92253511
 0.92441748
  0.9226635
 0.92051056
 0.92376143
 0.92455195
 0.92028326
 0.92025645
  0.9258489
 0.91992586
  0.9187813
  0.9259096
 0.92564134
 0.91830262
 0.91262173
  0.9113105
 0.91420731
  0.9102419
 0.90377672
 0.90648999
 0.90961921
 0.90728309
 0.90982432
 0.90946711
 0.90695279
 0.90066094
 0.90176876
 0.90632913
 0.90375298
 0.90076351
 0.90288197
  0.9026528
 0.89632374
 0.89792759
 0.89539413
 0.89554769
 0.89250014
 0.89336842
  0.8982519
  0.8881467
 0.90271676
 0.90110306
 0.90877651
 0.91057674
  0.9088898
 0.90526313
  0.8985845
 0.89738313
 0.88615767
 0.88092376
 0.87356649
 0.88098739
 0.88455652
 0.88987946
 0.90021367
 0.90445989
  0.8994447
 0.89991713
 0.90016386
 0.89854847
 0.89268189
 0.90788867
 0.91494474
 0.92506691
 0.91955315
 0.91846985
 0.92092456
 0.92339381
 0.92369455
 0.92832211
 0.92941399
 0.92973904
 0.94007864
 0.94075514
 0.94527314
 0.94089944
 0.93755436
 0.92941517
 0.93380723
 0.93853925
 0.93650008
 0.93560745
 0.93466605
 0.93860408
  0.9357186
 0.93627392
 0.93281508
 0.93674654
 0.93484927
 0.93373016
 0.94026458
 0.93931067
 0.93843557
  0.9429551
 0.94939989
  0.9506755
 0.94582088
 0.94346911
 0.94398584
 0.94232454
 0.94367042
 0.94169095
 0.94249793
 0.94490418
 0.93691681
 0.93457266
 0.92945554
 0.92596022
 0.92264117
 0.93783577
 0.92839858
 0.92729842
 0.92400564
 0.92626678
 0.92375843
  0.9270208
 0.92335245
 0.92986581
 0.93129648
 0.92696845
 0.93341839
 0.93732887
 0.93397909
 0.93097694
 0.93367793
 0.93784107
 0.94313775
 0.94428866
  0.9402088
 0.94427339
 0.94376485
 0.94048583
 0.93898301
 0.93873568
 0.93158199
 0.93197813
  0.9250927
 0.92537024
 0.91881274
 0.91250987
 0.91377234
 0.91209351
 0.90965526
   0.907616
 0.91086221
 0.91503611
 0.91392644
 0.92489366
  0.9209525
 0.92165968
  0.9224293
 0.92248858
 0.91726943
 0.91775967
 0.92408082
 0.93169629
 0.93123645
 0.93158849
 0.92880207
 0.92890008
 0.92913922
 0.93264413
 0.93265174
 0.92878824
 0.92195893
 0.91807163
 0.92156716
 0.92555757
 0.92166838
 0.92770894
 0.92700965
 0.92639142
 0.92337833
 0.92321004
  0.9186808
 0.92315034
 0.92488773
 0.92146978
 0.91577372
 0.91550252
 0.91417284
 0.91528304
 0.91952012
 0.90757168
 0.92456478
 0.91610712
 0.90966031
 0.91332322
 0.91423299
 0.91174513
 0.91099223
 0.91674133
 0.91692447
 0.91848778
 0.92290824
 0.92056521
 0.91990159
 0.92663375
 0.91754129
 0.91994357
 0.93280819
 0.92946004
  0.9341384
 0.92486685
 0.92108744
 0.92319895
  0.9241477
  0.9177462
 0.91977803
 0.91697814
  0.9183658
 0.91439322
 0.91484753
 0.92114325
 0.92794876
 0.93073525
 0.93156025
 0.93135721
 0.93187871
 0.93297728
 0.93532444
 0.93323587
 0.92975301
 0.93141682
 0.93352647
 0.91770259
 0.91891567
 0.92026601
 0.92058361
 0.92617628
 0.92789884
 0.92877966
 0.92412129
 0.93324815
 0.92912708
 0.92332477
 0.92320133
  0.9175021
  0.9149292
 0.91193782
 0.90923076
 0.91188531
 0.91347094
 0.91221535
 0.91428586
 0.91796114
 0.91521063
 0.91428034
 0.91177457
 0.90854822
  0.9121655
  0.9064646
 0.89543485
  0.8817261
 0.87430783
 0.86867907
 0.87178913
 0.87384916
 0.87805273
  0.8828251
 0.88411961
 0.88686013
 0.89729945
 0.89198837
 0.89624476
 0.89717432
 0.90112051
 0.89625813
  0.8977161
 0.88521632
 0.88664488
 0.89273909
 0.89877788
  0.8927127
 0.89011982
 0.88883292
 0.88961881
 0.88888654
  0.8895715
 0.88978955
 0.89458266
 0.89277715
 0.89221117
 0.89267199
 0.88896117
 0.89386653
  0.8995216
 0.89719472
  0.8971431
 0.89777973
 0.89954755
 0.90145403
  0.9020875
  0.9051295
 0.90057496
 0.88885179
 0.89514779
 0.89153908
 0.89166639
 0.88901945
 0.88550642
 0.88861331
 0.88681555
 0.89221687
 0.88918615
 0.88824347
 0.89605131
 0.88741021
 0.88884495
 0.88451351
  0.8807107
 0.87819205
 0.88100217
 0.88348713
 0.88315007
 0.86801618
 0.88548608
 0.87886343
  0.8733704
 0.87664533
 0.87330898
 0.88100056
 0.88300023
 0.88074054
 0.87558108
 0.88053036
 0.87586386
 0.87745364
 0.88268411
 0.88336108
  0.8773555
  0.8813387
 0.87822168
 0.89363563
 0.89467769
  0.9057957
 0.90116131
 0.89869992
 0.88912864
 0.88369947
 0.88855012
 0.88701288
 0.90394949
 0.91299426
 0.91780984
 0.91938626
 0.91768518
 0.92072705
 0.91471471
 0.91520141
 0.91548057
  0.9169903
 0.91897929
  0.9130317
 0.90836108
 0.91377495
 0.91097552
 0.91090304
 0.89917337
 0.89358866
  0.9050858
 0.90678585
 0.90710256
 0.89869645
 0.90295993
 0.90643882
 0.91101193
 0.90359044
 0.89844236
 0.90378133
 0.89983228
 0.90202032
 0.89491674
 0.89105039
 0.88798958
 0.87858132
 0.88758826
 0.88988573
 0.87852895
 0.88080665
 0.88711783
 0.88282806
 0.88271138
 0.88484269
  0.8874139
 0.89489301
  0.8918764
 0.88498349
 0.89585438
 0.90050651
 0.89449743
 0.90332246
 0.90762696
 0.90590527
 0.90803214
 0.91190958
 0.91547456
 0.91853368
 0.92537116
 0.91993363
 0.92237309
 0.91003059
 0.91118102
 0.91164648
 0.91131602
 0.90732441
 0.90897611
 0.90906594
  0.9073753
 0.90571306
 0.90898626
 0.90282619
  0.9001137
 0.89141128
  0.8946184
 0.89846772
 0.90122443
 0.90136864
  0.8998485
 0.89604973
 0.89828361
 0.89418722
 0.89411526
 0.89009941
 0.88319268
 0.88750354
 0.88788532
  0.8892292
 0.88795591
 0.89300319
 0.88612355
 0.89080588
 0.89769929
 0.90508454
  0.9088225
 0.90346563
 0.89545845
 0.89216966
 0.87299906
 0.87133471
 0.86671755
 0.86657866
 0.85914288
 0.85860352
 0.86479138
 0.86184495
 0.85233243
 0.85784546
  0.8682748
 0.86861467
 0.86826835
 0.87176656
 0.87248159
 0.87310009
 0.86654209
 0.86960363
 0.86702103
 0.86695304
 0.87383819
 0.87815809
 0.87763998
 0.87412939
 0.87500789
 0.87329214
 0.88363173
 0.88736046
  0.8901989
  0.8923061
 0.89761323
 0.89135625
 0.89555252
 0.89884081
  0.9025792
 0.89772298
 0.89599741
 0.89480136
 0.89476321
 0.89912361
 0.89434855
 0.89683495
 0.90291443
 0.90310598
 0.90034605
 0.89482623
 0.89396239
 0.88848505
 0.89222288
 0.88887903
 0.88557725
 0.89298384
 0.89527757
 0.89549128
 0.90205684
 0.89517322
 0.89695366
 0.89818896
 0.90693159
 0.90451585
 0.91084385
 0.90512651
 0.91072694
 0.91338528
 0.91804804
 0.91994247
 0.92133035
 0.90874324
 0.91202124
 0.90573436
 0.90191763
 0.91320486
 0.92291096
 0.92418061
 0.92701221
  0.9224087
 0.92019339
  0.9196921
 0.92091312
 0.91916791
 0.91994898
 0.92800779
 0.91902915
 0.92322874
 0.92061664
 0.91932435
 0.92408734
 0.91961036
   0.913153
 0.90963855
 0.91345832
 0.91439497
 0.90517126
 0.90044117
 0.89721253
   0.903579
 0.90233964
  0.9098535
 0.91197835
 0.90470465
 0.91269882
 0.91207853
 0.90869276
 0.90896355
 0.91991053
 0.91703496
 0.91408492
 0.91275847
 0.90153154
 0.89876597
 0.90000221
 0.90422936
 0.89828335
 0.88428142
 0.88913756
 0.89628161
 0.89906285
 0.90439764
  0.8972079
 0.89544986
 0.89823748
 0.90084386
 0.90951915
 0.90490808
 0.90414756
 0.90467442
 0.91222045
 0.90530939
 0.90280375
 0.90754953
 0.89385311
 0.89630612
 0.90407842
 0.89840004
 0.90309709
 0.89714343
 0.89848995
  0.9076787
 0.91185254
 0.91239844
 0.90883648
 0.90472638
 0.89762649
 0.88262847
 0.88381869
 0.88695263
 0.88924898
  0.8957484
 0.89992174
 0.90113241
 0.89657002
 0.88904112
 0.88841224
 0.88792496
 0.89620894
 0.89539451
 0.90687521
 0.89392647
 0.90162465
 0.90965637
 0.90452084
 0.90193991
 0.91005621
 0.91375982
 0.91549834
 0.91381484
 0.91655214
 0.90886671
 0.90387559
 0.90959534
 0.90261104
 0.89985672
 0.89345551
 0.89493764
 0.89780226
 0.89857229
  0.8998422
 0.90331329
 0.90629633
 0.90352258
 0.90111663
 0.90237785
 0.90717132
 0.90337727
 0.91049217
 0.91384794
  0.9118072
 0.91513003
 0.91645132
 0.92039772
 0.91856024
 0.92120989
 0.91745061
 0.90923038
 0.90627175
 0.90930752
  0.9133533
 0.90328159
 0.90449862
 0.90690638
 0.90731211
 0.91387928
  0.9224349
 0.91402105
 0.91943686
 0.91183228
 0.91100754
 0.91733784
  0.9171662
 0.91673754
 0.91183219
 0.91908355
 0.90787347
 0.91344972
 0.91161628
 0.90094814
 0.89980484
  0.9023539
 0.89339557
 0.89041988
  0.8852446
 0.88461902
 0.89406946
 0.89356798
 0.88566312
 0.88890837
 0.88081697
 0.89043676
  0.8910199
 0.88687356
 0.87706992
 0.88097344
 0.88531051
 0.88428615
 0.87109875
  0.8735408
 0.87952354
 0.86969672
 0.87385354
 0.87686627
  0.8672354
 0.87157162
 0.87600762
 0.88657101
 0.88726174
  0.8966231
  0.8937205
 0.89214023
 0.88269588
 0.87160797
 0.87349161
 0.87088181
 0.87222829
  0.8804304
 0.88598136
 0.89087402
 0.89139426
  0.8907746
  0.8961215
 0.89768205
 0.89133073
 0.89640091
 0.89632829
 0.89064918
 0.89324059
 0.88539725
 0.89041493
 0.87739215
 0.87524078
 0.87674388
   0.876241
 0.88121611
 0.89289878
 0.89309004
  0.8952567
  0.8860231
  0.8891227
  0.8873621
 0.88169727
 0.88288977
 0.88805011
 0.89024531
 0.90104645
 0.89751613
 0.90363964
 0.90364032
 0.89812029
 0.89347258
 0.89546274
  0.8950666
 0.88526201
 0.88549318
 0.88585047
 0.88186801
 0.88814219
 0.88688998
 0.89574652
 0.89893816
 0.90143103
 0.90622821
 0.89775999
 0.90929923
 0.91332031
 0.91753796
 0.91949502
 0.91481338
 0.91217789
 0.90822068
 0.90498039
 0.90462077
 0.90427239
 0.89863397
 0.89423899
 0.90181501
 0.90284191
 0.90578789
 0.90162842
 0.90724824
 0.91168812
 0.91360786
 0.91189949
 0.90477596
 0.91119032
 0.90972517
 0.91033893
 0.90727798
 0.90729055
 0.90546499
 0.89406338
 0.90122833
 0.89978841
 0.88913453
 0.90054775
 0.90358818
 0.90448564
 0.90405226
 0.90382474
 0.90407268
 0.90588969
  0.8983944
 0.90141647
 0.89992638
 0.90300815
 0.90321521
 0.90539198
 0.88988929
 0.88517548
 0.88574726
  0.8764483
 0.87511977
 0.87681475
 0.87578177
 0.87937429
 0.88245861
 0.88207263
 0.87918159
 0.88359488
   0.883347
 0.87971338
 0.88512203
 0.88190649
 0.88185796
 0.87451257
 0.88513106
 0.87424704
  0.8874169
 0.89085819
 0.88342133
 0.87730037
 0.88048143
  0.8861697
 0.88854055
 0.88324086
 0.88497271
 0.88786912
 0.88264502
 0.89077351
  0.8861886
 0.88776561
  0.8852237
 0.88035026
 0.88172015
 0.89019965
 0.88683821
 0.88485551
 0.88226662
 0.88779636
 0.88737348
 0.88469183
 0.88234239
 0.88334682
 0.88041364
 0.87617209
 0.88110323
 0.87755833
  0.8768447
 0.88057674
 0.87866964
  0.8737849
 0.87252511
  0.8737659
 0.87657435
 0.87029032
 0.86021822
 0.85891147
 0.86095195
 0.86301852
 0.86613232
 0.85997647
 0.86644034
 0.86383363
 0.86261214
 0.86289349
 0.85554657
 0.85731384
 0.84913769
 0.85439036
 0.85167888
 0.84582997
 0.84460367
 0.84767397
   0.845463
 0.84256221
 0.83887387
 0.83920563
 0.84594408
 0.84302163
 0.83866268
 0.83860852
 0.83794302
 0.84709123
 0.84420036
  0.8389009
 0.83465071
 0.83085509
 0.83398845
 0.84330232
 0.84846825
 0.84807753
 0.85008995
 0.85136261
 0.84872522
 0.85204566
 0.84650105
 0.84130553
  0.8389052
 0.83680673
  0.8446672
 0.83635354
 0.85288283
 0.84334804
 0.84846415
 0.84843501
 0.85119708
 0.84394118
  0.8388201
 0.84744456
 0.84842916
  0.8472724
 0.84984359
 0.84932833
 0.86135799
 0.85524275
 0.84977698
 0.85282955
 0.85306607
 0.85407634
 0.85348818
 0.84703601
  0.8462429
 0.84960972
 0.85476926
 0.85408579
 0.85757798
 0.85702928
 0.85812122
 0.86400173
 0.85961532
 0.86509149
 0.84981933
 0.85610636
 0.85351239
  0.8642667
 0.86160783
 0.86027613
 0.85932196
 0.86495175
 0.86567141
   0.866572
 0.86844785
 0.86611747
 0.86438822
 0.86403157
 0.86195058
 0.85840108
 0.85838182
 0.86093983
 0.85806949
 0.85417679
  0.8591822
 0.86017054
 0.86367443
 0.86407653
 0.86642027
 0.86378212
 0.86088987
 0.85615188
 0.85700992
 0.85885936
 0.86069892
 0.85892965
 0.85309281
   0.853726
 0.85414403
 0.85515365
 0.85301783
  0.8577888
 0.85815614
 0.85559091
 0.84978708
 0.85596708
 0.84413712
 0.84482061
 0.84277988
 0.83105734
 0.84603275
 0.84455786
 0.83903515
 0.85102899
 0.85047792
 0.83852584
  0.8476522
 0.84751122
 0.84943981
 0.85977393
 0.86137921
 0.85858063
 0.85525318
 0.84954138
 0.85862886
 0.85903302
 0.86106566
 0.85486939
 0.86054881
 0.85704476
 0.86184788
 0.85831634
 0.86030543
 0.85214591
 0.85288917
  0.8559754
 0.86075175
 0.86167906
  0.8649838
 0.86923139
 0.87560683
 0.87383587
 0.87054382
 0.87442062
 0.86806863
 0.86485565
  0.8690207
 0.86773539
 0.86229672
 0.86840134
 0.86926811
 0.86657229
 0.86358157
 0.86236624
 0.86169956
 0.86026098
  0.8589622
 0.85884512
 0.85130269
 0.85058974
  0.8475278
 0.85284687
 0.85887701
 0.85241225
 0.85763781
 0.85735123
 0.85353638
 0.85173403
 0.84458765
 0.84774515
 0.84670379
 0.84815695
 0.84829777
   0.838793
 0.83844174
 0.84191357
 0.83495362
 0.82779012
 0.83900967
 0.83753582
 0.84014709
   0.838462
 0.83446895
 0.83224117
 0.83381463
 0.83829364
 0.83557873
 0.83433051
 0.83955489
 0.83542888
 0.83666205
 0.83802534
 0.83805432
 0.83749946
 0.83166095
 0.83198786
 0.83404879
 0.83016999
 0.82961607
 0.83209211
 0.82728883
 0.82436781
 0.83350906
  0.8342501
 0.83890884
 0.84158508
 0.83442021
 0.82766078
 0.82195861
 0.82426266
 0.81926696
 0.82678944
 0.82901634
 0.82594871
 0.82989333
 0.82400595
 0.83756406
 0.82361256
 0.82429016
 0.82783365
   0.823187
  0.8249974
 0.82117526
 0.82409355
 0.82516831
 0.82766461
 0.82998503
 0.82984951
 0.82964253
 0.82630874
 0.83597985
 0.83353137
  0.8308989
 0.82711113
 0.82634198
 0.81627695
  0.8178912
 0.81772359
 0.81803134
 0.82363039
  0.8274965
 0.82829875
  0.8206154
 0.83206481
 0.83784177
  0.8442517
 0.83882117
 0.84423474
 0.84730126
 0.83866326
 0.84015236
 0.84189801
  0.8421408
 0.84340944
  0.8435017

