0.021244749
0.014987588
0.014560916
 0.01486821
0.014778793
0.014754798
0.014677003
0.014703307
0.014806462
0.014777482
0.014762566
0.014692922
0.014743246
0.014896713
0.014922345
  0.0151014
0.015477674
0.015329504
0.015231444
  0.0156818
 0.01587124
0.016469239
0.016655332
0.017520651
0.017896095
0.017849589
0.019082237
0.019383368
0.020176864
0.020126366
0.020593838
0.021406583
0.022363777
0.023005841
0.023490076
0.023629932
0.024340786
0.024282912
  0.0247903
0.025377972
0.025943128
0.026119431
0.026087711
0.025914492
0.026948094
0.027488479
0.027690872
0.028363058
0.028568568
0.028561429
0.028660119
0.029156186
0.029562071
0.030065233
0.030668027
0.031654672
0.032403916
0.032672021
0.033485533
0.034139103
0.035230016
0.038063544
0.038837762
0.041086457
0.042232741
 0.04359266
0.044100522
0.045411134
0.044738427
0.046228258
0.048410386
0.050612461
0.053660262
0.056300833
0.057667606
0.058844437
0.058916932
0.060685636
0.061263708
0.060379282
 0.06110768
0.062156729
0.062468885
0.062945802
0.064007231
0.065082201
0.065256945
0.065478107
0.065552259
0.066390744
0.067544954
0.069180999
0.069508925
0.070894755
0.071622213
0.072804717
0.072830454
0.072201081
0.072380346
0.072290572
0.072455852
0.073200727
0.073939237
0.073518471
0.073622781
0.073996526
 0.07429471
0.074695258
0.074397548
0.074697394
 0.07499319
0.074948698
0.075589941
0.076418891
0.077362017
0.077617332
0.078161831
0.079667504
0.079651319
0.080587027
0.080945174
0.084434205
 0.08373262
0.088333843
0.089135483
 0.09028743
0.091407118
 0.09265736
0.096740481
0.095705156
0.095384974
0.095836547
0.096105479
0.096332177
0.097206621
0.096712873
0.097054538
0.097173417
0.098211445
0.098826068
0.099190094
 0.10109423
 0.10382598
 0.10559543
 0.10205864
 0.10328749
 0.10596527
 0.10904334
 0.10911937
 0.10716982
 0.10700536
 0.10800909
 0.10829819
 0.10663864
 0.10530366
 0.10458873
 0.10616966
 0.10545268
 0.10753733
 0.10869321
 0.11137943
 0.11604727
 0.11375981
 0.11245723
 0.11538942
 0.11651098
 0.11624146
 0.11582616
  0.1136318
 0.11615723
 0.11523752
 0.11708189
 0.11881894
 0.12550601
  0.1295085
  0.1358906
 0.13713158
 0.14160389
 0.14537584
 0.14482493
 0.14878329
 0.15258508
 0.15486413
 0.15980424
 0.16270415
 0.16443621
 0.16734791
  0.1695411
 0.16951293
 0.17000532
   0.169515
 0.16949081
  0.1687014
 0.17207857
 0.17425851
 0.17364149
 0.17114113
 0.17251813
 0.17619845
  0.1774707
  0.1789379
 0.17967959
 0.17950044
 0.17621736
 0.17742427
 0.17948414
 0.18310396
 0.18255104
 0.18093872
 0.18068416
 0.18174289
 0.17982082
 0.17965089
 0.17898757
 0.18155782
 0.18013994
 0.18575701
 0.18395448
 0.18973102
  0.1928068
 0.19328406
 0.19714535
 0.19480212
 0.19630589
 0.19950783
 0.20178227
 0.20784926
 0.20708722
 0.21112039
 0.21153794
 0.21469401
  0.2136301
 0.21565784
 0.21772931
 0.21654609
 0.21744401
  0.2185747
 0.22015677
 0.21936473
 0.21861362
 0.22162047
  0.2236896
 0.22317348
 0.22388022
  0.2263968
 0.22474623
 0.22254495
 0.22333812
 0.22277939
 0.22393299
 0.22513349
 0.22501087
 0.22698234
 0.22946741
  0.2311202
 0.23274769
 0.23729984
 0.23931491
 0.24087564
  0.2386237
 0.23757374
 0.23944833
 0.23816327
 0.23898428
 0.23763653
 0.24132978
 0.24124654
 0.24363685
 0.24411591
 0.24467291
 0.24689417
 0.25234756
 0.25691113
 0.25680598
 0.25840771
 0.25755827
 0.25664902
 0.25616355
 0.25726838
 0.25929672
 0.26143029
 0.25899343
 0.26810521
 0.26929238
 0.27750315
 0.28587349
 0.28689388
 0.28734624
 0.29054432
 0.29352705
 0.29836446
 0.29314184
 0.29850247
 0.30167679
 0.30251594
 0.30627497
 0.30430969
 0.30566144
 0.31107454
 0.30932247
 0.30823294
 0.30997145
  0.3094002
 0.31329109
 0.31873962
 0.31647076
 0.32063458
  0.3254838
 0.32354085
 0.32962093
 0.33649198
 0.33399091
 0.33421646
 0.34214865
  0.3449533
  0.3481767
 0.35137593
 0.35361561
 0.35387267
 0.35679515
 0.35812068
 0.35726035
 0.36073169
 0.36333343
 0.36413171
 0.36163334
 0.36372405
 0.37023815
  0.3717713
 0.37560437
 0.37485834
 0.37700922
  0.3822495
 0.38257702
  0.3965339
 0.38877424
  0.4060427
  0.3971458
 0.41012882
 0.42478977
  0.4188849
 0.42661288
 0.41928692
 0.43266201
 0.42662926
 0.42636573
 0.43508016
 0.43604564
 0.43378509
  0.4396816
 0.43704908
 0.43978069
 0.44575986
 0.43450571
 0.43459162
 0.43419219
 0.43837909
 0.43671518
  0.4453945
 0.44309438
  0.4485738
 0.45283359
 0.45449052
 0.45490441
  0.4531173
 0.45256785
 0.45124893
  0.4523879
 0.45836823
 0.45615925
 0.45666323
 0.45485157
 0.46005756
 0.45728068
 0.46547641
 0.46417785
 0.46240736
 0.46574877
 0.46529544
 0.46651401
 0.47048134
 0.46932476
 0.46934182
  0.4646132
 0.46609778
 0.46412181
 0.46924599
 0.47067915
 0.46957739
 0.47241815
 0.46830912
 0.46749321
  0.4706227
  0.4720596
 0.47252569
 0.46553607
 0.46467785
 0.46453031
 0.46490935
 0.46174494
 0.46469208
 0.46761959
 0.46992906
 0.46756245
 0.46900143
 0.47116406
 0.46590657
 0.47072415
 0.47294351
  0.4761461
  0.4796801
 0.47950178
 0.47764394
 0.48090198
 0.48046674
 0.47924448
 0.47781946
 0.47860434
 0.47022501
 0.47939872
 0.47974518
 0.47844903
  0.4745324
 0.47498338
 0.47962271
 0.48289276
 0.48546684
  0.4860385
 0.48402712
 0.48072846
 0.48162787
 0.47942439
 0.48203835
 0.48099328
 0.48163614
 0.48400185
 0.48397358
 0.48449647
 0.48281765
 0.48143374
 0.48238622
 0.48518907
 0.48862356
 0.48878638
 0.50300151
 0.50606536
 0.50494498
 0.50901236
 0.50961762
  0.5100662
 0.51224175
 0.51361451
 0.51865405
 0.52305031
 0.52601509
 0.52117967
 0.52275365
 0.52008601
 0.51615741
 0.52074407
 0.52577424
 0.52486707
 0.52499134
 0.52565249
 0.52299601
 0.52824121
 0.52441836
  0.5287081
 0.52835195
 0.52907988
  0.5280385
 0.52533599
 0.52920752
 0.52724288
 0.53187031
 0.53280754
 0.53275137
 0.54205188
 0.53651547
 0.53537049
 0.53753088
 0.53690227
 0.53577501
 0.53787876
 0.53250855
 0.53637369
 0.53773587
  0.5468123
 0.55002609
  0.5529033
 0.55204124
 0.55693957
 0.55789578
 0.56079188
 0.55965831
 0.55856048
 0.55588145
 0.55570237
 0.55775536
 0.55261015
 0.55500263
 0.55288353
 0.54758797
 0.54610057
 0.54723793
 0.54449221
 0.55484583
 0.55624867
 0.56025428
 0.55829836
 0.55965484
 0.56078353
 0.56576067
 0.57385267
 0.57128942
 0.57169262
 0.56507899
 0.56800081
 0.56606937
 0.56844117
 0.57102795
 0.56895431
 0.57464753
 0.57474887
 0.58079531
 0.57845828
  0.5824585
 0.58227882
 0.57930586
 0.57508932
 0.57461911
 0.57742526
 0.58450842
 0.59436109
 0.59250974
 0.58424489
 0.59149542
 0.58835981
 0.58634453
 0.58564059
 0.57818874
 0.58482434
 0.59361497
 0.59398979
 0.59534779
 0.60113295
 0.59953494
 0.60084201
 0.59999274
   0.605703
 0.60923373
 0.61389672
  0.6150109
 0.61349755
 0.62141861
 0.62388519
 0.62393491
 0.62226194
 0.62149318
 0.62419121
 0.61928763
 0.61943004
 0.61942566
 0.61709252
 0.61322111
 0.61325152
  0.6176797
 0.62106144
  0.6188238
 0.61113569
 0.61922113
 0.61461611
 0.61648497
 0.60992383
 0.61418707
 0.61857711
 0.61473497
 0.62224822
 0.61953008
 0.62651544
 0.62729594
 0.62970372
 0.62678066
 0.62731462
 0.62093399
  0.6248665
  0.6270219
 0.62576532
 0.62598893
 0.62535356
 0.62207788
 0.62172292
 0.62275417
 0.61688319
 0.62012652
 0.62000322
 0.61461818
 0.61519386
 0.61453548
 0.62039498
 0.62469554
 0.61945474
 0.61843883
 0.61880514
 0.62357152
 0.61793192
 0.61760242
 0.61836097
 0.62191581
 0.61788994
 0.61799076
 0.60795536
 0.61422946
 0.61301079
 0.61166947
 0.60977003
 0.61534772
 0.61502411
 0.61362609
 0.61193847
 0.60964458
 0.61557161
 0.61481531
 0.60918745
  0.6030404
 0.60215756
 0.60541576
 0.59436848
 0.60290174
 0.61140984
 0.61404204
 0.61750302
 0.61913431
 0.62241072
 0.61833228
 0.61655617
 0.61921434
 0.62202665
 0.61737779
 0.62255678
 0.62408043
 0.62330777
  0.6289409
 0.62977233
 0.63014555
 0.62951981
 0.62944922
 0.63603686
 0.63065032
 0.63439098
 0.62693597
 0.62578571
 0.63020441
  0.6287005
 0.63330363
  0.6338096
 0.63131099
 0.63987876
 0.63756304
 0.64497364
 0.64751897
 0.65372743
 0.65726496
 0.65507601
 0.65405679
 0.65784064
 0.65449333
 0.65692554
 0.65219846
 0.64859009
 0.64917669
 0.64692856
 0.64406615
 0.64420813
 0.64411131
 0.64094083
 0.64059651
 0.64381738
 0.64327717
  0.6421042
 0.63955538
 0.64400104
 0.64117241
 0.64004546
 0.63548422
 0.63539215
 0.63062381
 0.62306295
 0.62132319
 0.61983091
  0.6248798
 0.63383279
 0.63557491
 0.63446233
 0.63641171
 0.63778414
 0.63245459
 0.63465203
 0.63604063
  0.6373854
 0.63990768
 0.63853817
 0.63989886
 0.64021417
 0.63888879
 0.63523754
 0.63788525
  0.6368235
 0.64098041
 0.63465476
 0.63707584
 0.64044536
 0.63953853
 0.63678838
 0.63255634
 0.63061999
 0.63266147
 0.64080902
 0.64590275
 0.64656014
 0.64131335
 0.63915692
 0.64390798
 0.64675587
 0.64496415
 0.64629364
 0.64462777
 0.64249646
 0.64144824
 0.63486691
  0.6321565
 0.63513555
 0.63399277
 0.63225066
 0.62736833
 0.62753397
 0.62763109
 0.63187667
 0.63784768
 0.64404854
 0.64450367
 0.64358073
 0.64202744
 0.63681251
 0.64004906
  0.6373646
 0.64314442
 0.64082987
 0.64325285
 0.63805656
 0.63799877
 0.63857225
   0.641558
 0.63852948
 0.63522541
  0.6374333
 0.64520285
   0.645099
  0.6486824
 0.63887229
 0.63308422
 0.63818885
 0.63346924
 0.63623329
 0.64106848
 0.63499001
 0.64193398
 0.64081748
 0.64616757
 0.64629816
 0.64534993
 0.64715319
 0.64639571
 0.64367224
 0.64597651
 0.64285008
 0.64487517
 0.64378031
 0.64341033
 0.64586298
 0.64986282
 0.64522232
 0.64553284
 0.64264482
 0.64696717
 0.64653641
 0.64662801
 0.64533193
 0.64310835
  0.6405897
 0.63725486
 0.64201548
 0.63798769
 0.64153815
 0.63857606
 0.64197047
 0.63924466
 0.64281678
 0.64726712
 0.64288239
 0.64247125
 0.64311937
 0.64670746
 0.65036089
 0.64818855
 0.64907305
 0.64889758
 0.65667846
 0.65923202
 0.65821874
 0.65299417
 0.64334621
 0.64314503
 0.64620343
 0.64272936
 0.64288925
 0.64696924
 0.64615654
 0.63459743
 0.63096024
 0.64153483
 0.63682797
 0.63121356
 0.62927872
 0.62753321
 0.62833928
 0.62774637
 0.63195244
 0.63677386
 0.63927119
 0.64393221
 0.64916606
 0.64619867
 0.63924101
 0.62673105
 0.63724133
   0.648192
 0.64889483
 0.65637212
 0.65074811
 0.64939553
 0.64783149
 0.64928039
 0.64759186
 0.64534852
 0.64254809
 0.64841436
 0.65603746
 0.65677334
 0.65504611
 0.65807402
 0.65712438
 0.65523057
 0.64942954
 0.65310461
 0.65368549
 0.65040529
  0.6487089
 0.64430564
 0.64724687
  0.6452533
 0.64107363
 0.64128637
 0.64195495
 0.64758943
 0.64284542
 0.64786131
  0.6456261
 0.65033807
 0.64906928
 0.65315237
 0.65299341
 0.65172343
 0.64855188
 0.65485853
 0.66353983
 0.65889823
 0.65683371
 0.65260286
 0.65252869
 0.64737764
 0.65211594
 0.65084669
 0.65110869
 0.64626281
 0.65168424
 0.64979896
 0.65227031
 0.64810666
 0.64517774
 0.64823281
 0.64648548
 0.64800924
 0.64754562
 0.63856446
 0.63596689
 0.63866031
  0.6403167
   0.640381
     0.6426
 0.64047776
 0.64586351
 0.64058625
 0.64498495
  0.6474612
 0.64201693
  0.6420755
 0.64068026
 0.64042453
 0.64405938
 0.63634805
 0.63358488
 0.63298167
 0.63554415
 0.62766551
 0.62856182
 0.62623662
 0.62762675
 0.63171873
  0.6295846
 0.63025572
  0.6297277
 0.63281369
 0.63379925
 0.62656767
  0.6271541
 0.62918743
 0.63520584
 0.63779018
 0.63694089
  0.6402996
 0.64644648
 0.64179513
 0.65213341
 0.65132162
  0.6542833
 0.65799631
 0.65655891
 0.65064222
 0.65560643
 0.65810897
 0.64948314
 0.64676264
 0.65181636
 0.64576477
 0.64196496
 0.64331479
 0.64152799
 0.64712969
 0.64224976
 0.64609742
 0.64487631
  0.6479103
 0.65060545
 0.64986675
 0.65173313
 0.65159372
 0.64648885
 0.64877814
 0.64511806
 0.64809263
  0.6531461
 0.65489031
 0.66319204
 0.65615087
 0.65481468
 0.65003958
 0.64876346
 0.65086726
 0.65848291
 0.64898016
 0.65342067
  0.6564878
 0.65301168
 0.65410248
 0.65154114
 0.65193752
 0.64826279
 0.65075558
 0.65139923
 0.65553956
 0.65170491
 0.65273187
  0.6520543
 0.65463639
 0.65698896
 0.65663938
 0.66041241
 0.65698785
 0.65704935
 0.65480203
 0.65475315
 0.65906996
 0.65927665
 0.66101321
 0.66136235
 0.66258608
  0.6575579
 0.65648756
 0.65781225
 0.65453047
 0.64930687
 0.65378173
 0.65665022
 0.64760705
 0.65194323
 0.65317913
 0.65409552
 0.65813233
 0.66393127
 0.66627914
 0.66835113
 0.66483939
 0.66266486
 0.66557307
 0.66772098
 0.67114878
 0.67856355
 0.67803388
 0.68331779
 0.67975854
 0.68492416
 0.67307854
 0.67133169
 0.67752417
 0.68481473
 0.68759632
 0.68580377
 0.68208751
 0.67830461
 0.68514302
 0.68870194
 0.69249303
  0.6927391
 0.69462099
 0.69411791
 0.68335993
 0.68672172
 0.68869921
  0.6927235
 0.69667304
 0.69849577
 0.69092332
 0.68681564
  0.6833825
 0.67644797
 0.68798275
 0.69107622
   0.690748
 0.69574444
 0.69355563
 0.68787434
 0.69065724
  0.6902133
 0.68999014
 0.68757617
 0.69301542
 0.69717663
 0.70055523
 0.70354036
 0.69776688
 0.69479436
  0.6907758
 0.69869935
 0.69412942
 0.69728921
  0.7043514
 0.70212737
 0.69928236
 0.69943716
 0.70162165
 0.70271299
 0.70324826
 0.70722963
 0.70672739
 0.69895442
 0.70498123
 0.70975246
  0.7058488
 0.71134202
 0.71042379
 0.71646475
 0.71205412
 0.70927337
 0.71554086
 0.72318992
 0.72068564
 0.73082849
 0.72902479
 0.73447635
  0.7361612
 0.73375157
 0.73777926
 0.73266554
 0.72977998
 0.73205544
 0.73503375
 0.74195859
 0.74249276
 0.73745779
 0.73849933
 0.73943082
 0.74449738
 0.74578808
 0.74267239
 0.74804056
 0.74659952
 0.75165245
 0.75647119
 0.75591932
 0.75604513
 0.75807849
 0.76058168
 0.75177611
  0.7552218
 0.75759392
 0.75693201
 0.76117853
 0.76081037
 0.76058794
 0.75700916
 0.76570095
  0.7647377
 0.76626658
  0.7682052
 0.76714724
  0.7708888
 0.77015637
 0.77084764
 0.77573488
 0.77514532
 0.77775116
 0.77508732
 0.77978193
 0.78093885
 0.78286909
 0.78479447
 0.77885057
 0.77990074
  0.7799722
 0.77873998
 0.77677742
 0.77625369
 0.77237035
 0.77631972
 0.77424083
 0.77856188
  0.7798582
 0.77858446
 0.78671177
 0.78908745
  0.7871125
  0.7924072
 0.79284259
 0.79148947
 0.79765683
 0.79694435
 0.79796708
  0.7949917
 0.80055114
 0.80066935
 0.80680695
 0.81186519
  0.8126857
 0.81434766
 0.81656789
 0.81763107
 0.81496518
 0.81970334
 0.81345946
 0.81935216
 0.82250865
 0.82190635
  0.8195918
 0.82079224
 0.82072808
 0.82006775
 0.82135743
 0.81555824
 0.81726085
 0.81552167
 0.81537359
 0.81313285
 0.81899575
 0.81886767
 0.81662435
 0.82297757
 0.82939524
 0.82552451
 0.82358996
 0.81886929
  0.8203957
 0.82150757
 0.82502585
 0.82126294
 0.81911971
 0.82092597
 0.82185827
 0.81975866
 0.81562119
 0.81307708
 0.81025057
 0.80496797
 0.81119678
 0.81577119
 0.81725736
 0.81481532
 0.81401242
 0.81728728
 0.81493357
 0.81723986
 0.81621868
 0.81602716
 0.80752509
 0.80704147
  0.7993807
 0.79584683
 0.79310413
 0.79470584
 0.79521449
 0.79369685
 0.79520937
 0.79733179
 0.79795712
 0.79875655
 0.80316681
 0.80422385
 0.81042308
 0.80914257
 0.80876458
  0.8068542
 0.80402865
 0.80469939
 0.80116778
 0.80174606
 0.80293956
 0.80004257
 0.79896674
 0.79832236
 0.80055126
 0.80183431
 0.80112536
 0.80260019
  0.8012447
  0.8019503
 0.79806412
 0.79998981
 0.79610641
 0.79416916
 0.79619541
 0.79372882
  0.7865843
 0.79060691
 0.79122655
 0.78865371
 0.79062609
 0.79390208
 0.79274755
 0.79534684
 0.79179095
 0.79260061
 0.79251224
 0.79907916
 0.80488214
  0.8003719
  0.7979737
 0.79769924
 0.79988392
 0.80188088
 0.80011223
 0.79750679
  0.7937727
 0.79494204
 0.80030326
 0.80481069
 0.80920728
 0.80446257
 0.80329385
 0.80489417
 0.80538137
 0.80352777
 0.80443313
 0.80156074
   0.802112
 0.80111525
 0.79543026
 0.79443848
  0.7957628
 0.80073342
 0.79754538
 0.79593258
 0.79586195
 0.79955889
 0.80163106
 0.78833706
  0.7902217
 0.78883201
 0.79355891
 0.79353136
 0.78954294
 0.79460601
 0.79318517
 0.79580728
 0.79179982
 0.79375824
 0.79417483
 0.80039652
 0.80394291
 0.79974054
 0.79583007
 0.79423448
 0.79343321
 0.80032078
 0.80046789
 0.79356182
 0.79514881
 0.79293044
 0.78396278
  0.7858328
 0.79064077
 0.78634603
 0.78815003
 0.79255352
 0.78923929
 0.78394135
 0.78589729
 0.78409533
 0.78585192
 0.79094118
 0.78492375
 0.78703217
  0.7870034
 0.79021883
 0.78815931
 0.78785911
 0.78789892
 0.78783799
 0.78764656
 0.78425102
 0.78182012
 0.78313296
   0.787116
 0.78691181
 0.78089184
 0.78232522
 0.77181491
 0.77022198
 0.77104919
 0.76897168
 0.77519242
 0.77857824
 0.77468465
 0.77313454
 0.77347294
 0.76792053
 0.76154944
 0.76090781
 0.76108746
 0.76362994
 0.75970206
 0.75546918
 0.75456528
 0.74920562
 0.74883774
 0.74922885
 0.73678642
 0.74164006
 0.73685635
 0.73026699
 0.73977553
 0.74586689
  0.7457438
 0.74466115
 0.74930024
 0.75281766
  0.7498676
 0.74995969
 0.74681274
 0.75252066
 0.75217124
 0.75332786
 0.74722592
 0.75008302
  0.7500563
 0.75967563
 0.76172391
 0.76419202
 0.76719904
 0.76752384
  0.7722383
 0.77008611
 0.76505039
 0.76115454
 0.75484696
 0.76287183
 0.76328989
 0.76740913
 0.76829201
  0.7746882
 0.76887202
 0.77136856
 0.77336101
 0.77057204
 0.77016935
 0.77830903
 0.78045139
 0.78464885
 0.78748349
 0.78693104
 0.78766055
 0.78721054
 0.79251042
 0.79038737
 0.78400168
 0.78608657
 0.78591207
 0.78486308
 0.78450172
 0.78620664
  0.7843389
 0.78430285
 0.78143148
 0.78134461
  0.7822948
 0.77834557
 0.78473686
 0.78176208
 0.78527399
 0.78561643
 0.79016922
 0.78900913
 0.78880367
 0.78919072
 0.78588634
    0.78641
 0.78372953
 0.77903856
 0.77717273
 0.78047771
 0.78809807
 0.78397772
 0.77840208
 0.77204927
 0.77070266
 0.76904903
 0.76809806
  0.7686949
 0.76370875
 0.76510724
 0.76689197
 0.75811644
   0.772647
  0.7717054
 0.76704151
 0.76922244
 0.76402112
 0.77104682
 0.77216792
 0.77256201
 0.77405972
 0.77570884
 0.77455344
 0.77716305
 0.78083989
 0.78427487
 0.78735204
 0.78122551
 0.78290923
 0.77827401
  0.7820369
 0.78475219
 0.78386702
  0.7850721
 0.78511673
 0.78711863
 0.77935016
 0.77869626
 0.77413718
 0.77244253
 0.78067663
 0.78214062
 0.77793439
 0.77539988
 0.77154028
 0.76790388
 0.76955145
 0.76723414
 0.76759151
 0.76903672
 0.77456359
 0.77678722
 0.77738335
 0.77673335
 0.77565434
 0.77400943
 0.77049181
 0.77236002
 0.77445067
 0.77490426
 0.77303652
 0.76866501
 0.77006443
 0.76555339
 0.76233798
 0.76441701
 0.76304751
 0.76449626
 0.77012467
 0.76855956
 0.76766921
 0.76483489
 0.75998729
 0.75954588
 0.75980548
 0.76768997
 0.77495975
 0.76804646
 0.76461042
 0.77571683
 0.77289607
 0.77445646
 0.77077136
 0.76154116
 0.75950888
 0.75974706
 0.76785257
 0.77240096
 0.77289578
   0.761647
 0.75701202
 0.74912246
 0.74307964
 0.73370195
 0.72781118
 0.72802979
 0.73393507
 0.74105472
 0.75065478
 0.75195905
 0.75121677
  0.7525091
    0.75498
 0.74652713
 0.73431674
 0.72478622
  0.7301595
 0.74085654
 0.73918986
  0.7315984
 0.74000418
 0.74113723
 0.74576226
 0.74780965
 0.74268979
 0.74568564
 0.73648713
 0.73580227
 0.73097711
 0.72997787
  0.7474097
 0.75028736
 0.74878562
  0.7487964
 0.74958163
 0.74947052
 0.74883164
 0.74069968
 0.73938849
 0.73874896
 0.74052532
 0.73561943
 0.73583358
 0.74172667
 0.73596301
 0.74503623
  0.7488927
 0.74675221
 0.74350907
  0.7452087
 0.73395158
 0.72850834
 0.72719105
 0.72538289
 0.72976964
 0.73089384
 0.72944216
 0.72397246
  0.7271714
 0.72114187
 0.72263654
 0.72901703
 0.71777602
 0.72980724
 0.73030294
 0.73671599
 0.73509224
 0.73130051
 0.72978772
 0.72975663
 0.72878367
 0.72648161
 0.72036845
 0.72121236
 0.71844302
 0.70867558
 0.71274643
 0.71624565
 0.71963177
 0.72132634
 0.72564643
 0.72261628
 0.72836218
 0.72988599
  0.7281892
 0.73264081
 0.72720854
  0.7351589
 0.72982213
 0.73162922
 0.73382068
 0.73096559
 0.73204728
 0.72939121
 0.73388453
 0.74199909
 0.74076594
 0.74042415
 0.73832977
 0.73627502
 0.73492376
  0.7348131
 0.72866452
  0.7337287
 0.73152075
 0.73385623
 0.73615502
 0.73669073
 0.73952974
 0.74103393
 0.74503115
 0.73874265
 0.73619586
 0.73118823
 0.73519165
 0.72249363
 0.71084901
 0.70798523
 0.72378003
 0.71658849
 0.71578936
 0.71936486
 0.72577742
 0.72259095
 0.72686107
  0.7312979
 0.72712732
 0.73520009
 0.73016735
 0.73335974
 0.73484608
 0.73805496
 0.73979436
 0.74389201
 0.74765935
  0.7468942
 0.74761103
 0.74092705
 0.74275616
 0.74177774
  0.7429239
 0.73836759
 0.74396438
 0.74069331
 0.75169135
 0.74188477
 0.74831638
  0.7397517
 0.74019186
 0.73869106
 0.73283321
 0.73391452
 0.73451139
 0.73238153
 0.73492795
 0.73459333
 0.74092376
 0.73878796
 0.74497062
 0.74243293
 0.73074366
 0.72372543
 0.71835072
 0.72492255
 0.72731021
 0.72640993
 0.72211997
 0.72201925
 0.72562048
  0.7317963
 0.73750205
 0.73661039
 0.74798903
 0.74260633
 0.74683926
  0.7437513
 0.73684881
 0.74713041
 0.73936418
 0.73506828
 0.73642431
 0.73843969
 0.74531237
 0.74242298
 0.75037574
 0.75224477
 0.75254724
 0.75016594
 0.74488126
 0.74488348
 0.74188236
 0.74053844
 0.74187645
 0.74513429
 0.74621643
 0.74080355
 0.73822255
 0.74282867
 0.73902486
 0.73913671
 0.74093612
 0.73740277
 0.74047368
 0.74105487
 0.74326885
 0.74348461
  0.7440149
 0.74323558
 0.74616888
 0.74248326
 0.74549045
 0.74904484
 0.74905755
 0.74815886
 0.74541889
 0.74941954
 0.75198516
 0.75585397
 0.74914167
  0.7494156
 0.75517744
 0.75555928
 0.74708135
  0.7545461
 0.75135719
 0.75898908
 0.75724711
  0.7591881
 0.74935215
 0.75302884
 0.75270775
 0.75241145
 0.74894444
  0.7482658
 0.75119533
 0.74589019
 0.74433024
 0.73988036
 0.73641465
 0.73302241
  0.7318345
 0.74114125
 0.73392925
 0.74337268
 0.73769963
 0.73800283
 0.73554385
 0.73348555
 0.74373118
 0.74357853
 0.74263045
 0.74816593
 0.75480254
 0.74819297
  0.7590795
 0.75322866
 0.75908854
 0.75768889
 0.75443995
 0.75291526
 0.75119962
 0.75693019
 0.75928608
 0.76348711
 0.75906176
 0.75793222
  0.7591027
 0.76102899
 0.76115948
 0.75683023
  0.7500629
 0.74782356
 0.73801669
 0.74120966
 0.75021677
 0.74990315
 0.75856439
 0.75562151
  0.7590007
 0.75517289
 0.75970061
 0.75758476
 0.76018072
 0.76526355
  0.7621966
 0.76586595
 0.76383887
 0.76243966
 0.75436901
 0.75591017
 0.75882874
 0.75005566
  0.7582159
 0.74875472
  0.7561446
 0.76137687
 0.75986381
 0.75989327
 0.75935513
 0.75523417
 0.75996357
  0.7595818
 0.75969543
 0.76247116
   0.761084
 0.75454906
 0.75952101
 0.76247129
 0.76118942
 0.76600401
 0.76702872
 0.75710815
  0.7582537
 0.76104596
 0.76255059
 0.75909867
 0.75914409
 0.76096731
 0.75925815
 0.75821227
 0.75064525
 0.75307926
 0.75491506
  0.7584692
 0.75496159
 0.76201809
 0.75738115
 0.76165233
 0.75682614
 0.76278042
 0.75935244
 0.76417069
 0.76096721
 0.76385835
 0.76096884
 0.76912572
 0.77204564
 0.77266176
  0.7774124
 0.77917866
 0.78181398
  0.7842233
 0.78683128
 0.78855674
  0.7897084
 0.79251255
 0.79432587
 0.79235681
 0.79458259
 0.79519765
 0.79517477
 0.80084609
 0.80251596
 0.80381023
 0.80739031
 0.80068014
 0.80080197
 0.80152348
 0.80323197
 0.80861786
 0.81210089
 0.81798137
 0.82295143
 0.82539917
 0.82516565
 0.82577801
 0.82695522
 0.82928425
 0.82691963
  0.8268589
 0.82280558
 0.82336459
 0.82170861
 0.82777678
 0.83014117
 0.83289523
 0.82110037
 0.83035428
 0.82818408
 0.82864976
 0.82534772
 0.82383831
 0.82043073
  0.8107419
 0.81241902
 0.81638014
 0.82241158
 0.82018922
 0.81807538
 0.81943955
 0.82021001
 0.81950224
 0.82208188
 0.82071062
 0.81905253
 0.82154405
 0.81937134
 0.82036834
 0.82049406
 0.82202813
 0.82776948
 0.82673248
 0.82571559
 0.82277404
 0.82467014
 0.82506554
 0.82864333
 0.82815458
  0.8284754
 0.82988067
 0.82895719
 0.82939185
 0.82969188
 0.82692961
 0.82444974
 0.82581937
 0.82384788
  0.8237277
 0.82506591
 0.82273715
 0.82864552
 0.82752243
  0.8258111
 0.82143568
 0.81190061
 0.81200749
 0.80384734
 0.81147898
 0.81585119
 0.81489647
 0.80983704
 0.81783463
 0.81108928
 0.80719163
 0.80227434
 0.79819996
 0.79842445
 0.80126477
  0.7922851
 0.81300363
  0.8164463
 0.82353534
 0.82735258
 0.82675147
 0.82555709
 0.82382112
 0.82724982
 0.82601059
 0.82109823
 0.82562664
 0.83701512
 0.83880281
 0.84015289
 0.83900013
 0.84433666
 0.84808775
 0.84437653
 0.84657573
 0.85219171
 0.84561385
 0.84660531
  0.8454899
 0.85353818
 0.85392516
 0.85830236
 0.85419471
 0.85744272
 0.85711234
 0.85787797
 0.84607373
 0.85406728
 0.85076981
 0.85260214
 0.84949488
 0.84862779
 0.83791368
 0.84270059
 0.83557031
 0.83014947
  0.8330589
  0.8355777
 0.84259311
 0.84164475
 0.83710419
  0.8378991
 0.84917436
 0.84822317
 0.84723788
 0.85420579
 0.85326648
 0.85754656
 0.86211858
 0.86149194
 0.85338746
 0.86539052
 0.86256164
 0.86754107
 0.86935717
 0.87583682
 0.87337616
 0.86975317
  0.8694406
 0.87360459
 0.86910228
 0.87043743
 0.87127872
 0.87146735
 0.86982472
 0.86774052
  0.8734948
 0.86698804
  0.8618259
 0.85923877
 0.85697415
  0.8631361
 0.86194805
  0.8590095
 0.86169604
 0.85725196
 0.85878601
   0.853383
 0.85407588
 0.86064626
 0.85772644
 0.86389996
 0.85823178
  0.8611991
 0.85916722
 0.85696891
 0.84895776
 0.84938053
 0.84391654
 0.84835446
 0.85198415
 0.85037329
 0.84760795
 0.85417192
  0.8579596
 0.85352027
 0.85732846
 0.85362369
 0.85348784
 0.85419744
 0.86059655
 0.85734837
 0.84960973
 0.84885962
 0.83906477
 0.83651322
 0.83588885
 0.82783567
 0.83285581
 0.83489833
 0.83839855
 0.82827611
 0.82613334
 0.81578191
 0.81792849
 0.81477447
 0.81606416
 0.81496288
 0.81839594
 0.82928496
 0.83538805
 0.83727014
 0.83801886
 0.83530344
 0.83227944
  0.8227896
 0.81738092
 0.81004023
  0.8081495
 0.80690035
 0.80834281
 0.81668005
 0.81437986
 0.81880915
 0.82451321
 0.83318002
 0.83721792
 0.83206789
 0.83801178
 0.83988503
 0.84203349
 0.83756838
 0.83595225
 0.83186119
 0.82533724
 0.81997037
 0.81715646
 0.82187169
 0.82157419
 0.83365047
 0.83660903
 0.83297724
 0.83735641
 0.83178954
 0.83296739
 0.83136896
  0.8369836
  0.8351786
  0.8290466
 0.83537438
 0.83400413
 0.84203531
 0.83976954
 0.84366405
 0.84027068
 0.83869464
 0.84446151
 0.84500904
 0.84603083
 0.84666924
  0.8459449
 0.83824107
 0.83814625
  0.8368431
 0.83752038
  0.8420729
 0.84412733
 0.84508306
 0.83945957
 0.84244216
 0.83320891
 0.83893686
 0.83454006
  0.8368768
 0.82560673
 0.83005047
 0.83053475
 0.83976586
 0.83306133
 0.82936051
 0.82673794
 0.82576144
 0.82689104
 0.82969978
 0.82514669
 0.82130264
 0.82057681
 0.82201504
 0.81955312
 0.82058352
 0.82681296
 0.82632049
 0.82960279
 0.83461232
 0.83154679
 0.83528162
 0.82927253
 0.82863929
 0.82979062
 0.83065117
 0.82426336
 0.82723581
  0.8280281
 0.82495503
 0.83322085
 0.83276815
 0.83081612
 0.82849248
 0.82836984
 0.82689094
 0.82350677
 0.82420295
 0.82443794
 0.82590586
 0.82265049
 0.82501354
 0.81951369
 0.82189713
  0.8129227
 0.81255164
 0.80666927
 0.80498761
 0.80261095
 0.80966348
 0.80676537
 0.80432602
 0.80140727
 0.79260855
 0.79252104
 0.78928191
 0.79210635
 0.79571498
 0.79911722
 0.79834802
 0.80240897
 0.80088517
 0.79252178
 0.78201879
 0.79049141
 0.79612553
  0.7913988
 0.79157778
 0.79580282
 0.79438754
 0.79887521
 0.79877452
 0.80138243
 0.80219618
 0.80665621
 0.80812055
 0.80674539
 0.80503899
 0.80671001
 0.81301552
 0.81314017
 0.80872935
 0.80973821
 0.81133149
 0.82245035
 0.82785602
 0.82902559
 0.83081195
 0.82642876
  0.8283579
 0.82895767
 0.83007284
 0.82739196
 0.82493665
 0.83622866
 0.83474855
 0.83275895
 0.83843996
 0.83289416
 0.84315936
 0.83912759
 0.84514266
 0.84874571
 0.84171057
 0.85280974
 0.85333934
  0.8519389
 0.85374163
  0.8582958
 0.86199849
 0.86871373
 0.86050068
 0.85362488
 0.85559946
  0.8587029
 0.86188557
 0.85449342
 0.86539884
  0.8568401
 0.86654617
 0.85834577
 0.86674643
 0.86798624
 0.87223303
  0.8711468
 0.87265979
  0.8758331
  0.8737829
  0.8739471
 0.87734796
 0.88272034
 0.87916982
 0.87507753
 0.87545393
 0.87358966
 0.87428589
 0.87776346
 0.88535833
 0.88025515
 0.89162398
 0.88608044
 0.89139671
 0.88725357
 0.88204662
 0.88478479
 0.88023303
 0.89034663
 0.88629203
 0.88789502
 0.88708993
 0.88770168
 0.87886188
 0.87883146
 0.87349749
 0.87409865
  0.8733639
 0.87112392
 0.86767598
 0.87009103
 0.86651104
  0.8671513
 0.87755618
 0.87297415
 0.86541809
 0.85686088
 0.85674318
 0.85568495
 0.85340739
  0.8549967
 0.85183721
 0.85710617
 0.85377788
 0.85971976
 0.85324829
 0.85717226
 0.85418192
  0.8556123
 0.86097769
 0.86437928
 0.85789305
 0.85768419
 0.85102518
 0.85115379
 0.85144874
 0.84338607
 0.85118084
 0.84517937
 0.85215011
 0.85421375
 0.85209592
  0.8564266
 0.84901474
  0.8499798
 0.84375981
 0.84246121
 0.84135017
 0.83915939
  0.8323177
 0.82707334
  0.8337421
 0.83025054
 0.83778011
 0.83706667
 0.84032419
 0.83928069
 0.84359266
 0.84808709
 0.85077579
 0.85064396
 0.84576843
 0.84860606
 0.85272484
 0.85308232
 0.85727059
 0.85599186
 0.85812359
 0.86238575
 0.86175422
 0.85589031
 0.85416662
 0.85267357
 0.85523884
  0.8557796
 0.85480874
 0.85192055
 0.85162055
 0.84964426
 0.84909178
 0.84853354
 0.83968992
 0.84673257
 0.84813049
  0.8444339
 0.84124062
 0.84412762
  0.8354657
 0.83413126
 0.83408499
 0.83041023
 0.82998485
 0.82489599
 0.81369945
 0.81194879
 0.80350059
 0.80867518
 0.81022674
 0.82027289
 0.82202539
 0.82483786
 0.82058497
 0.81732101
 0.81677742
 0.81577168
  0.8273237
 0.81486839
 0.82255572
 0.82509151
 0.82312005
 0.82527225
 0.82252979
 0.82226297
 0.82276781
 0.82126664
 0.83013273
 0.82948936
 0.83269262
 0.83997204
 0.83535243
 0.83167329
 0.83291637
 0.83814988
 0.84500647
 0.84283816
 0.84085578
   0.842134
 0.83921555
 0.84849712
 0.85057849
 0.84845904
  0.8510064
 0.85947935
  0.8576116
 0.84921922
 0.84849531
 0.85299246
 0.85088466
 0.85171392
 0.85223992
 0.85536618
  0.8533525
 0.84369178
 0.84822765
 0.84211937
  0.8420901
 0.84560362
 0.84140181
 0.84667675
 0.84566389
 0.83831828
 0.84811236
  0.8550477
 0.86013275
 0.85803205
 0.85378743
 0.85225774
 0.84173973
 0.84566776
 0.84215218
 0.84140003
 0.84231499
 0.84644929
 0.84430583
 0.83766044
 0.84395194
 0.84133005
 0.84594292
 0.84940757
 0.84290132
 0.85425753
 0.84739021
 0.85376543
 0.85125229
 0.85467652
 0.85601131
 0.85343153
  0.8444368
 0.85147213
 0.84832864
 0.85375869
 0.85069958
 0.85313831
 0.84976071
 0.85136145
 0.85193272
 0.85558093
 0.85663883
 0.85702432
 0.86371264
 0.85391369
 0.86076354
 0.85376674
 0.86349808
 0.85687527
 0.86233474
 0.86597591
 0.86309866
 0.86032714
 0.85804942
 0.85620133
  0.8571188
 0.86453647
  0.8528676
 0.86745481
 0.85978975
 0.86425121
  0.8623829
 0.86268859
 0.85654261
 0.86485239
 0.85846852
 0.86068271
 0.86276134
 0.85861723
 0.85256433
 0.86143597
 0.85614038
 0.85937066
 0.85996092
 0.86182959
 0.86000846
 0.85974585
 0.86436431
 0.86159618
 0.86184378
 0.86087118
 0.85979544
 0.86011385
 0.85636336
    0.86257
   0.852659
 0.84837491
 0.84535115
 0.83717529
 0.83464782
 0.82514102
 0.82313894
  0.8362135
 0.82506265
 0.80507863
 0.79856879
 0.80570862
 0.80244044
 0.80068676
 0.80424543
 0.81013304
 0.81155431
 0.81020082
 0.80880211
 0.80474688
 0.79791889
 0.80339468
 0.80054857
 0.79975303
 0.80625583
 0.80257242
 0.80802115
 0.79964599
 0.79746963
 0.79405223
 0.79595041
 0.79453036
 0.78907461
 0.78723098
 0.78830568
  0.7852068
 0.78637979
  0.7848102
 0.78385712
 0.77720589
 0.78039257
 0.77407818
 0.78129231
 0.78224281
 0.78480714
 0.78099528
 0.78529389
 0.77991232
  0.7871095
 0.78428828
 0.78491889
 0.78396114
 0.78443927
 0.78348264
 0.79098061
 0.78809199
 0.78672392
 0.78851541
 0.78651511
 0.78506632
  0.7857148
 0.78363493
 0.78978568
 0.79148706
 0.79000996
 0.78963439
 0.79125849
 0.78853048
 0.79285021
  0.7887925
 0.78737187
 0.78281804
 0.79125435
 0.79297631
 0.79625566
 0.79642173
 0.79707317
 0.79105989
 0.79088451
 0.78901663
 0.78659967
  0.7860499
 0.78710899
 0.77988056
 0.78464805
 0.78497271
 0.77828227
 0.78182178
 0.78276032
 0.77732084
  0.7824029
 0.77761722
 0.78229516
 0.77908061
 0.77619272
 0.77875966
 0.77978936
 0.78035272
 0.77935513
 0.77228104
 0.77110357
 0.77074599
 0.76926704
 0.76966629
 0.77586804
 0.76525919
 0.76758231
 0.77031603
  0.7804027
 0.77953552
 0.78788663
 0.78957031
 0.78253194
 0.78384885
 0.79168639
 0.79056889
 0.79428925
 0.78960064
 0.79200829
 0.79083911
 0.78794859
    0.78074
 0.77944626
 0.77785438
 0.78476958
 0.78338444
 0.78263304
 0.78374096
 0.78633599
 0.78890852
 0.77836285
 0.78596295
 0.77945996
 0.77739819
 0.77300449
 0.77448736
 0.77287316
 0.77640228
 0.77688585
 0.77414415
 0.77153439
 0.77694167
 0.77418869
  0.7721754
  0.7795683
 0.78058403
 0.78339082
 0.78243219
 0.77954693
 0.77112989
 0.77791343
 0.77135211
  0.7770937
 0.77259344
 0.76413734
 0.77285561
 0.77473433
 0.77585597
  0.7771632
 0.77377365
 0.76842466
 0.75663351
 0.76371802
 0.77192228
 0.77082912
 0.77106606
 0.76800731
 0.77090657
 0.77500242
 0.76922986
 0.76545889
 0.76517032
 0.76656624
 0.76526955
 0.76751899
 0.76646195
 0.76331994
 0.75805335
 0.75808892
 0.75680218
 0.75963848
 0.76289337
   0.762791
 0.76916503
 0.77135883
 0.77570937
 0.77505155
 0.77417337
 0.77599063
 0.77324708
  0.7745925
 0.77685019
 0.77331015
  0.7787332
  0.7801058
 0.78388983
 0.78747446
 0.79180989
 0.78570225
 0.78910438
 0.79166231
 0.79181586
 0.79089543
 0.79452721
 0.78993269
 0.79288279
 0.78968591
 0.79367339
 0.79251182
 0.79730495
 0.79949538
 0.79672525
 0.79404588
 0.79253374
 0.78720161
   0.797637
 0.80230087
 0.79628581
 0.79814993
 0.79430058
 0.79232101
  0.8012983
 0.79748443
 0.79921546
 0.80020315
 0.79941418
 0.80360433
 0.80528908
 0.80487812
 0.79996599
 0.80045116
 0.79471358
 0.79541996
 0.79376732
  0.7958227
 0.79753825
 0.79800047
 0.79323052
 0.79473898
 0.79006025
 0.79322704
 0.79551548
 0.79804735
 0.79687135
  0.7975359
 0.79582521
 0.79521865
 0.80126967
  0.8019834
 0.79035235
 0.79138544
 0.78021266
 0.77878483
 0.78280517
 0.76616347
 0.76709299
  0.7656463
 0.76704719
 0.77227661
 0.78238999
 0.77713931
 0.77996013
 0.78739309
 0.79565127
 0.79680503
  0.8065445
 0.80973525
 0.81031508
 0.81432698
 0.80788588
 0.81007889
 0.81343782
 0.79918211
  0.8012021
 0.80320198
 0.80689753
 0.81319454
 0.81363975
  0.8153701
 0.81438201
 0.81555991
  0.8145562
 0.81300881
 0.81530074
 0.81687106
 0.81861719
 0.82593794
 0.82476888
 0.82596291
 0.82630732
 0.82858576
 0.82655893
 0.83032563
 0.83353264
 0.83697471
 0.83922521
 0.83493119
  0.8408219
 0.84086938
 0.83987139
 0.84060727
 0.83729321
 0.83253751
 0.83409109
 0.83701206
 0.84551098
 0.84574992
 0.84946344
 0.85066867
 0.85398208
 0.85679681
 0.85759605
 0.85333561
 0.85975474
 0.86366016
 0.86620225
 0.87157604
 0.86629569
 0.86669458
 0.86487666
 0.86164983
 0.86063916
 0.86400634
 0.85744334
  0.8617343
 0.86187074
 0.86914445
 0.86517185
 0.86748579
 0.86389945
 0.86480166
  0.8638404
 0.86911547
 0.86658187
 0.86879656
 0.86494183
 0.85982573
 0.85927157
  0.8525002
 0.85634425
 0.86025702
 0.86118117
 0.86487978
 0.86426549
 0.85969354
 0.86178163
 0.86200527
 0.86448732
   0.860788
 0.85648267
 0.85904753
 0.85483879
 0.85696976
 0.85606679
 0.85365457
 0.85341021
 0.84804881
 0.85119754
 0.84770339
 0.84362045
 0.84110775
  0.8403375
 0.84605967
 0.84541711
   0.845201
 0.84760046
 0.84886556
 0.84771949
 0.85121535
 0.85678684
 0.85435682
 0.85702515
 0.84914271
 0.85486574
 0.85687776
  0.8554811
 0.85812378
 0.85931953
 0.85802988
 0.86010581
 0.86441657
 0.86743871
 0.86173803
 0.86292294
 0.86529892
   0.864244
 0.85826879
 0.86368143
 0.86375451
 0.87113474
 0.86649611
 0.86760597
 0.86496239
 0.86615809
 0.86421193
  0.8631432
 0.85931619
 0.86431412
 0.86315606
 0.85725643
  0.8661641
 0.86479324
 0.86765796
 0.86259558
 0.86170152
 0.86284234
 0.86572747
 0.86433685
 0.86795227
 0.86868275
 0.86648934
 0.86735587
 0.86430993
 0.86490912
 0.85821161
 0.84745107
 0.84583612
 0.85557222
 0.86238513
 0.86370747
 0.86271426
 0.86382354
 0.86633141
 0.86279569
 0.86548149
 0.86495324
 0.85877902
 0.86063689
 0.85208836
 0.85488121
 0.85164549
 0.84723544
 0.84734523
 0.84681831
 0.84712859
 0.84447616
 0.84213463
 0.84522604
 0.83821513
 0.84234076
 0.84167009
 0.83864561
   0.836528
  0.8373549
 0.84049363
 0.83771235
 0.83443462
 0.84349845
 0.83943766
 0.83779789
 0.83870028
 0.84853661
 0.85075255
 0.85255193
 0.85626149
 0.85933728
 0.85559938
 0.85838792
 0.85517968
 0.85936249
  0.8574115
 0.85695999
 0.85448718
 0.85438548
 0.85401992
   0.856778
 0.85289464
 0.85665501
 0.85649512
 0.85830976
 0.86239789
 0.86490425
 0.86502197
 0.85878152
 0.86028035
 0.86210199
 0.85799846
 0.86059921
 0.86292848
 0.86566342
 0.86675391
  0.8704609
 0.87216379
 0.86892007
  0.8676535
 0.86638581
 0.86726381
 0.87045429
 0.87015745
  0.8622221
 0.85518385
 0.84701238
 0.85602475
 0.85937557
 0.85780379
 0.86011605
 0.85870707
 0.86331812
 0.86488947
 0.86557211
 0.86710063
 0.86219868
 0.86337071
 0.86533441
 0.86486976
 0.86556488
 0.86398196
 0.86462748
 0.86359124
 0.86308934
  0.8579359
 0.85818664
 0.86076465
 0.86532571
 0.86875587
 0.86741755
 0.86557474
 0.86829963
 0.87164001
 0.86271789
  0.8618524
 0.85835077
 0.85612037
 0.85701826
 0.85608586
 0.86170009
 0.85682464
 0.85491209
 0.85517597
 0.85244956
 0.85270938
 0.85445869
 0.85142016
 0.84474241
 0.84185282
 0.84291469
 0.84251565
 0.84144161
  0.8419298
 0.84638251
  0.8454994
 0.84307724
 0.84429036
 0.84152837
 0.84503279
 0.84906398
 0.85045329
  0.8537322
 0.84588854
  0.8484805
 0.85215125
 0.85396124
 0.85757581
 0.85527694
 0.85789452
 0.85525375
 0.85284336
 0.85438449
  0.8587785
 0.85680834
 0.86038633
 0.85552619
 0.85994354
 0.85843339
 0.85684372
  0.8502737
 0.84664937
 0.84785507
 0.85341388
 0.84832236
 0.84572994
  0.8468942
 0.83864991
  0.8467368
 0.84512856
   0.852204
 0.85554856
 0.85647518
 0.85043193
 0.85126379
 0.84744365
 0.84410951
 0.84787183
  0.8501316
 0.85259392
 0.85270301
 0.84991773
 0.85119597
  0.8544388
  0.8561557
 0.85337198
 0.85439231
 0.85176132
 0.84601522
 0.84212073
 0.84504688
 0.84355928
 0.84221783
 0.83613632
 0.83938735
 0.83784224
 0.83803384
 0.84192159
 0.83831133
 0.84138974
 0.84470391
 0.84719003
 0.84510337
 0.84614794
 0.83828223
 0.84719911
  0.8452886
 0.84627425
 0.83991838
 0.84526469
 0.83479195
 0.83198969
  0.8250914
 0.83055039
 0.82492269
 0.82478559
 0.83001725
 0.82671812
 0.83064892
 0.83701028
 0.83084932
 0.83136781
  0.8247236
 0.83176763
 0.83551731
 0.83906666
  0.8446688
 0.84947157
 0.84252418
 0.84667795
 0.84593151
 0.84712839
 0.85509678
 0.84385511
 0.85312187
 0.85256316
 0.84971799
 0.85086147
 0.84427605
 0.84250353
 0.83974852
 0.83693664
 0.84932358
 0.84760867
 0.84829707
 0.84538749
 0.84374208
 0.84840572
 0.84640013
   0.853462
 0.84847291
 0.85477208
 0.84957033
 0.84147505
 0.83627604
  0.8354593
   0.837054
 0.83572233
 0.83187344
 0.83922571
 0.83915111
  0.8378168
  0.8360677
 0.83877028
 0.84463234
 0.83959277
 0.83795003
 0.84425367
 0.84725213
 0.84267641
 0.83974367
  0.8457359
 0.84616285
 0.84393109
 0.85009444
 0.85124975
  0.8498298
 0.85584871
 0.85342594
  0.8518001
 0.84625351
 0.84881841
  0.8447686
 0.84051974
 0.83426646
 0.83810076
 0.83135637
 0.82362623
 0.81892718
  0.8186089
 0.83192099
 0.83009839
 0.83501074
 0.84227185
 0.83506451
 0.83629897
 0.83769522
 0.82769766
 0.83515139
 0.84012711
 0.84575323
 0.84320903
 0.84829939
 0.84502169
 0.84591898
 0.84663419
 0.84757924
 0.84495577
 0.84325465
 0.84503741
 0.84426776
 0.83958466
 0.83875686
 0.84000895
  0.8420104
 0.84279733
 0.83782713
 0.83697922
 0.82797544
 0.82930087
 0.82332478
 0.82362875
 0.83189847
 0.84158012
 0.84619946
  0.8491311
 0.85075252
 0.85002438
 0.85295979
 0.84456547
 0.84483189
 0.84210803
 0.84561659
 0.84849422
 0.84785617
 0.85232363
 0.85794211
 0.85760128
  0.8588049
  0.8678358
 0.86584529
 0.86838164
 0.86581075
 0.86620421
 0.86604105
 0.86529163
 0.86527041
 0.86192102
 0.86170034
 0.85905833
 0.85559559
 0.85992901
 0.86100304
 0.86231236
 0.85995082
 0.86322445
 0.86233048
 0.86766518
 0.86351467
 0.86670764
 0.86542427
 0.86296352
  0.8569738
 0.85979978
 0.85388599
 0.84796955
 0.84428957
 0.84295596
  0.8420772
 0.84273892
 0.84557134
 0.85474258
 0.85378247
 0.84942157
 0.84797152
   0.844848
 0.85004448
 0.83887614
 0.83707704
 0.84361819
   0.847384
 0.85107362
 0.85630491
 0.85692746
 0.85898566
 0.85617498
 0.85069369
 0.84798087
 0.85006219
 0.84997392
 0.85575577
 0.85335736
 0.84973853
 0.85429116
 0.85403276
 0.84960645
 0.85022794
 0.85280722
 0.84547678
  0.8449782
 0.84277541
 0.83858372
 0.83549175
 0.84554768
 0.84278066
 0.84937857
 0.85053385
 0.85475885
 0.85775539
 0.85223174
 0.84783898
 0.85745965
 0.84448253
 0.85158666
 0.85195717
  0.8496027
 0.83673305
 0.83237689
 0.83277732
  0.8322014
 0.83149159
 0.82914724
 0.82850668
 0.82812786
 0.83101206
  0.8291724
 0.82938299
 0.83076066
 0.83265032
 0.83239547
 0.83173441
 0.83399961
 0.83511316
 0.83486756
 0.83703347
  0.8410725
 0.84085753
 0.84095875
 0.83425277
 0.83791111
 0.84351116
 0.84377989
 0.84081479
 0.84184078
 0.83324437
 0.83758157
 0.83810569
 0.84160113
 0.83440105
 0.83823994
  0.8405243
 0.83817108
 0.83683508
 0.84476666
 0.83800324
 0.84283846
  0.8445043
 0.84342718
 0.84258396
 0.83995437
 0.83998635
 0.84103839
 0.84001104
 0.83647463
 0.83555331
 0.83202519
 0.83667975
  0.8340535
 0.83291326
 0.83628115
 0.83649364
 0.83955881
 0.83983053
 0.84513069
 0.84260877
 0.84169064
 0.84772941
 0.84404326
 0.84473443
 0.84358278
 0.84005582
 0.84424838
 0.84165959
 0.84506783
 0.83889081
 0.84562239
 0.83885797
 0.83794254
 0.83360888
 0.83014052
 0.82854207
  0.8279176
 0.83052388
 0.82539627
  0.8264479
 0.82371105
  0.8192759
 0.81416898
  0.8167217
 0.81134151
 0.81420758
 0.82042805
 0.82287759
 0.82263409
  0.8182048
 0.81310142
  0.8206788
 0.81773074
 0.82053946
 0.81526898
 0.82197196
 0.83197557
 0.82528573
 0.82766642
 0.82123715
 0.82368433
 0.82326756
 0.82635131
 0.82234456
 0.82072751
 0.82354986
 0.82415006
 0.82219147
 0.82145007
 0.83036835
 0.81864941
 0.81869128
 0.81742449
 0.81942459
 0.82346898
  0.8200914
 0.82372681
 0.82430851
 0.82049768
 0.82303653
  0.8172356
  0.8188307
 0.81520127
 0.82287252
 0.82229254
 0.81867252
 0.82036761
 0.81500622
 0.81350313
 0.82085072
  0.8215002
 0.82483843
 0.83109249
 0.83085449
 0.82542194
 0.82766102
 0.82634268
 0.82879705
 0.82892393
 0.82195882
 0.82085908
 0.82359957
 0.82590882
 0.82400371
 0.81943563
 0.82863117
 0.82733923
 0.82835751
 0.83506979
 0.83534602
 0.84397851
 0.84491955
 0.84561716
 0.84672086
 0.84492997
 0.84273736
 0.84501314
 0.84176551
 0.83900198
 0.83473618
  0.8460856
 0.84124387
 0.84039592
  0.8402437
 0.83325361
 0.83240404
 0.83399981
 0.83617685
 0.83997629
 0.83467312
 0.83986994
 0.84161534
 0.83459588
 0.83778451
 0.84313271
 0.84645487
 0.85209567
  0.8466781
 0.84118536
 0.84412139
 0.83703394
 0.84186505
 0.83893335
 0.83767105
 0.84205091
  0.8431182
  0.8480381
 0.84389415
 0.84770097
 0.84494267
 0.84360773
 0.84047783
 0.83957617
 0.84501794
 0.84037125
 0.84486813
  0.8422354
 0.83944118
 0.83259385
 0.83643952
  0.8344002
 0.83856535
 0.83837369
 0.83854748
 0.83740196
  0.8367047
 0.83649824
  0.8356522
 0.84045479
 0.84737908
 0.84778287
  0.8546092
 0.85292011
  0.8598121
  0.8578267
 0.85518854
 0.84970466
 0.85067239
 0.84556802
 0.85278411
 0.85062274
  0.8519884
 0.84871251
 0.84796944
 0.84538255
 0.84712538
 0.84567908
 0.83918789
 0.83485726
 0.84044695
 0.83448136
 0.83155141
 0.82981411
 0.82876449
 0.81042946
 0.81682209
 0.82123837
 0.83062513
 0.83157197
 0.83314255
  0.8364084
 0.83062502
 0.83250675
  0.8369579
 0.83654882
 0.82991749
 0.83937979
 0.82902043
 0.83245071
 0.82866536
 0.82217473
 0.82046355
 0.82230429
 0.81554845
  0.8094825
 0.79837557
 0.80559459
 0.79917754
  0.8055516
 0.81471482
 0.81384206
 0.81614013
 0.81692725
 0.81357775
 0.80839324
 0.81015325
 0.80255678
 0.80509822
 0.80697474
 0.80936048
 0.80623876
 0.80066548
 0.80268491
 0.80725468
 0.80140817
 0.79254592
 0.80271368
 0.80751668
 0.81600065
 0.81283215
 0.81058175
 0.82088375
 0.82116276
 0.81835807
 0.81367627
 0.82462712
 0.82156179
 0.81917397
  0.8193061
 0.83235558
 0.81920665
 0.83070849
 0.82574189
 0.82578553
 0.82549248
  0.8310534
 0.83570574
 0.83399411
 0.82596569
 0.83396434
 0.83044689
 0.83442793
 0.83687172
 0.83968584
 0.83863145
 0.83324893
 0.82791654
 0.83585903
 0.83448003
 0.83804615
 0.84464931
 0.84400515
 0.83612432
 0.84257107
 0.83999025
 0.83728261
 0.83436085
 0.82515691
 0.82438125
 0.82661233
 0.82483581
 0.83013807
  0.8215418
 0.82639882
 0.82041672
 0.82761524
 0.82924286
 0.82962177
 0.83020338
 0.82627781
 0.83396984
 0.82048471
 0.83733139
 0.83502684
 0.83136644
 0.82916863
 0.82960446
 0.82906042
 0.83082159
 0.82764424
 0.83645077
 0.83531429
 0.83722292
 0.83759873
 0.84327825
 0.84265697
 0.83886021
  0.8400166
 0.83512013
 0.82921762
 0.82597055
 0.82412811
 0.81428507
 0.81660574
 0.79935068
 0.80527828
 0.80988533
 0.81419655
 0.82045121
 0.82303452
 0.82848053
 0.83820261
 0.83630405
 0.83238493
 0.82134735
  0.8147771
 0.81646096
 0.81756094
 0.83349078
 0.84097895
 0.84096403
  0.8373901
 0.84410347
 0.84388004
 0.85046628
 0.85263479
  0.8509489
 0.84888361
 0.84897557
 0.85224365
 0.85458895
 0.84972065
 0.84997937
 0.84643325
 0.84486148
 0.85181438
 0.84803436
 0.84338001
  0.8503294
 0.83815702
 0.84282269
 0.83941806
 0.84709792
 0.84193486
 0.84030725
 0.84158187
  0.8413693
 0.84433326
 0.84738981
  0.8523298
 0.85424087
 0.85201955
 0.85405992
 0.86002459
 0.85059282
 0.85360571
  0.8571114
 0.85745957
 0.85846336
 0.85959236
 0.85685917
 0.85843356
 0.86018104
 0.86166215
 0.85512176
  0.8556963
 0.85697281
 0.85394362
 0.86320716
 0.85937734
 0.86039073
 0.86035592
 0.85817057
 0.86396079
  0.8686621
 0.87278234
 0.87966719
 0.87914671
 0.87219765
 0.85985618
 0.86344844
 0.85531297
 0.86194325
 0.86787726
  0.8652535
 0.85923215
 0.85716073
 0.84806568
 0.83757854
 0.84645413
 0.84146463
 0.84308856
 0.85979158
  0.8605957
 0.85810359
 0.85667931
 0.86517454
 0.86996011
  0.8676203
 0.86868253
 0.87098761
 0.87544753
 0.86872574
 0.87606488
  0.8764058
 0.87855279
 0.87202699
 0.87200744
 0.86441114
 0.86774132
 0.87060614
 0.87283834
  0.8802678
 0.87675851
 0.87682409
 0.87363507
 0.86997385
 0.86173606
 0.85568796
 0.85564781
 0.86142105
  0.8639471
 0.87244316
 0.87637194
 0.87721634
 0.88094287
 0.87583924
  0.8791701
 0.87799528
  0.8777021
 0.87527232
 0.87559709
 0.87451528
 0.87211958
 0.87172438
 0.86550373
 0.86838527
 0.86851854
 0.86862505
 0.86139439
 0.85164256
 0.85719829
 0.86225974
 0.86691139
 0.87357052
 0.87278402
 0.85839334
 0.85599892
 0.85999204
 0.86170867
 0.86907316
 0.87246547
 0.86632933
 0.85948359
 0.86578042
 0.86149236
 0.86056232
 0.85519438
 0.85034707
 0.84883187
   0.848669
 0.84980359
 0.84785537
 0.84786016
 0.84734335
  0.8525241
 0.85072552
 0.85408955
 0.85501031
 0.85597212
  0.8580398
 0.85600585
 0.85115392
  0.8533416
 0.85085797
 0.84647322
 0.83937142
 0.84284231
 0.84142165
 0.84521809
 0.84263966
 0.84393289
 0.83931148
 0.84321276
 0.84262269
 0.84170562
 0.83925944
 0.83982534
 0.83801921
 0.83217921
 0.83950744
 0.83929398
 0.84326034
 0.83929778
 0.84261644
 0.84403874
 0.85147016
 0.85327054
 0.85204712
 0.85222116
 0.85319459
 0.85279512
 0.85505096
 0.84972434
 0.85270742
 0.84922318
 0.84962407
 0.85058366
 0.84367973
 0.84408662
 0.84939906
 0.83907998
 0.83616348
 0.84286411
 0.83972317
 0.84413139
 0.85144645
 0.85351956
 0.85227263
 0.85139805
 0.85088377
 0.84506469
 0.84485594
 0.84768854
 0.84361192
 0.84540769
 0.84091141
 0.84536921
 0.84266533
 0.82687591
  0.8325156
 0.83633034
  0.8453732
 0.84900354
 0.84859423
 0.84535763
 0.84362345
 0.84215914
 0.83998385
 0.83850947
 0.84485993
  0.8480637
 0.84905107
 0.84823386
 0.84927883
 0.85614926
  0.8543289
 0.85059826
 0.85074956
 0.85214607
 0.85311289
 0.85794179
  0.8550276
 0.85207533
 0.84984849
 0.85169414
 0.86138471
 0.86275469
 0.85869834
 0.86492319
 0.86902437
 0.87699421
 0.87604131
 0.87019543
 0.86459386
 0.86638036
 0.85861803
 0.86111576
  0.8486685
 0.86743998
 0.86289759
 0.86054282
 0.85837951
 0.88036051
 0.87272126
 0.89008859
 0.88500893
 0.88687102
 0.88412776
 0.88812359
 0.88931906
 0.88637725
 0.89532473
 0.89456302
 0.88960014
 0.89071319
 0.88684984
 0.89030647
 0.88789888
 0.88816154
  0.8852328
 0.88679801
 0.88916123
 0.88680828
 0.88507041
 0.88160243
 0.88680262
 0.88654968
 0.88362257
  0.8842757
 0.88110186
 0.88295779
 0.88096489
 0.88149295
 0.88414688
 0.88013128
 0.87751305
 0.87067131
 0.86485296
 0.85795572
 0.85564169
 0.86499262
 0.86926637
 0.86050887
 0.85922608
 0.85818099
 0.86594287
 0.86409678
 0.87377965
 0.86983788
 0.87098825
 0.86783215
 0.86930343
 0.86512973
 0.85165503
 0.84781441
 0.84071723
 0.84356285
 0.84432919
 0.85729683
 0.86295859
 0.86100688
 0.86446081
 0.86054632
 0.86498263
 0.86187556
 0.86840122
 0.86623407
 0.86751746
 0.86203759
 0.85202063
 0.84945624
 0.84503809
 0.84582278
 0.83617789
 0.83785251
 0.83493157
 0.84126888
 0.84847621
 0.84959541
 0.84854919
 0.84763636
 0.84487862
 0.83212301
 0.84110919
 0.83368379
  0.8333709
 0.83121068
 0.83947879
  0.8467378
 0.84550808
 0.85297139
 0.84822361
  0.8468717
 0.83946492
 0.83736074
 0.83455519
 0.83832576
 0.84125356
 0.84775906
 0.84065804
 0.83740942
  0.8282302
 0.83659463
 0.83416226
 0.84109327
 0.85432968
 0.84987631
 0.85419767
 0.86141028
 0.86034843
 0.85453718
 0.85269221
 0.85699219
 0.83821984
 0.83490993
 0.84297027
 0.84374685
 0.84623151
 0.84218359
 0.83475629
 0.83945013
 0.82061021
 0.82467038
 0.82723208
 0.83232931
 0.83174825
 0.83433244
 0.83202852
 0.83290669
 0.83804907
 0.84063897
  0.8390841
 0.83855057
 0.83100462
 0.83377053
 0.83987977
 0.83785293
 0.83991683
 0.83066604
 0.83387009
 0.83393147
 0.83824498
 0.83375827
 0.83284989
 0.83083802
 0.82660463
 0.82945388
 0.82312294
 0.82757841
 0.82818792
  0.8292323
 0.82924475
  0.8319773
 0.83657568
 0.83306716
 0.83383811
 0.83608132
  0.8335271
 0.83808051
  0.8429867
 0.84353471
 0.83859318
 0.83657709
 0.83476322
 0.84046448
 0.84799379
 0.84285537
 0.84289476
 0.83841966
 0.84324898
 0.84223063
 0.84191179
 0.84340804
  0.8454569
 0.84061517
 0.84377377
 0.84463653
 0.84803161
 0.84647916
 0.84442876
 0.84619401
 0.84892407
 0.85236057
 0.85146107
 0.85159791
 0.84784117
 0.84698937
 0.85196479
  0.8479919
 0.84775304
 0.84642691
 0.84521508
 0.84852732
 0.85003432
 0.84812046
 0.84605862
 0.84871086
 0.84648354
 0.84110921
 0.83756308
 0.84264673
 0.83495535
 0.83900145
 0.83223129
 0.83728311
 0.83633112
 0.83321793
 0.83587199
 0.84238332
 0.84454605
 0.84935189
 0.84822471
 0.84989551
 0.85019777
 0.85018364
  0.8488948
 0.84781184
 0.84036978
 0.84112158
 0.83763551
 0.83511773
  0.8312447
 0.83042752
 0.83089073
 0.83776748
  0.8348584
 0.83355976
 0.83591814
 0.84166778
 0.83535357
 0.83473627
 0.82274388
 0.81744437
 0.81506198
 0.81166903
 0.81440402
 0.80786268
 0.80899158
 0.80705732
 0.80692164
 0.80677289
 0.80073717
 0.81038058
 0.80496672
 0.80578295
 0.81208739
 0.82114129
 0.82673642
 0.82975355
 0.82565556
 0.82046479
 0.81886329
 0.81878875
 0.82360926
 0.81818726
 0.81296018
 0.81148429
 0.81093855
 0.81358469
  0.8183463
 0.81688694
 0.81547487
 0.81368481
 0.81687107
 0.81477794
 0.81904393
  0.8159875
 0.82051411
  0.8115394
 0.81342721
 0.80643795
 0.80702393
 0.80393696
 0.80321609
 0.80870354
 0.80192911
 0.80658748
 0.80628246
 0.80307427
 0.80451922
  0.8050643
 0.81163096
 0.81277639
 0.80948767
   0.811075
 0.81489709
 0.81880034
 0.80713137
 0.80890087
 0.81929483
 0.82364462
 0.82461523
 0.81953773
 0.81887974
 0.82667993
 0.82990147
 0.83198362
 0.82811655
 0.82964615
 0.83336807
 0.83524927
 0.83458848
 0.82678742
 0.82763582
  0.8273804
 0.83501333
 0.83301079
  0.8375894
 0.83558939
 0.83685325
 0.83490315
 0.82928942
 0.83918681
  0.8330427
 0.83232861
 0.83428369
 0.83579354
 0.83563821
 0.83134348
 0.83375694
 0.83813107
 0.83392115
 0.83428662
 0.83409803
 0.83242274
 0.83644874
 0.83513113
 0.83185424
 0.82720053
 0.83148124
 0.83666365
 0.84079506
 0.83667289
 0.84505788
 0.83516755
 0.83391567
 0.83751664
 0.83543083
 0.83962295
 0.83696476
 0.82576426
 0.83429103
 0.83699456
 0.83037333
 0.82833219
 0.83038582
 0.83554656
 0.83094998
 0.83664193
 0.83469606
 0.83294669
 0.82659603
 0.83198625
 0.82954043
 0.83333046
 0.83259707
 0.83101713
 0.83832227
 0.83993895
 0.83801486
 0.83905633
 0.83475805
 0.83910982
 0.84093047
 0.84604329
 0.84431199
 0.84499904
 0.84749798
 0.84306385
  0.8439952
 0.85070161
 0.84227648
 0.85275394
 0.85543557
 0.85481336
 0.85923183
 0.86066154
 0.86110821
  0.8612956
 0.85802107
  0.8570966
 0.84778542
 0.84718886
 0.84523992
 0.84900751
 0.84765401
 0.84320084
 0.84407933
 0.84555522
 0.84923085
 0.84992968
  0.8475725
 0.84638815
 0.84972167
 0.85087448
 0.84196907
 0.84423254
 0.84474215
 0.84327546
 0.83889096
 0.82989766
 0.83734524
 0.84686598
 0.84984013
 0.84934563
 0.85394237
 0.85774757
 0.85959217
 0.85878287
 0.85593643
 0.85291191
 0.84996046
 0.85479898
 0.85441952
 0.84959387
 0.85336451
 0.85446086
 0.85264689
 0.85375707
 0.84645111
  0.8501175
 0.84649209
 0.85266859
 0.84727651
 0.83950139
 0.84361263
 0.84594574
 0.84521747
  0.8495977
 0.85227825
  0.8528495
 0.84423126
 0.84739943
 0.85170852
 0.84968272
 0.85248257
 0.85569873
 0.84962446
  0.8440046
 0.84546463
 0.84221329
 0.84462489
 0.84634574
 0.84504381
 0.84619017
 0.84094757
 0.84131655
 0.84896668
 0.85019253
 0.85538174
 0.85250941
 0.85089278
   0.849924
 0.85301665
  0.8566907
 0.85894226
 0.85442688
 0.84650854
  0.8374413
 0.84275741
 0.85303233
 0.85943982
  0.8587081
 0.85853326
 0.85812193
 0.85746428
  0.8543613
 0.85100045
 0.84710597
 0.85215688
 0.85594776
 0.86560412
 0.86636744
  0.8725942
 0.87156887
 0.86750116
 0.85363295
 0.84597693
 0.85196632
 0.84511142
  0.8401746
 0.84886966
 0.85889811
 0.86243251
  0.8685371
 0.85805274
 0.86245063
 0.86485358
 0.85973855
 0.85900042
 0.86180997
 0.86539062
 0.85992356
 0.85909133
 0.86594024
 0.86313609
 0.86272071
 0.87230309
 0.87306946
 0.87465059
 0.86954518
 0.87617522
 0.87665816
 0.88393758
 0.88321321
 0.88294629
 0.87645095
 0.87575206
 0.87800486
 0.87981283
  0.8852946
 0.89222207
  0.8948785
 0.89078866
 0.88576578
 0.88560786
 0.88151172
 0.88133309
 0.88757494
 0.88736261
 0.88529666
 0.88692879
 0.88602823
 0.88374501
 0.88294643
 0.88582365
 0.88921642
 0.89260353
 0.89377815
 0.89047775
 0.88283014
 0.88055872
 0.87027201
 0.87351124
 0.87244456
 0.87963109
 0.88101308
 0.88048054
 0.87709366
  0.8741985
 0.87332478
 0.88075151
 0.88704974
 0.89113223
 0.89107251
 0.89395537
 0.89141137
 0.89603566
 0.90157978
 0.89756368
 0.89757325
 0.89576667
 0.89707481
 0.90236487
 0.89532974
 0.89413821
 0.89286338
 0.88746868
 0.89252837
 0.89441483
 0.89641199
 0.89706717
  0.8953011
 0.89668268
 0.89380281
 0.88610263
 0.88621484
 0.89516951
  0.9044507
  0.9038791
 0.90620394
 0.90511584
 0.90578807
 0.90618912
 0.90452751
 0.90517155
   0.904887
 0.90602493
 0.89641123
 0.90721436
 0.90623907
 0.91154632
 0.90857573
 0.90772192
  0.9019989
 0.90453297
 0.90333476
 0.90556213
 0.90264962
 0.89977961
 0.89785576
 0.90087768
 0.89825552
 0.89748046
 0.90116733
 0.90208631
  0.8947988
 0.89222796
 0.89167029
 0.88233356
 0.88316775
 0.88329322
  0.8698927
 0.87106731
 0.87899208
    0.87056
 0.86611692
 0.87045475
 0.87887828
 0.88497641
 0.88610742
 0.88312043
 0.87400641
 0.87783102
 0.88117825
 0.88308899
   0.877871
 0.86980189
 0.87405271
 0.86960694
 0.86890221
 0.87263131
 0.87636285
 0.88581774
 0.88495021
 0.88525636
 0.87766058
 0.87912559
 0.88336333
 0.88527216
 0.88024951
 0.87949159
 0.88022024
 0.87702648
 0.87356489
  0.8730681
  0.8737391
 0.87788338
 0.87785213
 0.88212336
 0.88260959
  0.8785062
 0.87829119
 0.88319727
 0.88686161
 0.88758727
 0.88669308
  0.8832709
 0.88547141
 0.87639715
 0.87858535
 0.87761019
 0.87465708
 0.86752125
 0.86832459
 0.87079119
 0.86800621
 0.86762428
 0.85965422
 0.85800733
 0.85589779
  0.8563081
 0.86551816
 0.86787456
 0.87283234
 0.86645127
 0.87083758
 0.88632046
 0.88680099
 0.89343064
 0.88770768
 0.89038241
 0.89050791
 0.89729649
 0.87863772
 0.87502057
 0.87750206
 0.87343676
 0.88217336
 0.87966352
  0.8776819
 0.88325635
 0.88720088
 0.88713494
 0.89166813
 0.89267148
 0.89703593
 0.90168214
 0.90483923
 0.89906586
  0.9032703
 0.90552339
 0.91266863
 0.91308015
 0.91413617
 0.91233061
 0.91224068
 0.91373737
 0.91869819
 0.91703461
 0.91696593
 0.91973564
 0.91962297
 0.92364149
  0.9243865
 0.92253019
 0.91450001
 0.91390721
 0.91326675
 0.90459375
 0.90514183
 0.90521741
 0.90865509
  0.9089274
 0.91258936
 0.91511425
 0.90996372
 0.90232051
 0.89978596
 0.89278299
 0.89421913
 0.89587453
 0.89655993
 0.90180554
 0.90415123
 0.89668322
 0.89829602
 0.89912654
 0.89748288
 0.89807946
 0.89851903
 0.89364028
 0.88103287
 0.88104746
 0.87284443
 0.87314896
 0.86461928
 0.86441568
 0.87134514
 0.86860542
 0.86774138
 0.86619808
 0.86754385
 0.86324209
 0.87882057
 0.87905027
 0.87129806
 0.88511627
 0.89190434
 0.89210867
 0.89249119
 0.89584362
 0.89519373
 0.89710233
 0.89856641
 0.90206235
 0.89930227
 0.89145592
 0.89278678
 0.89236659
 0.89250699
 0.89284087
 0.89806386
 0.89678182
 0.89528128
 0.89642135
 0.90107182
 0.89460886
 0.89758211
 0.89537913
 0.88893244
 0.89144383
 0.89947785
 0.90522239
 0.89757056
 0.89479704
 0.88972787
 0.88855919
  0.8837866
 0.87237296
 0.87463926
 0.88431588
 0.87928938
 0.88348241
 0.88740697
 0.88571561
 0.88927281
 0.89410446
 0.89408355
 0.89372637
 0.90161137
 0.90240911
 0.90317734
 0.91552408
 0.91108361
 0.91144112
 0.91316165
 0.91477552
 0.91215322
 0.91667615
 0.91503256
 0.91737991
 0.91721895
 0.91399078
  0.9196276
 0.91998888
 0.91771123
 0.92029739
 0.91822914
 0.91946273
 0.91898267
  0.9180976
 0.90955424
 0.90341881
 0.90260145
 0.89051453
 0.89629093
 0.90968348
 0.92410511
 0.92500715
  0.9274384
  0.9272776
 0.92932523
  0.9299791
 0.92706291
 0.92392119
 0.91763923
 0.90869014
 0.90815332
 0.90489027
 0.89874364
 0.90734653
 0.90731689
 0.91809628
 0.92048791
 0.91095207
 0.90739484
 0.91142686
 0.90758738
  0.8996967
  0.9070398
 0.91114791
 0.91455713
 0.91624015
 0.91763526
   0.917147
 0.91470339
 0.91058051
 0.91226904
  0.9125295
 0.90982242
 0.90419505
 0.90238784
 0.89921538
 0.90201341
 0.90629548
 0.90461742
 0.90279678
 0.90509818
 0.90007868
 0.90008136
 0.90313203
 0.90870154
 0.90678666
 0.90818801
  0.9075868
 0.91442952
 0.91025577
 0.91425226
 0.91062191
 0.91039349
 0.90934666
 0.91165265
 0.91026508
 0.91150084
 0.91086251
 0.91521761
 0.91357716
 0.91686986
 0.91601006
 0.91699843
 0.91717498
 0.91909441
 0.91855497
 0.91217007
 0.91727166
 0.91437757
 0.91310786
 0.90811815
 0.90760878
 0.90715953
 0.90804179
 0.91095047
 0.91701767
 0.91403776
  0.9106955
 0.90950679
 0.91072899
 0.90826262
 0.90839928
 0.90175041
 0.89767395
 0.89897576
    0.89867
  0.9013757
 0.90196115
 0.90587257
 0.90898586
 0.90557137
  0.9088272
 0.90682452
 0.90438765
 0.90274155
  0.9066367
 0.90762859
 0.90261845
 0.90568717
 0.89933751
 0.89484005
  0.8947454
 0.89613123
 0.89993878
 0.90679865
 0.90057841
 0.90539023
 0.89778579
 0.89682623
 0.90020018
  0.9043492
 0.90710376
 0.91318915
 0.90598874
 0.89762503
 0.89743616
 0.89688789
 0.89276077
  0.8936756
 0.89485047
 0.88880475
   0.903287
 0.90886241
 0.90376946
 0.90255039
  0.9095482
 0.91560913
 0.91549196
 0.91365476
 0.90990377
 0.90302983
 0.90449008
 0.90608711
  0.9040991
 0.90347737
 0.90731474
 0.91037032
 0.91050188
 0.91234148
 0.90246628
 0.89977578
 0.90479896
 0.90356798
 0.89860376
 0.89501402
 0.89238688
 0.88696259
 0.88590217
 0.88282722
 0.88091193
 0.87406886
 0.87432168
 0.86466418
 0.85854592
 0.85059547
  0.8564747
 0.85272111
 0.83946268
 0.83532108
 0.83808888
 0.84339525
  0.8468645
 0.84194199
 0.84051301
 0.83576945
 0.84037065
 0.83627225
 0.82592954
 0.82475498
  0.8324326
  0.8416425
 0.84375887
 0.85110497
  0.8524949
 0.85617081
 0.85775282
 0.84127619
 0.83702521
 0.83869989
  0.8406523
 0.84503143
 0.83985108
 0.84153765
 0.84845167
 0.84793317
 0.85016211
 0.84626282
 0.84837666
 0.84445116
  0.8446679
  0.8449177
 0.84304059
 0.83515417
 0.82772642
 0.82775507
 0.82702164
 0.82162703
 0.83090807
 0.83278607
 0.84100677
 0.83923716
 0.83721627
 0.83156903
 0.82716311
 0.82841185
 0.82453353
 0.82392901
 0.82564586
 0.83049118
 0.83360745
 0.84778655
  0.8445328
 0.84296826
 0.84326689
 0.84029894
 0.84456567
 0.84039236
 0.84165053
 0.84190652
 0.85184925
 0.85526893
 0.84569983
 0.85337831
 0.85459515
 0.84377074
 0.84774154
 0.84949804
 0.85182375
 0.85796961
 0.85687621
 0.86731176
 0.87219857
 0.87112508
 0.87562139
 0.87387097
 0.87726834
  0.8761144
 0.86917703
 0.87394419
 0.87465807
 0.87340507
 0.87543055
 0.87244696
 0.87865282
 0.87925809
 0.88143303
 0.88354647
 0.87998125
 0.87724447
 0.87219363
 0.86352873
 0.85084668
  0.8372107
 0.85500181
 0.84521017
  0.8431006
 0.84957319
  0.8552619
 0.85127956
 0.85699024
 0.85517695
 0.85454813
 0.85368388
 0.85390655
 0.85069446
 0.85124843
 0.85090049
  0.8546162
 0.85579184
 0.85421995
 0.84877442
 0.85147294
 0.84688236
 0.84854852
 0.84726217
 0.84973272
 0.85261506
 0.85852097
 0.85753619
 0.86115368
 0.85850766
 0.85617879
 0.85646667
 0.85275531
 0.85226803
 0.84719448
  0.8441987
 0.84515674
 0.84172898
 0.84610157
 0.84780848
 0.84742584
 0.84492126
 0.84453565
 0.84102043
 0.83768248
 0.84375271
 0.84774907
 0.84595959
 0.85068557
 0.85063391
 0.85083242
 0.85030091
 0.84634777
 0.84298879
 0.84301453
 0.84262639
  0.8416471
 0.83723389
 0.83950909
 0.83198716
 0.82865197
  0.8351962
 0.83877077
 0.83997821
  0.8318063
 0.84254922
 0.83851808
 0.83558245
 0.83338602
 0.83312365
 0.82654499
  0.8277213
 0.83094044
 0.84085104
 0.83597514
  0.8284342
 0.82924559
 0.83833779
 0.83603964
 0.83914229
 0.84154096
 0.84385638
 0.85066869
 0.84653747
 0.84756058
 0.85338169
 0.85846612
 0.86152432
 0.85796899
 0.85881813
 0.85871118
 0.85876477
 0.86119277
 0.86417677
 0.86063838
 0.85885913
 0.86074623
 0.85557215
 0.85963826
 0.85927256
 0.85925647
 0.85719987
 0.85975182
 0.85691784
 0.86042335
 0.85965275
 0.86392723
 0.86018332
 0.85520982
 0.85477785
 0.85262283
 0.85241054
 0.85465897
 0.85753695
 0.86160136
  0.8620017
 0.85706562
 0.85703359
 0.85497482
 0.85212352
 0.85559218
 0.85484087
 0.85650713
 0.86153371
 0.86363186
  0.8654269
 0.86833447
 0.87401356
 0.88272068
 0.87810639
 0.87794842
 0.87978205
  0.8838013
 0.88772477
 0.88586183
 0.88661063
 0.88504461
  0.8842855
 0.89179788
 0.89397957
 0.89769246
  0.8947414
 0.90359062
 0.90238004
 0.90923213
 0.90430378
 0.90799384
 0.90718442
 0.91178394
 0.91423638
 0.91282113
 0.90977323
 0.90104819
 0.89529758
 0.89071199
 0.88209024
 0.87819302
  0.8800925
 0.87855161
 0.88102451
 0.88468854
 0.88861246
 0.89048434
 0.89882372
 0.90152863
 0.89877613
 0.89504246
 0.89469289
   0.894007
 0.90535487
 0.90169125
 0.89829569
 0.89474752
 0.90182585
 0.89931631
  0.8995846
 0.89824439
 0.89816059
 0.89298074
 0.89505278
 0.89701933
 0.89972799
 0.90337822
 0.90499782
  0.9020615
  0.8966518
 0.89747442
 0.89487314
 0.89204615
 0.89165836
 0.89357614
 0.89461512
 0.89361522
 0.89338133
 0.89140228
 0.89038746
 0.88737018
 0.88327374
 0.88628269
 0.89113028
 0.88231342
 0.87358271
 0.87128303
 0.87563798
  0.8806464
 0.88115204
 0.87733525
 0.88082506
 0.88244367
  0.8770132
 0.88136493
 0.88431956
 0.89100851
 0.88735616
 0.89031645
 0.89217061
 0.89232491
 0.89413712
 0.89630798
 0.89517608
 0.89394336
 0.89221969
 0.89344882
 0.89262292
 0.89340608
 0.89323247
 0.89058031
   0.894038
 0.89262081
 0.88740007
 0.89237799
 0.88715097
 0.87668117
  0.8793808
 0.88272837
  0.8811589
 0.87669041
 0.88184825
 0.88416393
 0.88412166
 0.88477643
 0.88602299
 0.88769091
 0.88116174
  0.8774733
 0.88271913
 0.88120905
 0.88087079
 0.87546405
 0.86997984
 0.87567508
 0.86997371
 0.87570414
 0.87400774
 0.86888293
 0.86984307
 0.86761885
 0.86377442
 0.86233337
 0.86484477
 0.87136949
 0.87854455
 0.87748682
 0.87603404
 0.87668596
 0.86433366
 0.86841752
 0.85946745
 0.84581834
 0.84468169
 0.85164876
 0.85596721
 0.85252442
  0.8567758
 0.86044317
  0.8570961
 0.85984718
 0.85938443
 0.86482976
 0.86359712
  0.8569736
 0.86614795
 0.86580786
  0.8624952
 0.86349265
 0.86616514
 0.87365409
 0.86943085
 0.87748063
 0.87898972
 0.87049429
 0.87419194
 0.87812852
 0.87626505
 0.87491848
 0.87372647
  0.8731849
 0.87561551
 0.87923895
 0.88099232
 0.87432514
 0.87077647
 0.85660017
 0.85207132
 0.86459556
 0.86726106
 0.87237948
 0.87284559
 0.86927828
 0.86800195
 0.86800316
 0.87167968
  0.8826279
 0.88129506
 0.88015831
 0.86589462
 0.87323817
 0.87030478
 0.86989557
  0.8711014
 0.87041211
  0.8726904
 0.87405185
 0.88297023
 0.88100444
 0.87743417
 0.87518752
 0.87640033
 0.87482436
  0.8797945
 0.87960657
 0.88201347
 0.87765147
 0.86493967
 0.86677631
 0.86335148
 0.86647534
 0.87319215
 0.88440232
 0.87601679
 0.87215785
 0.87106411
  0.8666681
  0.8684624
 0.87299149
 0.87524921
 0.88665848
 0.88957671
 0.89059362
 0.89537968
 0.89340223
  0.8894266
 0.88599152
 0.88605118
 0.89412827
 0.89654947
 0.89322353
 0.88703032
  0.8887886
 0.89433717
 0.89867878
 0.89509737
 0.89622071
 0.88937701
 0.88468025
 0.88082749
  0.8785514
  0.8750503
  0.8802549
 0.88274971
 0.88301032
 0.88398497
 0.87586751
 0.88089898
 0.88330613
 0.87721565
 0.87469916
 0.88009875
 0.86759602
 0.87050679
 0.87031298
 0.87240352
 0.86235202
  0.8655603
 0.86408627
 0.86717114
 0.87943622
 0.87944645
 0.87875385
 0.87547454
 0.87602557
 0.87340865
  0.8780158
 0.87449991
  0.8638081
 0.86066268
  0.8605784
 0.86523898
  0.8542989
 0.84940409
 0.84650745
 0.85239437
 0.86310902
 0.86278624
 0.86321872
 0.85103544
 0.85241461
 0.84783639
 0.84829629
 0.85058076
 0.84010424
 0.84772441
 0.84904487
 0.85086073
 0.84351465
 0.84828548
 0.84449759
 0.84347002
 0.84750195
 0.84667557
 0.84936186
 0.84918608
 0.84934715
 0.85218522
  0.8561437
 0.86206353
 0.86723285
 0.86963565
 0.85603705
 0.86004567
 0.85945881
 0.86273866
 0.86008232
 0.86272327
 0.86051583
 0.85911141
 0.85845881
 0.85377971
 0.84738465
 0.84437615
 0.83795934
 0.85156297
 0.84689691
 0.84901021
  0.8585423
 0.85297144
 0.85611201
 0.86203889
 0.85304939
 0.85470392
 0.85987446
 0.86328192
 0.86481684
 0.86871341
 0.87151008
 0.86265311
  0.8651203
 0.85621615
 0.85864904
  0.8691885
 0.86851229
   0.881054
 0.88310172
  0.8911464
 0.89313236
 0.90013615
 0.89318897
 0.88879398
 0.89006336
 0.89084336
 0.90021886
 0.89394598
 0.89301706
 0.89495298
 0.89900559
 0.89966498
   0.894534
 0.89349575
 0.89816239
 0.90271139
 0.90242761
 0.90549571
  0.9072328
 0.91133317
 0.91156628
 0.91209257
 0.91751582
 0.90883298
 0.91222164
 0.91683551
 0.90851976
 0.90431722
 0.90052672
  0.8997428
 0.89720751
 0.89806469
 0.89845833
 0.89722805
 0.88943657
 0.88711311
 0.89061858
 0.89425264
 0.88220479
 0.88079392
  0.8756938
 0.87954948
 0.87869443
 0.88416143
 0.87100628
 0.86942848
 0.87006305
 0.87642883
 0.88666423
  0.8880775
  0.8964554
  0.8976826
 0.89881914
 0.89199479
 0.88961425
 0.89026288
 0.88890374
 0.88562058
 0.89233099
 0.89243182
 0.89001332
 0.89135166
 0.89180658
 0.89932459
 0.88823912
 0.88376559
 0.88918404
 0.89622066
 0.88254659
 0.88272406
 0.88408667
 0.88744582
 0.88826267
 0.88886217
 0.88648108
 0.88523447
 0.88711791
 0.88610157
 0.87970466
 0.88624444
 0.88687479
 0.88612194
  0.8856479
  0.8864947
 0.88533287
 0.88401982
 0.88550614
 0.88787037
 0.88501172
 0.87929193
 0.88255085
 0.88219723
 0.86892538
 0.87031619
 0.87328006
  0.8635075
  0.8506593
 0.85310125
 0.84624335
 0.84504149
 0.85086031
 0.85712604
 0.87094994
 0.87292804
 0.86923676
 0.86688996
  0.8700541
 0.88081629
 0.88121023
 0.88574042
  0.8906381
 0.88570536
 0.87690827
  0.8791354
 0.89126666
 0.89182789
 0.88468593
 0.89139097
 0.89964559
 0.91145338
  0.9147484
 0.90922428
 0.90641819
 0.90353196
 0.90680802
 0.90399792
  0.9009166
 0.90014476
 0.91072268
 0.91617049
  0.9164114
 0.92568269
 0.92616022
 0.93018483
 0.93849443
  0.9394194
 0.93410726
 0.93708841
 0.93762023
 0.93071253
 0.93372935
 0.93155653
 0.93199797
 0.93926491
 0.93869761
 0.93752947
 0.94552132
 0.93774315
  0.9304229
 0.93274491
 0.92653907
 0.92497167
  0.9245814
 0.91863346
 0.91272933
 0.91911495
 0.92661909
 0.93242914
 0.93946415
 0.94179747
  0.9437223
  0.9427856
  0.9384888
  0.9451248
 0.94401701
 0.94221919
  0.9455655
 0.94083869
 0.94218962
 0.95091043
 0.95026029
 0.94698807
 0.94559454
 0.94661175
 0.94306396
 0.93392593
 0.94123558
 0.94493988
 0.94638232
  0.9457731
 0.95227481
 0.95108365
 0.94965078
 0.94944225
 0.94566478
 0.94468476
 0.94641463
 0.94789599
 0.94948042
 0.94809297
 0.94248509
 0.94328424
 0.94348553
 0.94649757
 0.94405907
 0.94436888
 0.94699688
 0.93437631
 0.93742995
 0.93393614
 0.93628019
 0.93497996
  0.9206018
 0.91987784
 0.92751204
 0.93542854
 0.93535559
  0.9361414
 0.93141621
 0.93103386
 0.92757334
 0.92927741
  0.9267644
 0.92978114
 0.93141653
 0.93631185
 0.93838303
 0.93633025
 0.94048847
 0.94000451
 0.93820589
  0.9396474
 0.94019514
 0.93215082
 0.92918522
 0.92928805
 0.93112888
  0.9380158
 0.93780919
 0.93546865
 0.93775939
 0.93233256
 0.93093349
 0.92482501
 0.92745724
 0.93872291
 0.93697802
 0.93626064
 0.93030168
 0.92715763
 0.93253281
 0.93425205
 0.93462111
 0.93723937
 0.93696483
 0.93317959
 0.93653411
 0.92879127
 0.92432102
 0.92472853
 0.92575916
 0.91696389
 0.90878462
 0.90626099
 0.91054985
 0.90310499
 0.89352823
 0.90584928
 0.90897052
 0.91644269
 0.91793022
 0.91486939
 0.90426368
 0.91037652
 0.91716799
  0.9289838
 0.92975296
 0.92650444
 0.93077999
 0.93809029
 0.94354704
  0.9446437
 0.94571136
 0.93948344
 0.93645521
 0.93427994
 0.93001278
 0.93127399
 0.92389034
 0.92111428
 0.92317328
 0.92138034
 0.92305293
 0.92773999
 0.92495681
 0.92530792
  0.9237627
 0.93182094
 0.92968656
 0.93061654
 0.93483515
 0.93745529
 0.93517577
 0.93292558
 0.92831519
 0.93143462
 0.93461923
 0.93125925
 0.93340978
 0.93220294
 0.92524121
 0.91841653
 0.91392616
 0.90589905
  0.9056536
 0.91177026
 0.92364488
 0.92725261
 0.92725557
 0.92740075
   0.919996
 0.92168384
  0.9191066
 0.91967651
 0.92437201
 0.92066432
 0.92590925
 0.92756269
 0.94032702
 0.93548628
 0.93373364
 0.93454841
 0.93586472
 0.93947891
 0.93307557
 0.93626923
   0.937588
 0.93878726
 0.93482521
 0.93726147
 0.93687168
 0.93363658
 0.92868904
 0.92805034
 0.92791695
 0.92580245
 0.91249062
 0.91266467
 0.91618727
 0.91366929
 0.91711641
 0.91495824
 0.91105378
 0.91526925
 0.91116998
 0.90435668
 0.92670815
 0.93099208
 0.92433622
 0.92943537
 0.93220531
 0.92667877
 0.93021838
 0.93918089
 0.94267062
 0.93354119
 0.93484967
 0.93525971
 0.93146898
 0.93439938
  0.9364099
   0.930063
 0.93002573
 0.93079688
 0.92554954
 0.92614196
 0.92635239
 0.92266323
    0.92075
 0.92069436
 0.91375139
 0.92033053
 0.92174257
 0.92160838
 0.91962355
 0.91665325
 0.91409553
  0.9125216
 0.91581404
 0.91152707
 0.90543834
 0.90270326
 0.90446543
 0.90773104
 0.90445086
 0.90467836
 0.90379263
 0.90640983
 0.89889751
 0.90207112
 0.90868107
 0.90722807
  0.9068752
 0.91093665
 0.91099702
 0.91413287
 0.91914429
 0.91470416
 0.91102684
 0.90360442
  0.9044604
 0.89984686
 0.89294841
 0.89677995
 0.89226565
 0.89326743
 0.88816233
 0.88766657
  0.8803112
 0.87706837
 0.87887523
 0.87947947
 0.88059969
 0.88198896
 0.88284731
 0.87870918
 0.88533451
 0.86933168
 0.87758974
 0.87591596
  0.8750113
  0.8772263
 0.86875239
 0.86202969
 0.86164119
 0.86177796
  0.8622334
 0.86070772
 0.85497933
  0.8589616
 0.85933643
 0.85875098
 0.85956953
 0.86318351
 0.86079107
 0.86064638
 0.86194833
 0.85917737
 0.86259053
 0.86685454
 0.86301705
 0.86278813
 0.85463823
 0.85567947
 0.85819461
 0.86827978
 0.86465546
   0.867318
 0.87039507
 0.86991254
 0.87035761
 0.86930252
 0.87210089
 0.87674266
 0.87743263
  0.8715122
  0.8654832
  0.8584486
 0.85579136
 0.85169753
 0.85202103
 0.85485921
 0.85250947
 0.84853978
  0.8500719
   0.851655
 0.84314401
 0.84854069
 0.84287259
 0.84640382
 0.84565452
 0.85009396
 0.85342691
 0.85244807
  0.8530846
 0.85384264
 0.84949141
 0.84191974
 0.84396926
 0.84998531
 0.85545739
 0.84802418
 0.84518894
 0.84245639
 0.84297745
 0.85399079
 0.85975039
 0.85951676
 0.86568668
 0.86244524
 0.85422085
 0.85849375
 0.85591207
 0.85469861
 0.85579624
 0.85000431
 0.84695845
 0.84801862
 0.84906521
 0.84667991
 0.84743285
  0.8473619
 0.84157476
 0.84347522
  0.8435371
 0.84174049
 0.84078552
 0.83794618
  0.8411492
 0.83966328
 0.84453009
 0.84525062
  0.8481813
 0.84433157
 0.83819264
  0.8369845
 0.84078384
 0.84143562
 0.84233009
 0.84487027
 0.84636658
 0.85241795
 0.84635773
 0.84256093
 0.83305516
 0.82917073
 0.83211831
  0.8256152
 0.83578138
 0.84080365
 0.84676046
 0.84407304
 0.84673156
 0.84889527
 0.84608872
 0.84685636
 0.85254188
 0.84911209
 0.84764128
 0.85605246
 0.85621706
 0.85246188
 0.84906161
 0.85709952
 0.86034348
 0.86062662
 0.85965096
 0.85972402
 0.85795391
 0.86279408
 0.85347159
 0.85691008
 0.85918364
 0.85685204
 0.84987822
 0.84624199
 0.85241425
 0.85377206
 0.85342569
 0.85138337
 0.84587915
 0.84373172
 0.84893041
 0.85294939
 0.84945779
 0.85040853
  0.8467895
 0.84778262
 0.84996539
 0.85041861
 0.84940003
 0.84612083
 0.84707679
 0.85266629
 0.85305411
 0.85423072
  0.8552835
 0.85650889
 0.85563871
 0.85751135
 0.86125593
 0.86365569
 0.86329688
 0.86619082
  0.8689267
 0.86743209
  0.8635263
 0.85901875
 0.86039887
 0.85862666
 0.86169853
 0.86860409
 0.87274444
 0.87152175
 0.86736609
 0.86378578
 0.86524991
 0.86556186
 0.86264819
 0.86157112
 0.86148742
 0.86707423
  0.8695403
 0.86891748
 0.86982877
 0.87315428
 0.87435078
 0.87187542
 0.87359154
 0.87348386
 0.86621319
 0.86644666
 0.86817957
   0.865737
 0.86902412
 0.87568443
 0.87828756
 0.87576759
 0.87279009
  0.8722502
 0.87214636
 0.86719078
 0.85870542
 0.85422338
 0.84941356
 0.85753482
 0.86261066
 0.86306029
 0.85526412
 0.85706141
 0.85421448
  0.8482698
 0.85310507
 0.85060656
 0.84317816
 0.84499441
 0.84659403
 0.85157786
 0.83685804
 0.84872713
 0.85341753
 0.85436959
 0.85779392
 0.85802957
 0.86442816
 0.85293967
 0.85431316
 0.85923757
 0.86206046
 0.85646152
 0.85427184
  0.8525343
 0.84884454
 0.84601392
 0.84804419
 0.85158334
 0.85157748
 0.84913408
 0.85507861
  0.8509275
 0.85620336
 0.85743151
 0.85559172
 0.86343645
 0.86127446
 0.86748815
 0.86878507
 0.87118513
 0.87963418
 0.87977533
 0.87748962
 0.87655655
 0.88136848
 0.87319896
 0.87705497
  0.8746517
 0.86756185
 0.86496206
 0.86211474
 0.86298379
 0.86752406
 0.86890087
 0.86854171
  0.8732956
 0.87271867
 0.86755026
 0.86538898
 0.86648498
 0.87114233
 0.87237717
  0.8690824
 0.86565773
 0.86661079
 0.86589994
 0.86638123
 0.86831468
 0.87347027
  0.8747609
 0.87129781
 0.86961162
 0.86766488
 0.86882485
 0.86268678
 0.85594513
 0.84352288
 0.84933153
 0.84970432
 0.84310406
 0.84329443
 0.84210297
 0.83657207
 0.85288783
  0.8621945
 0.85955413
 0.85402596
  0.8455837
 0.83693283
 0.84443938
 0.84837538
 0.84806352
 0.85161519
 0.85241286
 0.84870913
 0.84906035
 0.84858784
 0.84873996
 0.85482118
 0.86102873
 0.86539127
 0.86761384
 0.87258926
 0.86498481
 0.86976229
 0.86627349
 0.87404303
  0.8709479
  0.8711233
 0.87114567
 0.87209514
 0.87067831
 0.87076856
 0.87282613
 0.87172661
 0.87096357
 0.86571229
 0.86440186
 0.86441885
  0.8627816
 0.86059172
 0.86235589
 0.86289535
 0.86842855
  0.8707966
 0.87206289
 0.86475618
 0.87107832
  0.8680753
 0.86745567
 0.86358501
 0.86207368
 0.86447496
 0.86456883
 0.86179807
 0.86752244
 0.86802106
 0.87160964
 0.86675467
   0.858922
 0.86095024
 0.86320253
  0.8626157
 0.86230657
 0.86045541
 0.85970725
 0.85546631
 0.85831805
 0.85924633
 0.86283497
 0.86350067
 0.86241329
 0.86820305
 0.85769936
  0.8541919
 0.85142289
 0.84967899
  0.8562401
 0.85715306
 0.85898563
 0.85233728
 0.84822646
 0.85265068
 0.85639594
 0.85974824
 0.85680267
 0.85723198
 0.86103127
 0.86097453
 0.86237431
 0.86304901
 0.86404873
 0.86267857
  0.8650356
  0.8685019
 0.86759803
 0.86814972
 0.86958031
 0.87732445
 0.88270908
 0.88756103
 0.88372151
 0.87923628
 0.87590647
 0.87878835
 0.88100725
 0.87976707
 0.87986298
 0.87134432
 0.85834235
 0.85788079
 0.85990824
 0.85821876
 0.85045911
 0.85849563
 0.86257631
 0.86210933
 0.86825346
 0.87236545
 0.87658225
  0.8785872
 0.86630639
 0.86825534
 0.87206531
 0.87544153
 0.87679146
 0.88003223
 0.88212948
 0.88200991
  0.8803638
 0.87669635
  0.8733895
  0.8751358
 0.87315772
 0.87279957
 0.86973668
 0.86424659
 0.85959684
 0.86133089
 0.86242776
 0.87278292
 0.87219488
   0.876324
 0.87875349
 0.88411091
 0.87925608
 0.86839037
  0.8708505
 0.87024578
 0.86855125
 0.86727574
 0.86495261
 0.86736734
 0.86299609
  0.8583175
 0.85590392
 0.85839697
 0.85587595
 0.85769567
 0.84773622
 0.84708635
 0.85073604
 0.85215239
 0.85254604
 0.84811335
 0.84040594
 0.83700237
 0.83418174
 0.83123494
 0.82978391
 0.81725885
 0.80890777
 0.81168308
 0.80514257
 0.80414712
 0.78903293
 0.79097751
 0.78365323
  0.7803122
 0.76234204
 0.77711658
 0.77426771
  0.7802194
 0.77677608
 0.77619792
 0.78127745
 0.77525113
 0.77174628
 0.77896107
 0.78150236
 0.79355056
 0.79143007
 0.79767848
 0.80161569
    0.80392
 0.81061008
 0.81469131
 0.81765396
 0.81421371
  0.8155467
 0.81437083
 0.81838175
 0.81995532
 0.82004928
 0.81694221
  0.8160995
 0.82215634
 0.82347137
 0.81993482
 0.82726611
 0.81998825
 0.81398383
 0.81438795
 0.81716182
 0.82019776
 0.82373285
 0.82496584
  0.8300242
 0.83481613
 0.82733405
 0.82783387
 0.82325546
 0.82793942
 0.82711005
 0.83078456
 0.83503668
 0.83941005
 0.83589885
 0.83264724
 0.83237487
 0.82658018
 0.82910794
 0.82826374
   0.829597
  0.8255208
  0.8256098
 0.82444935
 0.81959526
  0.8264185
 0.82525354
 0.82398303
 0.81777118
 0.81697222
 0.81726188
 0.81956537
 0.82169492
 0.82229259
  0.8254873
  0.8230721
 0.82173371
 0.81772876
 0.83160312
 0.82291695
 0.81726239
  0.8191815
 0.81653352
 0.81740023
 0.81156237
 0.81286957
  0.8138764
 0.81504601
 0.81481238
 0.81530795
 0.80962254
 0.80955475
 0.80991544
 0.81721157
 0.82437407
  0.8273484
 0.82210381
  0.8233803
 0.82136273
 0.82661485
 0.82298489
 0.82281676
 0.82544275
 0.82724138
 0.82886984
 0.82921815
 0.82839312
 0.83603878
 0.83540611
 0.83496166
 0.83452526
 0.83781762
 0.83833834
 0.83379175
 0.83021485
 0.83208922
 0.82984666
 0.83440539
 0.83369449
  0.8358322
 0.83726266
 0.83736017
 0.83885052
 0.83383111
 0.83298624
 0.83251347
 0.83295379
 0.83059184
 0.83256031
 0.82884357
 0.82504206
 0.82847839
 0.83268944
  0.8314461
 0.82746557
 0.82827907
 0.82945502
  0.8303299
 0.83381929
  0.8361377
   0.835438
 0.83397565
 0.83905062
 0.83946906
 0.83908608
 0.84128541
 0.83692327
 0.82559296
 0.82678549
 0.81801609
 0.82066069
 0.82068133
 0.82287597
 0.82394971
 0.82383153
 0.83483908
 0.83474946
 0.83248173
 0.83292222
 0.83210634
 0.83826547
 0.83758564
 0.83762388
 0.83753087
 0.83382333
 0.83158377
 0.82811318
 0.83372917
  0.8414484
 0.83808381
 0.83914763
 0.83915624
 0.83859682
 0.84263983
 0.83773204
 0.83409785
 0.82851422
  0.8248733
 0.82125598
 0.82329204
 0.82128453
  0.8244431
 0.82786024
 0.82911578
 0.83229914
 0.83690952
 0.83669044
 0.83804198
 0.83226891
 0.83374969
 0.83735904
 0.83670041
 0.83320064
 0.83118662
 0.82476552
 0.81306436
 0.82334996
 0.82756936
 0.82924375
 0.83122483
 0.82908772
 0.83340391
 0.83395659
 0.83379253
 0.83197597
 0.82973153
 0.82897575
 0.82518064
 0.82538117
 0.81719676
 0.81567753
 0.82016574
 0.81701741
 0.81381902
 0.81893533
 0.82058935
 0.82599171
 0.82230283
 0.81530494
 0.80749155
 0.81151702
  0.8090988
 0.80806298
 0.81300239
 0.81674597
 0.81517608
 0.82331703
 0.82455971
 0.83347753
  0.8292381
 0.83475965
 0.83894929
 0.83971392
 0.84386556
 0.84164778
 0.83770901
 0.83417468
 0.83436495
 0.83282402
  0.8358373
 0.83357437
 0.83219129
 0.83342653
 0.83250444
 0.82709773
 0.82919821
 0.83197455
 0.83851128
 0.83558553
 0.83332326
 0.83534889
 0.83018498
 0.83683253
 0.83363846
 0.83266389
 0.83195251
 0.82538371
 0.82862476
 0.82920622
 0.83943305
 0.84364259
 0.83203557
 0.81738103
 0.81317548
 0.82735805
 0.83124224
 0.83661683
 0.84024618
 0.84199854
  0.8412804
 0.83960902
 0.84221661
 0.84202227
 0.84269388
 0.84138765
 0.84309316
 0.83802913
 0.83115103
 0.83184388
 0.83707913
 0.83294875
 0.83867553
 0.84263262
 0.84049388
 0.84247564
 0.83931964
 0.83660061
  0.8276164
 0.83165639
 0.82795299
 0.82539136
 0.81345624
 0.82609461
  0.8354329
 0.83702524
 0.85088437
 0.85578586
  0.8641882
 0.86382441
 0.86975857
 0.86209994
 0.86565713
 0.86702771
 0.87136994
  0.8718974
 0.87063929
 0.86825635
 0.86606269
 0.85958042
 0.86357729
 0.86639738
 0.85842584
 0.85962043
 0.85674633
 0.85845743
 0.86101767
 0.86135805
 0.85689196
 0.84741802
 0.84398846
 0.84945413
  0.8507435
 0.84249934
 0.84869913
 0.85356978
 0.85041055
 0.85291862
   0.852069
 0.85386348
 0.85654704
 0.85552443
  0.8590736
  0.8585421
 0.86085686
 0.86451427
 0.86349975
  0.8630958
 0.86400482
 0.85765612
  0.8601217
 0.85859084
 0.86054243
 0.85678871
 0.85626129
 0.85591913
 0.85881733
 0.85425569
 0.86290926
 0.86050751
 0.86152188
 0.85908033
 0.85472751
 0.85689387
 0.85166784
 0.85476759
 0.86133661
 0.86570674
 0.86786254
 0.86562233
 0.86543714
 0.86770384
 0.86466318
 0.86754302
 0.86392627
 0.87086117
  0.8737067
 0.87874603
  0.8819684
 0.88682758
 0.88578105
 0.87881711
 0.87640336
 0.87569905
 0.87384935
 0.88056892
 0.87347173
 0.88023769
 0.88081527
 0.87826834
 0.87793497
 0.88042982
 0.88226923
 0.87726012
 0.87508884
 0.87248501
 0.87175753
 0.87036969
 0.86857058
  0.8663321
  0.8722137
 0.86980362
 0.87237568
 0.87281654
 0.86983565
 0.87269317
  0.8705262
 0.87075005
 0.86916731
 0.87120311
 0.86682508
 0.86775086
 0.86707194
 0.87494483
 0.87664931
 0.88401837
  0.8845381
 0.88028241
 0.87796476
 0.88388997
 0.88951773
 0.88474427
 0.88155545
 0.88535033
 0.88862253
   0.885259
 0.88661765
 0.88010387
 0.88390525
 0.88158008
 0.88518224
  0.8780689
 0.88597358
 0.89040858
 0.88969823
 0.88244538
 0.88897856
 0.88396632
 0.88238666
 0.88459301
 0.88142284
 0.88486853
 0.88699671
  0.8875342
 0.88945633
  0.8868234
 0.89367963
 0.89951689
  0.8987686
 0.89255306
 0.89224711
 0.88804537
 0.89029378
 0.89259397
 0.89034809
 0.88637206
 0.87600543
 0.88103367
 0.88134578
  0.8838064
 0.88612723
 0.88476851
 0.87626477
 0.87319545
 0.86914554
 0.87043211
  0.8778245
 0.87831385
 0.87963079
 0.85758007
  0.8672744
 0.86842639
 0.86194444
 0.87713796
 0.88324896
 0.88714709
  0.8892786
 0.89396671
 0.88971966
 0.89174483
 0.89442529
 0.90079384
 0.89904852
 0.89220392
 0.89088465
 0.88788676
 0.88484943
  0.8855711
 0.89039724
 0.88892589
 0.87946231
 0.87628578
 0.88100378
 0.87363514
 0.87582382
 0.87323351
 0.86312676
 0.86350237
 0.86850543
 0.87313974
 0.87736113
  0.8681404
 0.86960862
 0.86327305
 0.85905215
 0.86460037
 0.85385733
 0.86435272
 0.87379401
 0.87865072
 0.88613742
 0.89509602
 0.89411659
 0.88749812
 0.88906647
 0.89059868
 0.88825146
 0.88788078
 0.88287071
 0.87915225
   0.884052
 0.87629354
 0.87100226
 0.87155477
 0.87627951
  0.8799043
 0.88666206
 0.90125195
 0.90622322
 0.90599134
 0.90595264
 0.90252234
 0.90509971
 0.90070489
 0.89241296
 0.88203076
 0.87716792
 0.87247463
  0.8752992
 0.88173656
 0.87548458
  0.8699909
  0.8675996
 0.87575567
 0.87414169
 0.87669094
  0.8758186
 0.88053312
 0.88411679
 0.88507814
 0.88083585
  0.8793416
 0.88401708
 0.89071569
 0.89085201
  0.8936464
 0.90085893
 0.90140717
 0.89571832
 0.89201929
 0.89086845
 0.88904624
 0.89945456
 0.90506626
 0.90603184
 0.90523362
 0.90290625
 0.90892285
 0.90894203
 0.91225294
 0.90900758
 0.90495739
 0.90691585
 0.90307702
 0.90583574
 0.89882631
  0.8994018
 0.90444757
 0.90163443
 0.90081819
 0.90671878
  0.9020002
 0.90400753
 0.90691427
 0.90426712
  0.9008819
 0.90852945
 0.90095342
 0.89267648
 0.88514583
 0.88774042
 0.87412957
 0.88904234
 0.88760729
 0.89369891
 0.89774639
 0.90198724
 0.90033199
 0.89150549
 0.89398655
 0.90191441
 0.89157545
 0.89342661
  0.9040586
  0.8972117
 0.89893541
  0.9119128
  0.9065227
 0.90662498
 0.90617105
 0.90025227
  0.9012159
 0.89144025
 0.89840545
 0.90061526
 0.89435984
 0.89967097
 0.89792856
 0.89672957
 0.89973194
 0.89578439
 0.90185041
 0.90407867
 0.89826027
  0.9047298
 0.91099919
 0.91444715
 0.91763906
 0.91015604
 0.90873599
 0.90326571
 0.89696694
 0.89417255
 0.90077114
 0.90544047
 0.90000452
 0.90489483
 0.90477505
 0.90528564
 0.90281001
 0.90417033
 0.91129565
 0.91465344
 0.91714303
 0.91361888
  0.9138447
 0.91612326
 0.91733637
 0.91000605
    0.90573
 0.89731684
 0.89768747
 0.89233393
 0.89429651
 0.88821729
 0.88612665
 0.88521134
  0.8848025
 0.89458508
 0.89785757
 0.89640663
 0.89019937
 0.89430099
 0.89649264
 0.90044409
 0.89943939
 0.89810104
 0.90495797
 0.90749531
 0.90274272
 0.90255612
 0.90538225
 0.90073963
 0.89483612
 0.90214063
  0.9066107
 0.90117435
 0.90754689
 0.91324041
 0.91363801
  0.9193567
 0.92494183
 0.92094247
 0.92163695
 0.92868864
 0.92594167
 0.92069308
 0.91866383
 0.92407771
 0.91989219
 0.92086041
 0.91535224
 0.91893097
 0.92792205
 0.93883253
 0.93568714
 0.93570175
 0.93233064
 0.93282798
 0.94053054
  0.9405127
 0.93230545
  0.9339209
 0.93427632
 0.92808071
  0.9282492
 0.92879769
 0.93300917
 0.92709498
 0.92311429
 0.92299378
 0.93711378
 0.93503599
 0.93891883
 0.94129837
 0.94020822
 0.93417273
 0.93172626
 0.93733085
  0.9391771
 0.94381721
 0.93995544
 0.93469293
 0.93179325
 0.93002208
 0.92529258
 0.93160361
 0.93678144
 0.93974698
 0.93545024
 0.93772987
  0.9371976
 0.93870085
 0.92986414
 0.92426558
 0.92462823
 0.92630055
 0.93436978
 0.92901197
 0.92628478
 0.93543362
 0.93995597
 0.93434977
 0.92653562
 0.93542993
  0.9385979
 0.93714521
 0.94512836
  0.9450399
 0.94360683
 0.94965675
 0.94848987
 0.94781064
 0.95125252
 0.95397069
  0.9579608
 0.95523804
 0.94739807
 0.95483815
 0.95098118
 0.95069295
 0.95482194
 0.94802003
 0.94160474
 0.94826188
 0.94837061
 0.95028377
 0.95568559
 0.95613645
 0.95464864
  0.9548238
  0.9560432
 0.95774768
 0.96041145
 0.95965331
 0.96006488
 0.95617848
 0.95929501
 0.95883355
 0.95197824
 0.94617048
 0.94909865
 0.94820058
 0.94591957
 0.93949866
 0.93656843
 0.93041376
 0.93956636
   0.938534
  0.9429174
 0.94126647
 0.93637329
 0.92961486
  0.9243999
 0.92394841
 0.93440799
 0.93964558
 0.93774267
  0.9361952
 0.94152028
  0.9471182
  0.9476784
 0.94644768
 0.94086386
 0.94626884
 0.95882899
  0.9596507
 0.95665334
 0.95834429
 0.96139167
 0.95836243
 0.95832459
 0.96163372
 0.96233528
 0.96299193
 0.96158809
 0.95872724
 0.96134879
 0.95601872
  0.9624005
 0.95835275
 0.95794793
 0.95642903
  0.9602654
 0.95384836
 0.94542372
 0.94537725
 0.94185116
 0.94366343
 0.94581997
 0.95147761
 0.95118465
 0.95007833
 0.94936466
 0.94258165
    0.93717
 0.93934721
 0.93593226
 0.93339855
 0.93307394
 0.92840878
  0.9290961
 0.91647419
 0.91850517
 0.92309404
  0.9271032
 0.92194324
 0.92205413
 0.91793814
 0.92058174
 0.92599544
 0.92473205
 0.92271663
 0.91428113
 0.92021608
 0.93335433
 0.93511177
 0.92738972
 0.93484841
 0.93761252
 0.93889191
 0.93670544
 0.93703306
 0.93264572
 0.94300678
  0.9426865
 0.94122328
 0.93601559
 0.94393731
 0.93914151
  0.9407998
 0.94228423
 0.94322166
 0.94386565
 0.94608315
 0.93562688
 0.93814367
 0.93326493
 0.93554534
 0.94010453
 0.93858725
 0.93396282
 0.92618146
 0.92878649
 0.93141426
 0.92774991
 0.92762241
 0.92253421
 0.91677559
 0.91291199
 0.91306568
 0.91667915
 0.91368424
 0.90964725
 0.91793067
  0.9192275
 0.91373185
 0.91181059
 0.91684891
 0.91854061
 0.92179257
 0.93223618
 0.93865314
 0.94298054
 0.94578967
 0.94258737
 0.94376799
 0.94609203
 0.94341585
 0.93879607
 0.93973674
 0.93428278
 0.93832274
  0.9412805
 0.93797364
 0.93196497
 0.93217244
 0.93335273
 0.93991412
 0.94575994
 0.94711107
 0.94164109
 0.93622091
 0.93722648
 0.94009284
 0.93941482
 0.94717521
 0.93767218
 0.93797298
  0.9354624
 0.94142156
 0.93326555
 0.93194944
 0.93724894
 0.94201576
 0.93989152
 0.93804794
 0.93930541
 0.93392797
 0.93177007
 0.93143419
 0.93030103
 0.93198005
 0.92918789
 0.92862404
 0.91798223
  0.9225506
 0.91418252
 0.91344741
 0.92930916
 0.92915345
 0.93401332
 0.93579285
  0.9417379
 0.93904927
 0.93965668
  0.9424534
  0.9221642
 0.92000292
 0.92180721
 0.92349553
 0.91721065
 0.91805644
 0.91741267
 0.92782622
  0.9314954
 0.92927745
 0.92444907
 0.92658547
 0.92852084
 0.92806068
 0.92781161
 0.92313664
 0.91794725
 0.91225754
 0.91699895
 0.91804697
 0.91578497
 0.91651657
 0.90724663
 0.91185035
  0.9110783
 0.91096411
 0.90500578
 0.90316226
 0.89993427
 0.90245174
 0.90533009
 0.90749062
 0.89953711
 0.89635336
 0.90146288
 0.89966558
 0.89198315
 0.89375791
 0.89896459
 0.89134849
 0.89834176
 0.90435863
 0.90687595
 0.90879423
 0.91119137
  0.9124679
 0.91101697
 0.91530525
 0.91975874
 0.91626789
 0.91997046
 0.91837605
  0.9210825
 0.91728035
 0.92448669
 0.92454333
 0.91785574
  0.9219694
 0.91902515
 0.91955479
 0.91338693
 0.91504176
 0.90581789
   0.902201
 0.90677445
 0.90458855
 0.90365458
 0.90591597
 0.90904414
 0.91026389
 0.90951879
 0.91473655
 0.91276854
 0.91536992
 0.91340559
 0.92378354
 0.92422492
 0.92276785
 0.92269019
 0.92465106
 0.92544192
 0.92141698
 0.92921926
 0.92965071
 0.93325141
 0.92640783
 0.92587719
 0.92466539
 0.92385106
 0.92762204
 0.92712724
 0.93233283
 0.92985445
  0.9257362
 0.93110906
 0.92296394
 0.92745443
 0.92239704
 0.92396651
 0.92066979
 0.92196429
 0.91621779
  0.9171013
 0.91573187
 0.92206914
 0.91666955
 0.91638321
 0.92179388
 0.91906621
 0.92439113
 0.92413313
  0.9205916
 0.92152465
 0.92495357
 0.92266693
 0.92086936
 0.91534069
 0.91516733
 0.91046869
 0.90705746
 0.90862057
 0.90300574
 0.89875012
 0.89692776
 0.90351706
 0.89213302
 0.89372942
 0.90141435
 0.89355734
 0.89813891
 0.89908522
  0.9048068
 0.91387972
 0.90770116
 0.91135537
 0.90920598
 0.90701536
 0.91100056
 0.90486386
 0.90569527
 0.89326766
 0.89719887
 0.89420784
 0.89283705
 0.89343851
 0.89347291
 0.90206875
 0.90009011
 0.90408865
 0.90579589
 0.89698806
 0.88886966
 0.89528965
  0.8919648
 0.88087357
 0.88300294
 0.86611583
 0.86375722
 0.86703476
 0.86591529
 0.86706167
  0.8693279
 0.86722465
 0.87431766
 0.87225759
  0.8772729
 0.86803386
 0.87307004
 0.87198373
 0.86669577
 0.86438918
 0.85943333
 0.86458478
 0.87659243
 0.87233875
 0.86819234
 0.87025966
 0.86350701
 0.86503421
 0.87341391
 0.87228925
 0.87783361
 0.87541359
 0.87113965
 0.87360542
 0.87106286
 0.88142646
 0.88066232
 0.87765795
 0.87721206
 0.87072923
 0.86973765
 0.88409342
 0.88271115
 0.88129162
 0.88133057
 0.87254758
 0.87362896
  0.8725073
 0.87140964
    0.87351
 0.87585272
  0.8766894
 0.88085516
 0.86730348
 0.87770324
 0.88396282
 0.87769454
  0.8814086
 0.88162221
 0.88499907
 0.88588613
 0.89418233
 0.89772532
 0.89885293
 0.89024647
 0.89168459
 0.88495959
 0.87942889
 0.87179532
 0.86632697
  0.8750212
 0.88001768
 0.88007403
 0.89731202
 0.89438898
 0.88833382
 0.87716313
 0.88281083
 0.88271477
 0.87692496
 0.88123845
 0.86292149
  0.8752917
 0.86639796
 0.87555381
 0.86450482
  0.8650258
  0.8691693
 0.86670915
  0.8759815
 0.86555553
 0.87642484
 0.86953122
 0.86123668
 0.86568047
 0.85980802
 0.86803076
 0.85853949
 0.86795793
 0.85801044
 0.86591016
 0.86863938
  0.8630896
 0.87208059
 0.87215486
 0.86780311
 0.86863932
 0.87152879
 0.86155391
 0.86166717
 0.86487057
 0.85710002
 0.86607265
 0.86025588
 0.86588505
 0.86977872
 0.86948256
 0.87561318
 0.87954419
 0.88013809
 0.88518117
 0.88424678
  0.8879618
  0.8819454
 0.88175864
 0.87675214
 0.87992769
 0.88174282
 0.88171967
  0.8821353
 0.87751561
 0.88813146
 0.89045774
 0.89394781
 0.89339453
 0.89984733
 0.89900306
 0.89690971
 0.89285416
  0.8915492
 0.88970892
 0.88413893
 0.88466442
 0.89871235
 0.90153423
 0.89883334
 0.88927874
  0.8917234
 0.89174586
 0.88550379
 0.88824356
 0.88799075
 0.87767235
 0.87597298
 0.88497242
 0.88175739
 0.89389018
 0.89790706
 0.89965348
 0.90381522
 0.90452453
 0.90706017
 0.90775269
 0.90813963
 0.91121519
 0.90620863
 0.90713126
 0.90541537
 0.90273613
 0.90438242
 0.90541059
 0.89859017
 0.90306513
 0.89669257
  0.8991449
 0.90281094
 0.90145447
 0.89912723
 0.89988231
 0.88152993
 0.88562628
  0.8781387
 0.87792447
 0.87517902
 0.87236829
 0.88403163
 0.87985288
 0.88616679
 0.89074928
 0.88948267
 0.89760721
 0.89427586
 0.89691826
 0.89401097
 0.89812743
 0.89772554
  0.9032278
 0.90445132
 0.90538212
 0.90431998
 0.90619435
 0.90698896
 0.90862103
 0.90456833
 0.90832418
  0.9099681
 0.90957454
 0.90831051
 0.90543875
  0.9022128
 0.90485247
 0.90883004
 0.91102307
 0.91010727
 0.90837122
 0.90974862
 0.90779456
 0.91094309
 0.91128208
 0.91285539
 0.91127701
 0.91718892
 0.91422663
 0.91815296
 0.91238471
 0.91601868
 0.91230206
 0.91535364
 0.91508531
 0.91834362
 0.91875017
  0.9202393
 0.91875292
 0.91657675
 0.92105519
 0.92204492
 0.91879874
 0.91754971
 0.91725322
 0.91241534
  0.9150984
 0.91633277
  0.9216242
 0.92099926
 0.91996792
 0.91181543
 0.91511791
 0.92504762
  0.9261651
 0.91942979
 0.92603965
 0.92346793
 0.92184518
 0.92767163
 0.92336256
 0.92733652
 0.92038796
 0.92458671
 0.91835826
 0.92082006
 0.91926548
 0.91145279
 0.91508375
  0.9117479
 0.91553359
 0.91341814
 0.91565075
 0.91656927
 0.91376961
 0.91203572
 0.91231508
 0.90667253
 0.90804119
 0.90556424
 0.89886889
 0.89364069
 0.88962015
 0.89120334
 0.88959855
 0.87883647
 0.87044202
 0.87965765
 0.88076153
 0.88873277
 0.89400606
 0.89313943
 0.89445972
 0.89405882
 0.89452625
 0.89248579
 0.88987616
 0.88755396
 0.88754805
  0.8800039
 0.88733298
 0.89291033
 0.89325084
 0.88926697
 0.89545332
 0.89869237
 0.89882586
 0.89827941
 0.89010414
 0.88577045
  0.8902658
 0.90277705
 0.90363353
 0.90798982
 0.90752438
 0.91429731
 0.91348278
 0.91264314
 0.91315971
 0.90852213
  0.9018195
 0.89712316
 0.89934336
 0.89536701
 0.90199228
 0.89297896
 0.89202478
 0.90079995
 0.90318153
 0.90770926
 0.90601587
 0.89862717
 0.89884123
 0.90172235
 0.89394476
 0.89480078
 0.89665213
 0.89932518
 0.90166362
 0.89837107
 0.90936839
 0.90689048
 0.89970018
 0.89573832
 0.88909975
 0.89623833
 0.91113016
  0.9089438
 0.90858703
 0.91050337
 0.91526063
 0.91720907
 0.92069931
 0.91462401
 0.91541911
 0.91143209
  0.9050413
 0.90945043
  0.9129238
 0.91322993
 0.91277798
 0.91073564
  0.9133962
 0.91740669
 0.92135033
 0.91902558
 0.92432991
 0.90895492
 0.91026032
 0.90075931
 0.89750873
 0.88966199
 0.88437272
  0.8893658
 0.88658911
 0.89464195
  0.8955557
 0.89599006
 0.89672987
 0.89220592
 0.89833302
 0.89491442
 0.90197505
 0.90563673
 0.90252793
  0.9018405
 0.90347325
 0.90917284
 0.90741319
 0.90413927
 0.90253142
 0.90417852
 0.91048881
 0.90177289
 0.89475798
 0.89467718
 0.88092548
 0.88080623
 0.88057558
 0.87808702
 0.88303735
 0.88636636
 0.88954714
 0.88980688
 0.89738598
 0.89926264
 0.89874983
 0.89920115
 0.90373362
 0.90471965
 0.89832371
 0.90171529
 0.90084812
 0.90711726
 0.90550574
 0.89408664
 0.90233622
 0.90601833
 0.89822198
 0.90507522
 0.89267914
 0.89423677
 0.89562202
 0.88806459
 0.88329192
 0.88285795
 0.87958975
 0.88049412
 0.87922681
 0.88095702
 0.87993424
 0.88333039
 0.88825474
 0.88546473
 0.88176727
 0.88288512
 0.88364775
 0.88352825
 0.88536333
 0.88108087
 0.87701074
 0.87511745
 0.87906013
 0.87514812
 0.87302482
 0.87193068
   0.873568
 0.87763966
 0.88474199
  0.8795912
 0.88212807
 0.88245908
 0.87588274
 0.88222287
 0.88477419
 0.88516396
 0.87984159
 0.88892441
 0.88319824
 0.88371398
 0.89038611
 0.88722395
 0.88649318
 0.88164801
 0.89305941
 0.88959175
 0.89456685
 0.88977801
 0.88949206
 0.88427418
 0.88141087
 0.88430986
 0.87623223
 0.87108546
 0.87163812
 0.87511461
 0.87001922
 0.86771578
 0.86320009
 0.86141681
 0.85526398
 0.86306806
 0.86671112
 0.85947323
 0.85819585
 0.86491773
 0.86246047
 0.86697395
 0.87075962
 0.86946242
 0.87058131
 0.88005677
  0.8834704
 0.88347947
 0.88300981
 0.88988997
 0.88901089
 0.88958257
 0.89383102
 0.89399562
 0.89507601
 0.89571683
 0.89083964
 0.89267423
 0.89541516
 0.88866475
 0.89064153
 0.89201209
 0.89108915
 0.89091868
 0.88944876
  0.8897035
  0.8904022
 0.89142217
 0.89382186
 0.89203157
 0.89263979
  0.8981555
 0.89497159
 0.89338215

