0.033985012
 0.03789433
0.034488252
 0.03521181
0.034946353
0.035083287
0.034825481
0.034627601
0.034702397
0.034854584
0.034946971
0.034837418
0.034824099
0.034846954
0.034975919
0.034759126
0.034756902
0.034626693
 0.03481273
0.034614521
0.034737938
0.034513914
0.034859956
0.035224877
0.035448224
0.035735291
0.036198581
0.037051237
0.038428316
0.037969609
0.038755712
 0.03816707
0.039886757
0.040184043
0.041169198
0.040883862
0.041483311
0.042281156
0.041849009
0.042243837
0.041625932
0.043179627
0.044319886
0.045104789
0.046383486
0.048233409
0.049245555
0.050676787
0.052281486
0.056338615
0.057704754
0.059941928
0.060503495
0.061016487
0.066132635
0.066846241
0.068926368
0.066662093
 0.07007209
0.071699152
0.076460966
0.078983942
0.079817831
0.079945739
0.081522014
0.083431909
0.085092137
0.087575623
0.090185354
0.090158444
0.091321679
0.091447431
0.091570503
0.092203705
0.092516726
0.093258283
0.092790943
0.093800759
0.091853792
0.093166033
0.092421559
0.092230653
0.092095421
0.092484649
0.092922861
0.094977133
0.094599555
0.095145245
0.094789543
0.096627535
0.097572796
 0.10050091
 0.10036872
 0.10091403
 0.10369782
 0.10523904
 0.10698389
 0.10864502
 0.10906575
 0.10998258
 0.11321257
 0.11297084
 0.11352317
 0.11293942
 0.11459864
 0.11484932
 0.11526259
 0.11569346
 0.11629671
 0.11635236
 0.11678804
 0.11744432
 0.11828717
 0.11994387
 0.12130121
 0.12101418
 0.12055323
 0.12321197
 0.12373853
 0.12476459
 0.12585658
 0.12500663
 0.12589497
 0.12673072
 0.12985401
 0.12994054
 0.13052641
 0.12973259
 0.13128899
 0.13641934
 0.13909532
 0.14502575
 0.14760699
 0.14997945
 0.15304869
 0.15597742
  0.1587743
 0.15735137
 0.16029387
 0.16098307
 0.16263116
 0.16341804
 0.16413839
 0.16597988
 0.16616149
 0.16762514
 0.16773964
 0.16709267
 0.16848337
 0.16726687
 0.17061534
 0.17003424
  0.1744393
 0.17762123
 0.17789305
 0.17814228
 0.18028562
 0.18142149
 0.17878314
 0.18037499
 0.18141964
 0.17951245
 0.17986568
 0.18135821
  0.1849424
 0.18374383
 0.18496001
 0.18392908
 0.18698216
 0.18713104
 0.18765203
  0.1908392
 0.19211154
 0.19004882
 0.19135921
 0.19100105
 0.19102841
 0.19177716
 0.18999262
 0.19074566
 0.19287001
   0.192688
 0.19198256
 0.19099672
 0.19391027
 0.19382026
 0.19585109
 0.19512688
 0.19544451
  0.1953853
 0.19727368
 0.20086691
 0.19810133
 0.19726137
 0.19970273
 0.20310563
 0.19910724
 0.20117376
 0.20220783
 0.20178417
 0.20393881
  0.2018673
 0.20287479
 0.20644787
 0.20766163
 0.20810175
 0.20879681
 0.21017325
 0.21221913
 0.21050582
 0.20934593
 0.20983739
  0.2080675
 0.20644177
 0.20518321
 0.20670002
 0.21095131
  0.2123353
 0.21408748
 0.21587338
 0.21536033
  0.2162288
 0.21789027
 0.21806398
 0.21762093
 0.21882937
 0.22273814
 0.21890704
  0.2207127
 0.22032153
 0.22132766
 0.22121148
 0.22110027
 0.21946652
 0.22097772
 0.22338068
 0.22545803
  0.2228101
 0.22364479
 0.22369447
 0.22492273
 0.22650692
 0.22520096
 0.22700682
 0.22468193
 0.22803524
 0.22843664
 0.22959707
 0.23090705
  0.2318681
 0.23553186
 0.23369593
 0.23686984
  0.2381185
 0.23987751
 0.24124467
 0.24080002
 0.24142504
 0.23808399
 0.23938266
 0.23808257
 0.24081892
  0.2380818
 0.24201853
 0.24206714
 0.24448753
   0.244723
 0.24400829
 0.24555289
 0.24425321
 0.24306715
 0.24296243
 0.24320376
 0.24321527
 0.24483341
 0.24804355
 0.25021481
 0.24769862
  0.2484678
 0.24986552
 0.25121502
  0.2525121
 0.25485914
 0.25376488
 0.25408961
 0.25512203
  0.2553794
 0.25757136
 0.25913221
 0.26302973
 0.25863186
 0.26020068
 0.25627557
 0.25549703
 0.25536313
 0.25706106
 0.25583812
 0.25614284
 0.26057631
 0.25921744
 0.25961955
 0.26075654
 0.26266708
 0.26386846
 0.26493164
 0.26610942
 0.26398297
 0.26548212
 0.26593062
 0.26398757
  0.2660246
  0.2656993
 0.26550751
 0.26741359
 0.26694006
 0.26754186
 0.27116679
 0.26790258
  0.2697776
 0.27230811
 0.26924495
 0.27429445
 0.27511809
 0.27555098
  0.2780249
  0.2784016
  0.2774847
 0.27530305
 0.27740906
  0.2754819
 0.27666465
 0.27740131
 0.27669009
 0.27835281
  0.2759054
 0.27977151
 0.27686468
 0.27803976
 0.27676365
 0.27576125
 0.27585007
 0.28045399
 0.27749258
 0.27854044
 0.28008688
 0.27886452
 0.27946317
 0.27770704
 0.28036201
 0.27783389
  0.2830816
 0.28169574
 0.28414339
 0.28423286
 0.28273209
 0.28377814
 0.28182541
 0.28768545
 0.28607276
 0.28814438
  0.2850487
 0.28764679
 0.28478144
 0.28244308
 0.28289381
 0.28314599
 0.28396002
  0.2824395
 0.28453088
 0.28124231
  0.2859328
 0.28714664
 0.28757282
 0.28763901
 0.28516005
 0.28776674
 0.28745732
 0.28909307
 0.28896329
 0.28797321
 0.28659734
 0.28267773
 0.28258807
 0.28121797
 0.28487829
 0.29272284
 0.29628286
 0.29442714
 0.29333372
 0.29505899
 0.29602349
 0.29659656
 0.29642721
 0.29735392
 0.29661047
 0.30125579
 0.30589107
 0.30428389
  0.3038302
 0.30575923
 0.30203743
 0.30830284
 0.30326456
 0.30311556
 0.30496199
 0.30591201
   0.307672
 0.30621335
 0.30409834
 0.30715712
 0.30637659
  0.3064922
 0.30500828
 0.30498798
 0.30622171
 0.30580039
 0.30581969
 0.30575147
 0.30908497
 0.30747429
 0.30878589
 0.30862148
 0.30837146
 0.30637813
  0.3076885
 0.30664748
 0.30746654
 0.30949305
  0.3085866
 0.30809556
 0.30732143
 0.30531911
 0.30746538
 0.30999266
 0.31002969
 0.30957389
 0.31166764
 0.31040686
 0.31236007
 0.31187417
 0.31095713
 0.31438483
 0.31220291
 0.31486378
 0.31404491
  0.3113227
 0.31064157
  0.3114469
 0.30577513
 0.30830513
 0.31494684
  0.3166964
 0.31911732
 0.31697678
 0.32162469
 0.32302414
 0.32686725
 0.32604358
 0.32717346
 0.32970359
 0.33393888
 0.33754735
 0.33892003
 0.33756602
 0.33726818
 0.33458498
 0.33695565
 0.33804589
 0.33863906
 0.33790393
 0.34092339
 0.34085827
 0.34379563
 0.34579501
 0.34846324
 0.35038461
 0.34497554
 0.34552046
 0.34943896
 0.34783566
 0.34147368
 0.34389637
 0.34667279
 0.35164159
 0.35328807
 0.35750469
 0.36055843
 0.36533084
 0.35834125
 0.36267562
 0.36394401
   0.368421
 0.36646788
 0.36800414
 0.36549272
 0.36821104
 0.36638821
 0.37390129
 0.37446411
 0.38485677
 0.39254631
 0.40719691
  0.4141526
 0.40415347
 0.41420961
 0.40085286
 0.41099058
 0.41542221
 0.40876441
  0.4157443
 0.42104055
 0.41656971
 0.42135923
 0.40599752
 0.41853064
 0.41475203
 0.41714429
 0.41146209
 0.41179592
 0.41498815
 0.40968949
 0.40941854
 0.40770037
 0.40858094
 0.40290718
 0.40538843
 0.40365557
 0.40765072
 0.40522054
  0.4110043
 0.40610021
 0.40957121
  0.4084614
 0.40762814
 0.41392142
 0.41688939
   0.419558
 0.42120799
 0.42568618
 0.42609264
 0.42605316
 0.42350639
 0.41917898
 0.42152205
 0.42802559
 0.42741844
 0.43469201
 0.43107846
 0.42950098
 0.42684791
 0.43006716
  0.4331007
 0.43383371
 0.43986876
 0.44133254
  0.4401007
 0.44567552
 0.44466857
 0.44732998
 0.45178821
 0.45190765
 0.45587692
 0.45509669
 0.45385604
  0.4606863
  0.4623387
 0.46459119
 0.46362246
 0.46798841
 0.46479806
 0.47538643
 0.47295275
 0.47895477
  0.4808674
 0.46891174
 0.47792329
 0.46944595
  0.4781295
 0.47230767
 0.48218241
 0.47814155
 0.48084761
 0.48846337
 0.48683155
 0.49463176
 0.48819163
 0.49118694
 0.49171898
 0.49676045
 0.49923579
 0.50435028
 0.51034008
 0.50798757
 0.51650715
 0.51071285
 0.51242714
  0.5138169
 0.51368287
 0.51340741
  0.5192681
 0.51705231
 0.51928845
 0.52596894
 0.53103749
 0.52542972
 0.52946271
  0.5222269
  0.5305482
 0.52732799
 0.53374398
 0.53125726
 0.54242513
 0.53926367
 0.54451513
 0.54343596
 0.54433194
 0.54307537
 0.54598469
 0.54724045
 0.54458331
  0.5454913
 0.55641402
 0.55378555
 0.55584219
 0.55906074
 0.55163231
 0.56217189
 0.56184023
 0.56000685
 0.56627412
   0.563632
 0.56512725
 0.56521229
 0.56449264
 0.56451621
 0.56535246
 0.56341876
  0.5621585
 0.56341933
 0.56004661
 0.55897247
 0.56174887
 0.55790234
 0.56250986
   0.559378
 0.55867561
 0.56074601
 0.55677231
  0.5592342
 0.56019911
 0.56192331
 0.56355648
 0.55937035
 0.56254037
  0.5627155
 0.56144032
 0.55964894
 0.56415537
 0.56514979
  0.5676334
 0.56629826
 0.57529775
 0.57347611
 0.58221497
 0.57920536
 0.58391146
 0.58482885
 0.58657164
  0.5859979
  0.5874952
 0.58587073
 0.58895039
 0.59142189
 0.59053667
 0.58847513
 0.58784457
 0.58897637
 0.58746799
 0.58762012
 0.58779288
 0.58806582
 0.58890789
 0.59103461
 0.59199624
 0.59544148
 0.59713652
 0.59574921
 0.59546877
 0.59458662
  0.5971994
 0.59566531
 0.59188474
 0.59815031
    0.58949
 0.59745841
 0.60245968
 0.59806564
 0.60105702
 0.60248068
 0.60571747
 0.60210147
 0.59878373
 0.59831333
  0.6039732
 0.60454467
 0.60958092
 0.60821581
 0.61513624
 0.60766678
  0.6058131
 0.61143427
 0.60992896
 0.60615073
 0.61313729
 0.61163033
 0.61955219
 0.61917451
 0.62399381
 0.62336351
 0.62684403
 0.63439066
 0.63549092
 0.64367623
 0.64374189
 0.64230521
   0.640368
 0.64493248
 0.65137925
 0.64823612
 0.65843165
 0.65509776
 0.65625949
 0.65522164
 0.65182409
 0.65220512
 0.65445909
 0.65148625
 0.64673179
 0.64394533
  0.6436423
 0.64729526
 0.64788559
 0.65015615
 0.64630342
 0.64761195
 0.65763638
 0.65880177
 0.66273647
 0.66193843
 0.66890774
 0.66690858
 0.67233472
 0.67210232
 0.68418886
 0.68040395
 0.67588955
 0.67620724
 0.66453147
 0.66993103
 0.66250229
    0.65938
 0.66991853
 0.66029026
 0.66561601
 0.66728696
  0.6688997
 0.66020914
 0.66334136
   0.663789
 0.66249462
 0.66754354
 0.66699874
 0.66187903
 0.66636174
 0.67004612
 0.67225107
 0.67158499
  0.6728436
 0.67309004
   0.672228
 0.67380169
 0.67034571
 0.66896638
 0.67116571
 0.66928904
 0.67477855
 0.67823972
 0.69107094
 0.69902452
 0.69695731
 0.69862567
 0.70246094
 0.70283981
 0.70243135
 0.70313836
 0.70333766
 0.70017668
 0.69897604
  0.6911794
 0.69287085
 0.69417746
 0.69226777
 0.69230042
 0.69589107
 0.69285199
 0.68809421
 0.69143571
 0.69054835
  0.6932761
 0.69730564
 0.69662354
  0.6996294
 0.69917485
 0.70014296
 0.70293353
 0.70192863
 0.70244961
 0.70466489
 0.69773726
 0.70283967
 0.70028657
  0.6970866
 0.69942684
  0.6959669
 0.69505105
 0.69522629
 0.68706706
 0.69654243
 0.70095063
  0.6988621
 0.69797366
 0.69191981
 0.69154719
 0.69846203
 0.69893428
 0.69809347
 0.69486906
 0.70066146
 0.69237102
 0.70180106
 0.69042354
 0.69522452
 0.69906575
 0.69737464
 0.69374947
 0.69408687
  0.7031278
 0.70050768
 0.70589571
 0.70635373
 0.70389189
 0.70221605
 0.71105059
 0.71526683
 0.71425672
 0.71101067
 0.71362627
 0.71863176
 0.72508103
 0.72597987
 0.72858234
 0.73278473
 0.73303505
 0.73431386
 0.73327586
 0.73388911
  0.7387501
 0.73315649
 0.73381623
 0.73491065
 0.73035618
 0.73200357
 0.73309683
 0.72945916
 0.73598375
 0.73606209
 0.73997545
 0.73907375
 0.73916292
 0.73710177
 0.72997886
 0.73497954
  0.7396962
  0.7442121
 0.74634099
 0.74979618
 0.74738979
 0.74988202
 0.74548223
 0.74617691
 0.74293301
 0.74282988
 0.73958771
  0.7409018
 0.73585631
 0.73610207
 0.74184239
 0.74158888
 0.74904178
 0.75259084
 0.75078294
 0.74996075
 0.74920633
 0.74673703
 0.74412108
 0.74500422
 0.74530872
 0.74149523
 0.73663234
  0.7359839
  0.7380952
 0.73236978
 0.72363141
  0.7206545
 0.72009323
 0.72348268
 0.72738838
 0.73019247
 0.73414732
 0.72919217
 0.73280745
  0.7299073
  0.7283315
 0.71926023
 0.71043901
 0.71397472
 0.72003549
 0.72163878
 0.72282683
 0.72054538
 0.71539362
 0.71062271
 0.71268284
 0.71741129
 0.71193796
 0.70747456
 0.70636728
 0.71223442
 0.70600767
 0.70605343
  0.7058177
 0.70483002
 0.70299404
 0.71187547
 0.70838854
 0.71000476
 0.71339879
 0.71202939
 0.71313874
 0.72011693
 0.71990049
 0.71711757
 0.71330619
 0.70515747
  0.6970249
 0.69634444
 0.70091748
 0.70819096
 0.71181922
 0.71345562
 0.71925507
 0.71732306
   0.715094
 0.70706729
 0.70808319
 0.71335756
 0.71195615
 0.71428843
 0.71611152
 0.71458637
 0.71553612
 0.71634282
 0.71548038
 0.71538509
 0.70946696
 0.70136557
 0.69973175
  0.6977047
 0.69395436
 0.69145258
  0.6964692
 0.69359638
  0.6841873
 0.66949041
 0.68288789
 0.69178132
 0.69412518
 0.69523042
 0.70240427
 0.69785391
 0.70183907
 0.70561843
 0.70427718
 0.70719408
 0.70232909
 0.70235404
 0.70251987
 0.70018391
 0.69757941
 0.70148553
 0.70300684
 0.69900232
  0.6957911
 0.69785122
 0.69884953
 0.69948779
 0.69534897
 0.69868507
 0.69936147
 0.69684865
 0.69779612
 0.70540257
 0.70654956
 0.70942534
 0.70835038
 0.70805144
 0.71015302
 0.70606514
 0.70863257
 0.71306636
 0.71120884
 0.70720413
 0.70643038
 0.70887179
 0.71306552
 0.71081403
 0.70993803
 0.70937461
 0.71166947
  0.7123171
 0.71049513
 0.70821331
  0.7111148
 0.70585789
 0.70253691
 0.69978132
  0.7001318
 0.69803489
 0.70160301
  0.7014466
  0.7068423
 0.70747308
 0.70347549
 0.70399854
 0.70372041
 0.69974261
 0.70098161
 0.69851725
 0.70161197
 0.70780423
 0.70357578
 0.70528847
 0.70290407
 0.69814472
 0.69717033
 0.69714787
 0.69854503
 0.69699023
 0.69594993
  0.6916849
 0.68978585
 0.68868181
 0.69599827
 0.69509079
 0.68920648
 0.68846688
 0.68916854
 0.69349456
 0.69285942
 0.68999849
 0.68026175
 0.68294471
 0.68010951
 0.68274352
 0.67871353
 0.68905552
 0.68896624
 0.69568703
 0.69861581
 0.69980079
 0.69289875
 0.68814095
 0.68573741
 0.69050442
 0.69024542
 0.68917504
 0.68962158
 0.68337914
 0.68693928
 0.68848056
 0.68948297
 0.69591372
 0.69681387
 0.69004619
 0.68995542
 0.68961378
 0.68031332
 0.68984566
 0.69503396
 0.69228955
 0.69497619
 0.68991969
 0.69511157
 0.69420702
 0.69726253
 0.69469914
 0.68188448
 0.68228343
 0.68490777
 0.68179522
 0.67331701
  0.6759728
 0.67489686
 0.67240836
 0.66864882
 0.68064296
  0.6861131
 0.69083751
 0.69066629
  0.6912112
 0.69214962
 0.69440828
 0.69821972
 0.69613913
 0.69709333
 0.69665569
 0.69619179
 0.69637545
 0.69294845
 0.69178306
 0.68857572
 0.68737188
 0.68901405
 0.68784883
 0.68357844
 0.68513003
 0.68051096
 0.68928309
 0.68409273
 0.68756294
 0.68233485
 0.68490459
 0.68523522
 0.68412125
 0.68836933
 0.68852564
  0.6817215
  0.6893305
 0.68637933
 0.68758767
 0.68487848
 0.67998177
 0.67963151
  0.6744492
 0.68042659
 0.68047209
  0.6727251
 0.67381992
 0.67680351
 0.67959322
 0.67842634
 0.68047933
 0.68353329
 0.68674225
 0.68388744
 0.68204134
 0.68295712
 0.68404979
 0.68323752
 0.68322355
 0.67808041
 0.68413754
 0.68608001
 0.68320818
 0.69080439
 0.68479438
 0.68293535
 0.68186366
 0.68671994
 0.68434463
 0.68640912
 0.68589605
 0.68334638
 0.68783332
 0.68579694
 0.68571433
  0.6840398
 0.68795062
  0.6898971
 0.69008753
  0.6858652
 0.69303405
 0.69033367
 0.68276647
 0.68285994
 0.68516159
 0.68975025
 0.68780563
 0.69187302
  0.6944318
 0.69188164
 0.69219214
 0.68702135
 0.68783017
 0.68813594
 0.68685629
 0.68653939
 0.68819918
 0.68937888
 0.69220655
 0.69873817
 0.70120009
 0.70008536
 0.69260365
 0.69439633
 0.69157825
 0.68796618
 0.69772267
 0.69574939
 0.69759935
 0.70040471
 0.70345777
 0.70733052
 0.70519734
 0.70834444
 0.70800722
 0.70372027
 0.69991305
 0.70017113
  0.6983195
 0.70130727
 0.70948556
 0.70910204
 0.70660156
 0.70278351
 0.70090063
 0.69808741
 0.69592454
 0.69535375
  0.6906964
 0.68664399
 0.70277635
 0.70396955
 0.70134072
 0.70207021
 0.70167375
 0.70232622
 0.70670079
 0.71010207
 0.71128336
 0.72086792
 0.72822807
 0.72172681
 0.71969684
 0.72404946
  0.7242857
 0.72161962
 0.72145353
 0.72447805
 0.72719981
 0.72576265
  0.7244857
 0.72445482
  0.7302022
 0.72694749
 0.72648427
 0.72627698
 0.73413514
 0.73913653
 0.74277554
 0.74791749
 0.74932191
 0.74983627
 0.75021082
 0.75308359
 0.74923843
 0.75094689
 0.74406812
 0.74077355
 0.74171231
 0.74583723
 0.75259589
 0.75516248
 0.75671222
 0.76841147
 0.77377596
 0.77892747
 0.77292348
 0.77184079
 0.77413778
 0.77261998
 0.76819831
 0.76750955
 0.76589979
 0.76743121
 0.77076472
 0.76907803
 0.77239055
 0.76916913
 0.76361878
 0.76311567
 0.76244426
 0.75644027
 0.75117039
 0.75587778
 0.75684104
  0.7579163
 0.75716155
  0.7460313
 0.74720132
 0.75549869
  0.7535764
 0.75915949
 0.76308496
 0.76430377
 0.76320113
 0.76664543
 0.77278796
 0.77043705
 0.76704572
 0.76356866
 0.76567093
 0.77380502
 0.77190964
 0.77141346
 0.76846404
 0.76614371
 0.76018537
 0.76522426
 0.76909987
 0.76639189
  0.7646478
 0.75955464
 0.76306998
 0.76181886
 0.75872785
 0.75479335
 0.76059118
 0.76411422
 0.76590516
 0.76221705
 0.76148414
 0.76241075
 0.76380142
 0.76929913
 0.76227995
  0.7631177
 0.75874752
  0.7609109
 0.76382507
  0.7590521
 0.75166039
 0.75427613
 0.75443067
 0.75395858
 0.75853406
 0.76033198
 0.76206651
 0.75468463
 0.74765577
  0.7541289
 0.76218901
 0.76244613
  0.7613532
 0.76158353
  0.7628759
 0.76071899
 0.76371946
  0.7565901
 0.75138972
 0.75116317
 0.74683331
 0.74847246
 0.74678462
 0.74637192
 0.74263691
  0.7405254
 0.74085171
 0.74003974
 0.73419428
 0.73574946
 0.72837554
 0.72874046
 0.73428464
 0.73161631
 0.73078372
 0.72580647
 0.71372012
 0.70312668
 0.70623783
  0.7127642
 0.71169599
 0.71561205
 0.72805506
 0.72660238
 0.72323005
 0.72645255
 0.72825576
 0.73089202
 0.73073952
 0.72749888
 0.72955713
 0.73188301
 0.73145895
 0.72727055
 0.72841124
 0.71876326
 0.71705784
 0.72244893
 0.71865156
 0.72654036
 0.72845369
 0.72734425
  0.7262921
 0.73884189
 0.73101619
 0.72942039
 0.73719691
 0.73195092
 0.73371839
 0.72155531
 0.71970504
 0.72064622
 0.72260535
 0.71229543
 0.71338457
  0.7099692
 0.71466481
 0.71732194
 0.72777422
 0.72360638
 0.72615732
 0.72497726
 0.72864231
 0.72177182
 0.72590225
 0.71733044
 0.71538463
  0.7188089
 0.71689999
 0.71293305
 0.71807601
 0.71689247
  0.7192558
 0.72385627
 0.72180553
 0.72117808
  0.7157165
   0.716047
 0.72046148
 0.72263081
 0.72079186
 0.72876174
 0.73353681
 0.73502828
 0.73607377
 0.73520932
  0.7404693
 0.74414154
 0.74355121
 0.73444315
 0.73642671
 0.73565971
 0.73722106
 0.73666947
   0.744477
 0.73989631
 0.73580611
 0.73666323
 0.73896859
 0.74179005
 0.73792602
  0.7392813
 0.74251564
  0.7416321
 0.74393321
 0.74273571
 0.74401533
 0.74328057
 0.74230464
 0.74215448
 0.74516362
 0.74222931
 0.74480395
 0.74104223
  0.7420383
 0.74887372
 0.74547586
 0.74236803
 0.74317321
 0.73870628
 0.73446916
 0.72679659
  0.7277614
 0.73093837
 0.73434895
 0.73124995
 0.74195194
 0.74388908
 0.73780574
 0.73474874
 0.74141588
 0.74285173
 0.74369293
  0.7444824
 0.74117409
 0.73973927
 0.74328336
 0.73836017
 0.73095361
 0.73238869
 0.73325726
 0.73756226
 0.73994917
 0.73006628
 0.73589422
 0.73718505
  0.7311242
 0.72917416
 0.72620466
 0.72865003
 0.72989889
 0.72610105
 0.73348539
 0.73872131
 0.73984258
 0.74051641
 0.73892196
  0.7369339
 0.73688402
 0.73671123
 0.73296533
 0.72392896
 0.73145316
 0.73349123
 0.73172863
 0.73585011
 0.73820536
  0.7402987
 0.73659025
  0.7501162
 0.75196278
  0.7516868
  0.7530144
 0.75210348
 0.75044556
 0.75273867
 0.74861526
  0.7496974
 0.74994918
 0.74881909
 0.75108988
  0.7537375
 0.74802576
 0.74446918
 0.75062456
 0.74989441
 0.75442636
 0.75394744
  0.7546346
 0.74761307
 0.74423217
 0.75164036
 0.74552664
 0.75161508
 0.74576956
 0.74205541
 0.74295427
 0.74521593
 0.74744425
 0.74495168
 0.75304478
 0.75270464
 0.75629293
  0.7522107
 0.75422583
 0.75178349
 0.75681333
 0.76324043
  0.7639892
 0.76528263
 0.76656196
 0.77005476
 0.77387603
 0.76738348
 0.76336539
 0.76002768
 0.76332029
 0.76043348
 0.76509644
 0.76452031
 0.76568071
 0.75920571
 0.75987928
 0.75425341
 0.75859387
 0.75200489
 0.75527207
 0.75624776
 0.75610783
  0.7601861
 0.75938576
  0.7574171
 0.76086019
  0.7652874
 0.76661373
 0.76640386
 0.76401304
 0.76808033
 0.76658694
 0.77037134
 0.76770055
 0.76698616
 0.76706135
 0.76360436
 0.76650457
 0.75799991
 0.75769724
 0.75515889
 0.74729241
 0.74616589
  0.7490526
 0.74814338
 0.75433518
 0.76249692
 0.75832229
  0.7646552
   0.761826
 0.76130503
 0.75674395
  0.7510544
 0.74608587
 0.76078868
 0.75896092
 0.74348969
 0.74230473
 0.74853111
 0.75027823
  0.7532925
 0.76107109
 0.75449919
 0.75817163
 0.75252605
 0.75531915
 0.75024807
 0.74811896
 0.74748055
 0.74653968
   0.744736
 0.75740636
 0.74632198
 0.73890289
 0.74087596
 0.73596345
 0.73730412
 0.72971546
 0.73001779
 0.72055582
 0.72489179
 0.73872649
 0.73484672
 0.73306066
 0.73025336
 0.72446821
 0.72348646
 0.72249105
  0.7207003
 0.72613954
 0.72693792
 0.71508448
 0.70881383
 0.69985735
 0.70494139
 0.70443928
 0.70221758
 0.70904615
 0.71131426
 0.71462238
 0.70914344
 0.71123763
 0.70863283
 0.70819033
 0.70122658
 0.70018171
 0.70277569
 0.70188035
  0.6985191
 0.70372877
 0.70634006
 0.70214453
 0.69609134
 0.70230498
 0.69621082
 0.69573403
 0.69262474
 0.68460848
 0.69904841
 0.71342177
 0.71483022
 0.71219293
 0.71940751
 0.72733177
 0.72909652
 0.73112742
 0.72370614
 0.72650381
  0.7226928
 0.72017195
  0.7248303
  0.7237085
 0.72041019
 0.72440013
 0.72492317
 0.72665477
 0.72796491
 0.73292553
 0.72608691
 0.72912139
 0.73482009
 0.73489848
  0.7317828
 0.73674617
 0.73776296
 0.73846451
 0.73828425
 0.73939657
 0.73514969
 0.73618681
 0.72972499
 0.72959587
 0.73053239
 0.73184298
 0.72979351
 0.72473254
 0.73293173
  0.7267545
 0.72737646
  0.7310181
 0.72221161
 0.71802426
 0.71535881
 0.71716722
  0.7122657
   0.717094
 0.72129482
 0.72786142
 0.72443038
 0.72469998
 0.71555884
 0.70470388
 0.70926268
 0.70100071
 0.70646814
 0.69820602
 0.70010033
 0.70580868
 0.70731922
 0.70686003
 0.71579395
 0.71967321
  0.7163264
 0.71280036
 0.71004145
 0.70729695
 0.70360724
 0.70665198
 0.70579787
 0.70508019
 0.71239376
 0.71484092
 0.71311866
 0.71248396
 0.71515848
 0.71576725
 0.72226815
  0.7134065
 0.71585045
  0.7130254
 0.71194006
 0.70792779
  0.7092078
  0.7133194
 0.71146245
 0.70924994
 0.71443213
 0.71618598
 0.72311135
 0.72447152
  0.7275339
 0.72784973
 0.73046528
 0.72384347
 0.71977466
 0.70778153
 0.70797111
 0.70058998
 0.71042767
 0.71205265
 0.71449869
 0.72368105
 0.72907252
 0.73008102
   0.722423
 0.72655682
 0.72090699
 0.72530275
 0.71886418
 0.72142943
   0.717623
 0.72105861
  0.7237847
 0.72195617
 0.72410547
 0.72504374
 0.72617438
 0.72094877
 0.71595931
 0.71031685
 0.71039308
 0.70817675
 0.70993292
 0.69929225
 0.70449387
 0.70628483
 0.70231634
 0.70595314
  0.7061645
 0.70570061
 0.70082475
 0.70171406
 0.70247421
  0.6934963
 0.69865813
  0.6981298
 0.70135415
 0.70617033
 0.71436316
  0.7100463
  0.7139708
 0.71289385
 0.71124682
 0.71035689
 0.71118554
 0.70772052
 0.71012113
 0.70809019
   0.707502
 0.71407942
 0.71871187
 0.72471771
 0.72260458
 0.72075318
 0.71614953
   0.715916
 0.72019244
 0.72137865
 0.72022691
  0.7218448
 0.71688942
 0.72079049
 0.71720534
 0.71556576
 0.71352905
 0.70932933
 0.71458692
 0.71734087
 0.72024719
  0.7152101
 0.71604034
 0.71425565
 0.71596143
 0.71548006
 0.71702711
  0.7187963
 0.71750961
 0.71560226
 0.71264506
 0.71718599
 0.72433327
 0.72382594
 0.72712157
 0.72668997
 0.72755037
 0.72726995
 0.72705928
 0.72761371
 0.72895654
 0.72683572
 0.72635473
 0.72565041
 0.72592721
 0.72908675
 0.72838995
 0.73010855
 0.72148668
 0.72392774
 0.72267517
 0.72523604
 0.72644394
 0.72865911
 0.73117714
 0.72587316
 0.72448147
 0.72175766
 0.72305408
 0.72319415
 0.72480722
 0.72171686
  0.7241668
  0.7218952
 0.71332599
 0.71715239
 0.72135458
 0.72599769
 0.72489557
 0.72390546
 0.72770131
 0.72870874
 0.72562789
 0.72410314
  0.7215837
 0.71790136
 0.71773637
 0.71125434
 0.70909658
 0.71189369
 0.71412419
 0.71389998
 0.71618386
 0.71665879
 0.72025401
 0.71719267
 0.71743261
 0.70835512
 0.71414073
 0.71865221
 0.72039432
 0.71823412
 0.71892527
 0.72366463
 0.73128749
 0.73424293
  0.7349997
 0.73910992
 0.74501637
 0.73889971
 0.73639421
 0.73411892
 0.73509177
 0.73494748
 0.72955733
 0.73128452
 0.73011747
 0.74130343
 0.73837378
 0.73425231
 0.73852642
 0.74142314
 0.74194043
 0.73175431
 0.72836144
 0.72970183
  0.7308454
 0.72288773
 0.72311744
  0.7204679
  0.7214108
 0.72892909
   0.732215
  0.7441189
 0.73958181
 0.74759297
 0.74731424
 0.74338085
 0.75750104
 0.75420537
 0.75118193
 0.75058279
 0.74370008
 0.74754217
 0.74773615
 0.75125959
 0.74853586
 0.74551056
 0.74913584
 0.75768572
 0.76583549
 0.76301705
  0.7732117
 0.77551057
 0.76820538
 0.76365244
 0.77272121
 0.78260522
 0.77337334
 0.77268323
 0.76785871
 0.76908488
 0.76886705
  0.7690435
 0.76832558
 0.76726585
 0.76628174
  0.7641449
 0.76203363
 0.76361843
 0.76220494
 0.76011826
 0.75571734
 0.75805778
 0.75760274
 0.75831125
 0.76558674
  0.7649622
 0.75629549
 0.76732427
 0.76820172
 0.76323181
 0.76577751
 0.76864711
 0.77142159
 0.77535186
 0.77242238
 0.77237738
 0.77796004
  0.7732556
 0.78835024
 0.78932645
   0.783272
  0.7781498
 0.77127656
  0.7826172
 0.78535401
 0.78148939
 0.78859223
 0.78516379
  0.7851397
 0.78725962
 0.78637958
 0.78719318
 0.78597267
 0.78410682
 0.78689265
 0.78293625
 0.77858244
 0.77548199
 0.77411591
 0.77554712
  0.7673517
 0.76811385
 0.76402864
 0.76759512
 0.76045759
 0.76413876
 0.77149302
 0.77060685
 0.76572839
 0.77339503
 0.77249682
 0.77398753
 0.77072407
 0.76791843
 0.76596878
 0.76179277
 0.75795059
 0.74870558
 0.74201601
  0.7324402
 0.73090589
 0.73456678
  0.7368194
 0.72809835
 0.73566323
 0.73995209
 0.75231092
 0.75157966
  0.7567807
 0.75774987
 0.76223936
 0.76032983
 0.75671238
 0.75903217
 0.75348969
 0.75320212
  0.7615716
 0.75840437
 0.76662351
 0.77015969
 0.77130017
 0.77602985
 0.78172561
 0.77453937
 0.78242247
 0.77781697
 0.77177278
 0.77894873
 0.77966912
  0.7790743
 0.78192683
  0.7806799
 0.77825194
 0.77907696
 0.78094226
 0.77751406
 0.78352442
  0.7780872
 0.77483596
 0.76787926
 0.76586325
 0.76828517
  0.7780262
 0.78455226
  0.7810837
 0.78068822
 0.78124139
 0.77718696
 0.77890467
  0.7806714
 0.78145707
 0.77782936
 0.78641803
  0.7942277
 0.79366493
 0.79074535
   0.785567
 0.78263571
 0.78825215
  0.7916513
 0.79339063
 0.78797907
 0.79348751
 0.79997364
 0.80093287
 0.79825873
 0.79938939
 0.79652204
 0.80025962
 0.80018464
 0.79892183
 0.80144596
 0.80672101
 0.80633691
 0.80798001
 0.80660796
  0.8078546
  0.8081287
 0.80646325
  0.8073869
 0.80688414
 0.80760279
 0.80534242
 0.80807154
  0.8092441
 0.81012384
 0.81109682
 0.81145574
 0.80990599
 0.81174056
 0.81092687
 0.81301956
 0.81254809
 0.81676311
 0.81845988
 0.81874838
 0.81579814
 0.81611507
 0.81401325
 0.81252119
 0.81008731
 0.81394704
 0.81521566
 0.81583419
 0.81631536
 0.81171318
 0.81259634
 0.81392569
 0.81573665
 0.81618582
 0.81514028
 0.81628614
 0.80996928
 0.80843959
 0.81146021
 0.80766085
 0.80365615
  0.8052402
 0.80297491
 0.80840257
 0.80424736
 0.80452077
  0.7989636
 0.80007142
   0.800749
  0.8064308
 0.80112996
 0.80265246
 0.80104618
 0.79883628
 0.80480735
 0.79935421
 0.79227304
 0.78274155
 0.78169368
  0.7833837
  0.7852796
 0.79081594
 0.80446644
 0.79690447
 0.78873822
 0.78868942
 0.78287143
 0.79129751
 0.79514627
 0.78661558
 0.79945737
 0.80345686
 0.80000482
 0.80098779
 0.80623789
 0.80468015
 0.80699628
 0.79619149
 0.79078329
 0.78860694
 0.78903026
 0.78650107
 0.79281968
 0.79174546
 0.79103415
 0.78646111
 0.78948329
 0.78909031
 0.79710675
 0.78987724
  0.7809763
 0.78252755
 0.79226172
 0.79890412
  0.7979864
 0.80064817
 0.80057286
 0.79884757
 0.79493755
 0.79739282
 0.78906597
 0.79250956
 0.79308859
 0.79033999
 0.78340487
 0.78324973
 0.78004833
 0.78321818
 0.78423632
 0.78977878
 0.78901507
 0.79238173
 0.79622103
 0.79038368
 0.79287507
 0.79307262
 0.78876323
 0.78751498
 0.79449962
 0.78894317
 0.77941716
  0.7717316
 0.78683758
 0.79044064
 0.78508997
 0.79070151
  0.7804104
 0.77337653
 0.78864354
 0.79219862
 0.79986084
 0.79702745
 0.79355966
 0.79970451
 0.79921126
 0.80040237
 0.78920433
  0.7904257
 0.79608302
 0.79768612
 0.79110602
 0.78537557
 0.79036892
 0.78297083
 0.79024232
 0.79045432
 0.78648174
 0.79294462
 0.78687235
  0.7936453
  0.7826198
 0.79231527
 0.79408975
 0.80052663
 0.79044904
  0.8020969
 0.80492842
 0.80339867
 0.79839366
 0.80704808
 0.80594812
 0.80878691
 0.80613018
 0.80639376
  0.8092391
 0.81209593
 0.81238632
 0.80547492
 0.81061571
 0.80653263
 0.81277638
 0.80511859
 0.81123355
 0.80315636
 0.80445738
 0.79941842
 0.80386961
 0.81693651
 0.81053415
 0.81449092
 0.80798841
 0.80873897
  0.8043773
 0.80489196
 0.80102359
 0.80553533
 0.80715847
 0.80782882
 0.81224204
 0.81319822
 0.81520666
 0.80687863
  0.8046551
  0.8052953
 0.80612045
 0.81081805
 0.81275478
 0.81491423
 0.81038325
 0.81204781
 0.80915866
 0.80767562
 0.80470893
 0.80872309
 0.81352136
 0.81224159
  0.8136867
 0.81350161
 0.81643319
 0.81109655
 0.81657944
 0.81255424
 0.80736374
 0.81032344
 0.81149963
 0.81186068
  0.8163618
 0.81365392
 0.81176969
 0.81381687
 0.81563676
 0.81838649
 0.81444073
 0.81348525
 0.81237507
 0.80700306
 0.79539896
 0.80466143
 0.80943723
 0.81484784
  0.8168028
 0.81857473
  0.8213205
 0.81911641
 0.82139374
 0.81594745
 0.82002656
 0.82179614
 0.81717461
  0.8208065
  0.8234061
 0.82261121
 0.82858581
 0.82619813
 0.82237365
 0.82315632
 0.82394351
 0.83043944
 0.82792447
 0.83086024
 0.83260994
 0.81762216
 0.82450553
 0.82069003
 0.82077982
 0.82378274
 0.82464099
 0.82880124
 0.82862146
 0.83198551
 0.82620749
 0.82882998
 0.82574617
 0.82061236
  0.8246636
 0.82303115
 0.82263555
 0.82471969
  0.8250638
 0.81960664
 0.81728861
 0.80926496
 0.81385408
 0.81865218
 0.81539934
 0.81583063
 0.82094343
 0.82103057
 0.82421097
 0.82731181
  0.8241269
 0.82759527
 0.82335192
 0.81598209
 0.81654614
 0.80339147
 0.81837178
 0.82178753
 0.83072765
 0.82992753
 0.82906155
 0.82582348
 0.82177725
 0.82179299
 0.81566889
 0.81853432
 0.81122579
 0.81567446
 0.82345769
 0.82177686
 0.82099002
 0.82188944
  0.8179638
 0.82046142
 0.81853271
  0.8143715
 0.81014026
 0.80714272
 0.80672725
 0.81042195
 0.81702285
 0.81788395
 0.81828621
 0.81598359
 0.81977424
 0.82214515
 0.82355861
 0.82018988
  0.8126213
 0.81582652
 0.81174267
 0.81153007
 0.80702921
 0.79147636
 0.78760824
 0.78464753
 0.78873607
  0.7904579
 0.79098062
 0.78919654
 0.78477881
 0.78601756
 0.79745655
  0.8060558
 0.80274528
 0.80833748
 0.80730712
 0.80748685
 0.80054682
 0.79792614
  0.7950903
 0.79279781
 0.78618861
 0.79064063
 0.79665014
 0.79341011
 0.78863884
  0.7856841
 0.79002155
 0.79048139
 0.79410589
 0.79229212
 0.79119392
 0.79676165
 0.79104579
 0.78022968
 0.78680252
 0.79236668
 0.78836205
 0.79083842
 0.77962296
 0.78006759
 0.77484024
 0.78015699
 0.78876809
 0.79072478
 0.79331305
 0.78956593
 0.79016304
 0.78600008
 0.78936875
 0.79331577
 0.79727061
 0.79978317
 0.79925092
 0.78657233
 0.78597681
 0.79568968
 0.79886758
 0.79907737
 0.79043585
 0.79125239
 0.78097874
 0.77824137
 0.78161219
 0.78338908
 0.77944221
 0.79198869
 0.78169429
 0.79154779
 0.79041037
 0.79994052
 0.79839646
 0.80534528
  0.8053477
 0.80834465
  0.8066728
 0.80222606
 0.81131512
  0.8085967
 0.81341944
 0.81034449
 0.80803267
 0.80791066
 0.80711745
 0.81402466
 0.81402423
 0.81482043
 0.81168946
  0.8138776
 0.81092893
 0.81667735
  0.8300138
 0.81962401
 0.82633987
   0.819754
 0.82359621
  0.8212558
 0.81795309
 0.81399554
 0.81777076
 0.81765046
 0.81221961
 0.81336253
 0.81568023
 0.80589007
 0.81121657
 0.80947382
 0.82064924
 0.82290303
  0.8249641
 0.82144232
 0.81906022
  0.8177867
 0.80858707
 0.80683436
 0.80691514
  0.7919728
 0.79383494
 0.79597028
 0.80218561
 0.80371046
 0.80059712
 0.80105309
 0.80221755
 0.79784946
 0.80719872
 0.79893267
 0.80034992
 0.79781499
 0.79452059
 0.78850659
  0.7871676
 0.79023007
 0.78511681
 0.78871188
 0.78843497
 0.78986029
 0.78590415
 0.79166233
 0.78314635
 0.78896741
 0.78547502
 0.78884232
 0.78762056
 0.78262128
 0.78350986
 0.78282058
 0.78058376
 0.76658839
 0.76613441
 0.77200114
 0.77378418
 0.76513496
 0.76669965
 0.76710644
 0.76780295
 0.76869508
 0.76985541
  0.7666045
 0.77498621
 0.77248312
 0.77012907
  0.7717563
  0.7830973
 0.78102019
  0.7865046
 0.78452826
 0.78575721
 0.78388814
 0.78109512
 0.78462453
 0.78089045
 0.77806185
 0.77703665
 0.78092495
 0.78235108
 0.78328056
 0.77811781
 0.77616152
 0.77932317
 0.77832628
 0.76457663
 0.77229281
 0.77027431
 0.77148469
 0.77177244
 0.77136812
 0.76875767
 0.76458427
 0.76015501
 0.76078899
 0.76148098
 0.75353872
 0.75723916
 0.75578853
 0.74956226
 0.75457906
 0.75277663
 0.74385952
 0.76604872
 0.76416362
 0.76447131
 0.75927682
 0.75027456
 0.75518951
 0.75176415
 0.75056079
 0.74679963
 0.74337718
 0.74009425
 0.74513368
 0.74085242
 0.75218044
 0.75679288
 0.75645391
 0.75871977
 0.75967592
 0.75517006
 0.75641367
 0.75378918
 0.74845673
 0.75649913
 0.75518462
 0.75868253
 0.75222873
 0.76563082
 0.75983556
 0.76571136
 0.77050455
 0.76777628
 0.76362226
 0.76579323
 0.76043327
 0.74998374
 0.75204254
 0.75448801
 0.75797833
   0.756984
 0.76273532
 0.76012269
 0.76222993
 0.76192381
 0.75335448
 0.76329818
 0.76364468
 0.76884286
 0.76416654
 0.78016188
 0.77761472
 0.77036856
  0.7755312
 0.78392217
 0.77788656
 0.77276519
 0.76802943
 0.77310757
 0.76986848
 0.76497103
 0.76788675
 0.76640159
 0.76823901
 0.76676371
 0.76959697
 0.75918697
 0.76264046
  0.7636857
 0.76273506
 0.76829433
 0.77185207
 0.76307803
 0.76302738
 0.76850236
 0.76720381
 0.76701138
 0.76433553
 0.76724619
 0.77163885
 0.75938246
 0.75351595
 0.77040962
 0.77199952
 0.76907887
 0.76457322
 0.76581791
 0.75972073
 0.76670625
 0.75503795
 0.76519999
 0.76260414
 0.76516864
 0.75786483
 0.76297767
 0.76790623
 0.76968615
 0.76667157
  0.7705411
 0.77311332
 0.78121646
 0.78941848
 0.78372402
 0.78237672
 0.79158744
 0.78983295
  0.7944618
 0.78779366
  0.7862095
 0.78721614
 0.78866339
 0.78837219
 0.78142128
 0.77935711
   0.769109
 0.78162781
 0.78464664
  0.7816074
 0.78746841
 0.78139472
 0.78435497
 0.78484247
 0.79205728
 0.78772616
 0.79043326
 0.78630862
 0.78772323
 0.79005194
 0.79311179
 0.78849088
 0.78399486
  0.7791373
 0.78232639
 0.78792097
 0.77897385
 0.78376069
 0.78400471
 0.78620117
 0.78176024
 0.78974867
 0.79485496
 0.78262372
 0.78791311
 0.79016507
 0.78446495
  0.7880571
 0.78277408
 0.79334731
 0.79989995
 0.80360261
 0.80065557
 0.80409314
 0.80329185
 0.79534159
 0.79747818
  0.8065344
 0.81382592
 0.81607932
 0.81163693
 0.81873638
 0.81504356
 0.81108476
 0.80423545
 0.80692074
 0.79353211
 0.79780384
 0.78174176
 0.78110077
 0.78098492
 0.78794936
 0.78678567
 0.77403589
 0.78734488
 0.76026041
 0.77053291
 0.76844571
 0.75785556
 0.75878079
 0.74328356
 0.74438674
 0.74263393
 0.74468003
 0.74713777
 0.74736381
 0.74987919
 0.75260699
 0.75109246
 0.74761322
 0.74797447
 0.73895739
 0.73464745
 0.73927869
 0.73946039
 0.73387612
  0.7319939
  0.7470061
 0.74858533
   0.748981
 0.74703298
 0.74336049
 0.74654835
 0.74416166
 0.74450908
 0.73858483
 0.74506647
 0.74124804
 0.74014391
 0.74335831
 0.74423821
 0.74726536
 0.74483733
 0.74924013
 0.74638517
 0.74840346
 0.74915308
 0.75477645
 0.75104745
 0.75431681
 0.75050982
 0.74990735
 0.75144216
 0.74978141
 0.74589003
 0.74903541
 0.74146554
 0.74453142
 0.74608294
  0.7385005
  0.7425084
 0.74393361
  0.7518452
 0.74787507
 0.75240223
 0.75751837
 0.77166017
 0.77169256
 0.77153783
 0.76087156
 0.76105083
  0.7554996
 0.75560468
 0.75477739
 0.74825808
 0.73989399
 0.74230611
 0.72541028
 0.72630701
 0.71780709
 0.72295559
  0.7310289
 0.73578786
 0.73842511
 0.73084476
 0.73619268
 0.72709152
 0.74498655
 0.73979325
  0.7571414
 0.74787292
 0.75843147
 0.76039641
 0.77106491
 0.76680753
 0.77227514
 0.77698433
 0.78685642
 0.78659877
 0.78726864
 0.78984733
 0.78112906
 0.77332622
 0.77773647
 0.78141628
 0.77565646
 0.77554294
 0.77682531
  0.7708219
 0.76904962
 0.76959946
 0.77509337
 0.77613751
  0.7798813
 0.77405719
 0.77393319
 0.77204927
 0.77529623
 0.77675833
 0.78032518
  0.7817583
 0.78418556
  0.7892309
 0.79617745
 0.79454364
  0.7995231
 0.80599169
 0.80558812
 0.81083085
 0.80762465
 0.80960042
  0.8050381
 0.80371554
 0.80666416
 0.80505719
 0.80525582
 0.81171205
 0.80370659
 0.80186862
 0.78128363
 0.77674354
 0.78156385
 0.78892943
 0.78404232
 0.79104545
 0.78580257
 0.78988617
 0.79124859
 0.78880515
 0.78965986
  0.7940377
 0.79011639
 0.79205633
 0.79191327
 0.79871683
 0.79879346
  0.7914355
 0.79409688
 0.79819407
  0.7913251
  0.7954701
 0.78706299
 0.79563133
 0.78660266
 0.79460445
 0.78568062
  0.7855352
 0.79088495
  0.7834563
 0.78144528
 0.77894761
 0.77729068
 0.77130263
 0.77494044
 0.77694317
 0.78045384
 0.78486442
 0.78682244
 0.78556701
 0.78402515
 0.78329298
 0.78941788
 0.78371442
 0.78790312
 0.78489964
 0.79102925
 0.78601013
 0.78921487
 0.78978965
 0.78833381
 0.79074943
  0.7902874
 0.79111571
 0.78275309
 0.77946772
 0.78456289
 0.77451521
 0.77005077
  0.7747118
 0.77933519
 0.77761026
 0.77975571
 0.78040935
 0.78070572
 0.77587805
 0.77741694
 0.77891572
 0.78023062
 0.78089455
  0.7806023
 0.78095722
 0.77870703
 0.77659921
 0.77233741
 0.77934636
 0.77609195
 0.77967192
 0.78290913
  0.7805312
 0.78382889
 0.79033451
 0.78991555
 0.78907716
 0.79242753
 0.78312085
 0.79126563
 0.79396353
 0.79162151
 0.78611815
 0.78356727
 0.77825613
 0.77396143
 0.77217173
  0.7779507
 0.77512607
 0.78309173
 0.78236979
 0.78174663
 0.78305583
 0.78231324
 0.77729993
 0.78210769
 0.78356229
 0.78303028
 0.77843671
 0.77919636
 0.78276866
 0.78599363
 0.78784386
 0.79488835
 0.79781056
 0.79461539
 0.79953597
 0.79569078
 0.79974544
 0.79619215
 0.79785504
 0.79514681
 0.79870936
 0.80192203
 0.79991815
 0.79692412
  0.7999924
 0.80095605
 0.79776785
  0.7993575
 0.79336071
 0.79500311
 0.79659465
 0.79193205
 0.79101802
 0.79440963
 0.79708476
 0.79635772
 0.79562608
  0.7954564
 0.80067169
 0.80163465
 0.79750985
 0.79721454
 0.80761036
 0.80364676
 0.80503202
 0.80594422
 0.80032552
 0.80066007
 0.80343417
 0.80204498
 0.79588589
  0.7994307
 0.79470744
  0.7902879
 0.79241554
 0.79448268
 0.78513285
 0.79006546
   0.785615
   0.783754
 0.78246555
 0.77860279
  0.7767221
 0.78183588
 0.78587909
 0.78857851
 0.79018964
 0.79488084
 0.79456146
  0.7890847
 0.78429693
  0.7938324
 0.79392277
 0.79139502
 0.77727336
 0.78914901
 0.79041527
 0.80156889
 0.80027739
 0.80480406
 0.80444437
 0.80284392
 0.80017346
 0.80672572
 0.80759324
 0.80234895
 0.79313162
 0.80855352
 0.81275976
 0.81219546
 0.82311029
 0.81319251
 0.82234137
 0.82231649
 0.82415366
 0.81996458
 0.81619917
 0.81982245
 0.81802584
 0.81471536
 0.81614056
 0.80374939
 0.80239119
 0.80011538
 0.81039863
 0.80790051
 0.80257838
 0.80039842
 0.80926653
 0.79993043
 0.79325638
 0.79439344
 0.80407918
 0.80535153
  0.8196293
 0.81341671
 0.81725683
 0.81403901
 0.81695821
 0.81300662
 0.81813714
 0.81526758
 0.82242422
 0.82119097
 0.82689431
 0.83422565
 0.82842498
 0.82949624
 0.82315395
 0.82272217
 0.81470916
 0.82032158
 0.82058431
 0.82353434
 0.82529762
 0.82350095
 0.81954308
 0.81415071
 0.81126349
 0.80888032
 0.80910123
 0.81018885
 0.81118274
 0.81151405
 0.81913721
 0.81400981
 0.81884746
 0.81824317
 0.81643169
 0.82139934
 0.82166135
 0.81639001
 0.81335878
  0.8169226
  0.8096024
 0.80895735
 0.81087509
 0.80883657
 0.80377586
 0.80101518
 0.80312277
 0.79763111
 0.79660703
  0.7952668
 0.78890673
 0.79462886
 0.78981599
 0.78446992
 0.78487607
 0.78951431
 0.78512903
 0.77545532
  0.7853436
  0.7874898
 0.79082205
 0.79207072
 0.79336998
  0.7937831
 0.80240811
 0.79812894
 0.79767264
 0.79649224
 0.79886527
 0.79669244
 0.79981131
 0.80239354
 0.80391368
 0.80119282
 0.80193784
 0.79718499
 0.79436457
 0.79737862
 0.80563397
 0.80079266
 0.79809205
 0.79469321
 0.79638838
 0.79493057
 0.79329994
 0.79033083
 0.78841471
 0.78903993
 0.80045417
 0.80215817
  0.8031635
 0.80299575
 0.80900363
 0.81697125
 0.80056899
 0.79906401
 0.79125501
 0.79997044
 0.79449304
 0.79831878
 0.80981535
 0.80663747
 0.80829732
 0.80621729
 0.80818851
 0.80068944
 0.80395323
 0.80937296
 0.80474923
 0.80038317
 0.80103259
 0.79872657
 0.79858036
 0.79924373
 0.80662219
 0.80645025
 0.80965306
 0.81121317
 0.80840647
 0.80144266
 0.81587976
 0.80835214
 0.81317209
 0.81377494
 0.81345095
 0.80773485
 0.79924647
 0.81029942
 0.80682193
  0.8043143
  0.7930936
 0.80148253
 0.80979995
 0.80790299
 0.81148309
 0.81191843
 0.80870036
 0.81187115
 0.81510959
 0.80518475
 0.81302399
 0.80838669
 0.80842529
 0.81335562
 0.80747744
 0.80663736
 0.81139256
 0.80862474
   0.820961
 0.82090548
 0.82283982
 0.81656646
 0.82407607
  0.8258834
 0.82609917
 0.82767786
 0.81941276
 0.82019657
 0.82142302
 0.82101216
 0.81778664
 0.81668191
 0.81828869
 0.82530298
 0.82198185
 0.82598643
 0.82286151
 0.81966811
 0.82470033
 0.81839369
 0.82527057
 0.82020432
 0.82430844
 0.82408697
 0.82980298
  0.8273554
 0.83243461
 0.82578254
 0.82749502
 0.82428615
 0.83476356
 0.82304085
 0.82758076
 0.81995666
 0.81909237
  0.8361607
 0.83000173
 0.83609001
 0.83575984
 0.83327052
 0.84292898
 0.81974339
 0.82175333
 0.82336251
 0.82308388
 0.82945701
 0.82796813
  0.8288775
 0.81873273
 0.82084529
 0.81081188
 0.81773426
 0.82284161
 0.82447241
 0.82052844
 0.81602275
 0.81802924
 0.82150917
 0.81641549
 0.82231165
 0.81811243
  0.8272557
 0.81966611
 0.82140935
 0.81688116
  0.8118194
 0.81322147
 0.80789123
 0.81409166
 0.82184184
 0.82348942
 0.82948304
 0.83047936
 0.83106365
 0.82433707
 0.81781919
 0.82289088
 0.82579636
 0.81718717
 0.81351161
 0.82287643
 0.82391448
 0.82238045
 0.81505318
 0.81370401
 0.81870364
 0.82161135
 0.81906701
 0.82058369
 0.82128685
 0.81762699
 0.81463134
 0.82575371
 0.81554181
   0.823963
 0.82049803
 0.82480831
 0.82079524
 0.82322564
 0.82473631
 0.81121862
  0.8118862
 0.81763721
 0.81370389
 0.81260678
  0.8215385
 0.83053973
 0.83060437
  0.8373787
 0.84382267
 0.84710661
 0.84760672
 0.84679801
 0.85517029
 0.85110775
 0.85460631
 0.84720423
 0.84707665
 0.83995842
 0.82973043
 0.82077534
 0.83383651
  0.8349477
 0.83461187
 0.83721103
  0.8399022
 0.84502609
 0.84490768
 0.85142574
 0.84847082
 0.85309288
 0.85579911
 0.86217117
 0.85967757
 0.85527064
 0.84498945
 0.84799494
 0.83875528
 0.84927433
 0.85040986
 0.85637481
 0.84518501
 0.85447304
  0.8423981
 0.84324336
 0.83677638
 0.85180914
  0.8420357
 0.84479691
 0.84463491
 0.83481227
 0.82983212
 0.83704669
 0.84828484
 0.84979727
 0.85381524
 0.84886623
 0.85262641
  0.8527589
 0.85885806
  0.8557572
 0.86545279
 0.85602253
 0.85780494
  0.8565432
 0.85325406
 0.86065438
 0.85528425
 0.85543999
 0.86396823
 0.86116605
  0.8574813
 0.84872908
 0.84533394
 0.84103609
 0.84377699
 0.84192225
 0.83824843
 0.83175219
 0.83301936
 0.84326626
 0.82651564
 0.83319092
 0.82958826
 0.82737973
 0.83087094
 0.83320284
  0.8241053
 0.83467341
 0.83613684
 0.83725326
 0.83636473
 0.84316982
 0.84654568
 0.84585251
  0.8522174
 0.84625482
 0.83642567
 0.84637205
 0.84581708
 0.84435397
 0.85032151
 0.84666489
 0.84401871
 0.84819374
 0.83565815
 0.83728414
 0.84128678
 0.84320673
  0.8383097
 0.85093212
 0.84494533
 0.84992678
 0.85262941
 0.85331102
  0.8527559
 0.85537427
 0.85977683
 0.86009469
 0.85385346
 0.85638941
 0.84995697
 0.84669036
 0.85034039
 0.83879738
 0.84344792
 0.84077018
 0.84988624
 0.84749867
 0.84425505
 0.84590706
 0.84836498
 0.84760791
 0.84594497
 0.85030289
 0.84964193
 0.84421139
 0.84359451
 0.84050269
   0.843065
 0.84990901
 0.85347385
 0.84486972
 0.84427661
 0.85526527
 0.84996519
 0.84595275
 0.84990182
 0.84024305
 0.84392219
 0.85361271
 0.85324933
 0.85106879
 0.84176802
 0.83556409
 0.84026532
 0.84236031
 0.84413837
 0.84938678
 0.83725514
 0.83459077
 0.82877059
 0.82708939
 0.83636828
  0.8357193
 0.84022601
 0.85293452
 0.84912009
  0.8454857
 0.84383105
 0.85056711
  0.8446273
 0.84244242
 0.84051877
 0.84302901
 0.84213273
 0.83901507
 0.83758596
 0.82739565
 0.82765497
 0.83147254
 0.84648344
  0.8493537
 0.86001292
 0.85948479
 0.85974891
  0.8657606
 0.86277501
 0.85990258
  0.8661325
 0.85686724
 0.85880506
 0.86494284
 0.86288216
 0.85951586
 0.86454747
 0.86661796
 0.86653592
 0.86576444
 0.86372788
 0.86462886
  0.8625254
 0.85672786
 0.85883277
 0.86313141
 0.85361133
 0.84842222
 0.84360173
 0.84589636
 0.84718672
 0.85266393
 0.84780302
 0.84728426
 0.84472658
 0.83778181
 0.83660231
 0.83511506
 0.84519936
  0.8409812
 0.84244401
 0.84170945
 0.83682473
 0.84557693
 0.85115631
 0.85361006
 0.85086607
 0.85418808
 0.85965031
 0.86101033
 0.86545545
  0.8601287
 0.85970137
   0.856546
 0.85637875
 0.86222072
 0.86198282
 0.86166813
 0.85864916
 0.85657692
 0.86090057
 0.85377965
  0.8467373
 0.85635136
 0.84841614
 0.84304535
 0.84254289
 0.84978181
 0.84560115
 0.84691249
 0.85401722
 0.85433236
 0.85096939
  0.8516843
 0.85761839
 0.84992579
 0.85156196
 0.84462694
 0.84863549
 0.84837303
  0.8427525
 0.85072933
 0.85135003
 0.85530045
 0.85583896
 0.85353041
 0.84853143
 0.85313351
 0.85170246
  0.8545689
 0.85044189
 0.84420645
 0.84512999
 0.84399079
  0.8374072
 0.83536494
 0.82987791
 0.82470832
 0.82426411
 0.82679558
 0.82313386
 0.83015294
 0.82477506
  0.8170503
 0.81504587
 0.80969418
 0.80850448
 0.81005127
  0.8061556
 0.80692537
 0.80917251
 0.80885281
 0.80416775
 0.80187031
 0.79897933
 0.79624369
 0.79582848
 0.80550461
 0.81212443
 0.81013222
 0.81309307
  0.8166482
 0.81454957
 0.82497898
 0.82722618
 0.82337949
 0.82431633
 0.82193277
 0.82242346
 0.81710834
 0.82334331
 0.82080541
 0.82124224
 0.81475713
 0.81959093
 0.81827721
 0.82169427
 0.82396443
 0.83550978
 0.83756671
 0.84005345
 0.83924826
 0.83696007
 0.84516033
 0.84189519
 0.83789955
 0.83369861
 0.82986033
 0.82738015
 0.82935695
 0.82934426
 0.82955347
 0.83137911
  0.8331435
 0.83427789
  0.8279648
   0.827637
 0.83355962
 0.83647511
 0.83696406
 0.83819379
 0.83410532
 0.82850178
 0.83430638
 0.83272827
 0.83137749
 0.83239686
 0.83374861
 0.82845404
 0.82938085
 0.82798582
 0.82871184
 0.83202823
 0.83252119
 0.83243718
 0.83288411
  0.8338778
 0.83369484
 0.84875599
 0.84577155
  0.8494197
 0.85144749
 0.84959713
 0.84399318
   0.847716
 0.84532275
 0.84479681
 0.83273955
 0.83135381
 0.84296834
 0.84779266
 0.84925566
 0.84135428
 0.84433834
  0.8464526
 0.85546573
 0.85084133
 0.83743057
 0.84549893
 0.84556641
 0.84471716
 0.85919778
 0.85289001
  0.8503717
  0.8488708
 0.85010872
 0.84949222
 0.85056324
 0.84341414
 0.84429596
 0.84351058
 0.83995262
 0.83959742
 0.83700002
 0.83669463
 0.83995062
 0.83499063
 0.83867672
 0.83293622
 0.82748822
 0.82528593
 0.82200775
 0.82544509
 0.81352274
 0.81478738
 0.81258841
 0.82182824
 0.82893638
 0.83382208
 0.83427387
 0.83994767
 0.83300348
 0.83724593
 0.83120266
 0.83389798
 0.83184303
 0.82863662
 0.83785911
 0.83893149
 0.83524083
  0.8349436
  0.8289711
 0.83018769
 0.83824524
 0.84067354
 0.83230218
 0.83120051
 0.84159568
 0.84031542
 0.83837649
 0.83501739
  0.8296005
 0.82782967
 0.82036263
 0.81630356
 0.81474412
 0.80100084
 0.80823489
 0.79762743
 0.80787539
 0.80468172
 0.79955187
 0.79848026
 0.80793443
 0.80725578
 0.80844357
  0.8097665
 0.80779429
 0.81226209
 0.81468196
 0.81229665
 0.82192439
 0.81689015
 0.81805244
 0.81635841
 0.81437473
 0.81416822
 0.81801236
 0.81794903
 0.81170247
 0.81644925
  0.8225443
 0.82133204
 0.82339902
 0.82353871
 0.82698412
 0.82923246
  0.8298639
 0.82366124
 0.82929238
 0.82603975
   0.817771
 0.82221228
 0.81866612
 0.82077714
 0.82051623
 0.81696879
 0.81443125
 0.81339943
 0.82168684
 0.81607769
 0.81276629
  0.8179265
 0.81308042
 0.81129654
 0.80896126
 0.81301295
 0.81324323
 0.81056812
 0.81355934
 0.81760135
 0.82075578
 0.82104748
 0.81666198
 0.82375863
 0.82268774
 0.81981085
 0.81944035
 0.81544456
 0.81370602
 0.81665211
 0.81497314
 0.81451917
 0.81407012
 0.81316215
 0.81369493
 0.81364502
 0.81741259
 0.81556222
 0.81520366
 0.81618616
 0.81339782
  0.8132266
 0.81846463
 0.82129646
 0.81694684
 0.82084293
 0.82094109
 0.81787577
 0.81827162
 0.81537987
  0.8136519
 0.80976175
  0.8145047
 0.81611301
 0.81522503
 0.81707987
 0.81385131
  0.8103612
 0.80490621
 0.80876997
 0.80440364
 0.80265987
 0.80061087
 0.80861071
 0.80780263
 0.81159456
 0.80533646
 0.80734398
 0.80572785
 0.80731814
 0.80341602
 0.79899321
 0.80051339
 0.80426873
 0.80286903
 0.80748845
 0.80251484
 0.80279006
 0.80316602
  0.8054272
 0.79669476
 0.80070008
 0.80143494
 0.79852382
 0.80075457
 0.80146206
 0.80187514
 0.80194143
 0.79685248
 0.80466886
 0.80744156
 0.81447972
 0.80960511
 0.80945859
 0.80979985
  0.8126913
  0.8143198
 0.80704418
 0.80163968
 0.79768374
 0.80210731
 0.80307731
 0.81135976
 0.81152816
   0.813002
 0.81456929
 0.81232746
 0.81067245
  0.8046317
 0.80435614
 0.81588333
 0.82169929
 0.81335673
 0.80900262
 0.80904274
 0.81053507
 0.80353943
 0.79502546
 0.79463664
 0.79238144
 0.78986089
 0.78566044
 0.79410995
 0.79596721
 0.79486627
 0.79309158
 0.78417902
 0.78795264
 0.78553937
 0.78964911
 0.79218517
 0.79714478
 0.79657481
 0.79239395
 0.79327621
 0.79709067
 0.80265718
 0.80256607
 0.80832283
 0.80687379
  0.8027237
 0.79932752
 0.80513666
 0.80222332
 0.81408184
 0.81030117
 0.81084084
 0.81573807
 0.81835351
 0.81270767
   0.818802
  0.8083276
  0.8136492
 0.81584301
 0.81108169
 0.81820186
 0.81406913
 0.81252607
 0.81290899
 0.81346931
 0.81350955
  0.8092693
 0.82532877
 0.82262574
 0.82259191
 0.83010209
   0.829307
 0.82651783
 0.82535772
 0.82108746
 0.81699448
 0.81414065
 0.81821471
  0.8167536
 0.81146766
  0.8189061
 0.81675515
 0.81592968
 0.81346578
 0.80437589
 0.81248346
 0.81255473
  0.8139737
 0.81316386
 0.81615092
 0.81581858
 0.80978104
 0.80702398
 0.81104527
 0.81246506
 0.81425189
 0.81723239
 0.82232035
 0.82582647
  0.8251009
 0.82554562
  0.8252402
 0.81895884
 0.81690674
 0.81297942
 0.81721825
 0.81716725
 0.81329184
 0.82356095
 0.81801799
 0.81649637
 0.81470245
 0.81819996
 0.81841262
 0.82217979
 0.82322137
 0.82251228
 0.81809182
 0.81938615
 0.82098028
 0.82163025
 0.81027323
 0.81755201
 0.81690617
 0.81327889
 0.80539764
 0.80964929
 0.81109631
 0.80577648
 0.80162277
 0.79994105
 0.79322855
 0.79624037
 0.79757673
 0.80006965
 0.79884632
 0.80270459
 0.80294144
 0.80574805
 0.80381767
 0.80684349
 0.80464935
 0.81060892
 0.80247909
 0.80168084
 0.79874793
 0.79984634
 0.79976758
 0.79932805
 0.80186046
 0.79943791
 0.80349984
 0.80187914
 0.80161173
 0.80485232
  0.7997492
 0.79767837
 0.78669481
  0.7933847
 0.79116432
 0.79357839
 0.79204727
 0.77971721
 0.77906851
 0.77185535
 0.77854762
 0.77726059
 0.77567367
 0.77101438
  0.7691936
 0.77549324
 0.77184835
 0.77104993
 0.76569785
 0.76580647
  0.7677668
 0.77476731
 0.77591086
 0.77685965
 0.76809961
 0.77075037
 0.77235026
 0.77608531
 0.77799053
 0.77941527
 0.77648512
 0.77692004
 0.77696181
 0.78238392
 0.77894693
 0.77590703
 0.77496348
 0.77402657
 0.77057106
 0.77677577
 0.77485464
 0.76452775
 0.77493862
 0.77114385
  0.7709875
 0.76829319
  0.7719669
 0.76018532
 0.76731118
 0.77182329
 0.77186704
 0.77024307
 0.76660652
 0.76486035
 0.76435915
 0.77122632
 0.77476943
 0.77364695
 0.77428327
 0.77576465
  0.7772938
 0.77892656
 0.78015269
  0.7821343
 0.78431533
 0.78158536
 0.78173564
 0.77959716
 0.78569049
 0.78907113
 0.78655525
 0.78638296
 0.78864036
 0.78949599
 0.78814076
 0.79532979
 0.79288108
   0.796023
 0.78959711
 0.79096378
 0.78932055
 0.78841817
 0.79371927
 0.79340853
 0.78915335
 0.78616506
 0.79425904
 0.79108966
 0.79101425
 0.79565916
  0.7962652
 0.79464586
 0.79622601
 0.79616965
 0.79290391
 0.79202015
 0.79456294
 0.79195801
 0.79142153
 0.79078406
 0.79517321
 0.79463863
 0.79318179
 0.79147439
 0.79108075
 0.78967844
  0.7826359
 0.78205897
    0.78806
 0.78357252
 0.79277318
 0.78186172
 0.77862823
 0.77876899
 0.78701295
  0.7808922
 0.78313321
 0.77970107
 0.78195873
 0.77976405
 0.78110925
 0.77376969
 0.77759563
 0.77917362
 0.77994982
 0.77827893
 0.77846511
 0.78798117
 0.78671583
 0.78200391
 0.77666538
 0.78196159
 0.77980078
 0.78480275
 0.77688013
 0.77195892
 0.76920291
 0.77454938
 0.77625206
 0.77508241
 0.77713692
 0.77351228
 0.77389361
 0.77049729
 0.77809911
 0.77683855
 0.77486738
 0.77408244
 0.77841453
 0.77701613
 0.77366954
 0.77392318
 0.77846353
 0.77465834
 0.77524238
 0.77515393
 0.77502355
 0.77340296
 0.77485685
 0.77096447
 0.76434452
 0.75693134
 0.75573555
 0.76203404
 0.77258583
 0.76845552
 0.77072044
 0.77216648
 0.77568653
 0.76718102
 0.76476114
 0.75780871
 0.75949261
 0.75379848
 0.75494837
 0.75765457
 0.74720724
 0.75101704
 0.75755498
 0.75971897
 0.76229088
 0.76431237
 0.75103153
 0.75155626
 0.74734646
 0.75327576
 0.75948826
 0.76734575
 0.76835769
 0.76897912
 0.77445957
 0.77503545
 0.77837648
 0.77821618
 0.77375908
 0.77732405
 0.77701013
 0.77533749
 0.76688538
 0.76017976
 0.76469455
 0.76013947
  0.7616529
 0.76111831
 0.76928605
 0.76730644
 0.77903339
 0.77555139
 0.77450915
 0.77049163
  0.7716682
 0.77390966
 0.78163368
 0.77139773
  0.7722625
 0.76354802
 0.76986349
 0.76152747
 0.76157995
 0.76351971
 0.76952634
 0.76536008
 0.77446603
  0.7738373
 0.77675687
 0.78240741
 0.77786358
 0.77939231
 0.77829891
 0.77568167
 0.77656089
 0.77817648
 0.77411865
 0.77227772
 0.76496555
 0.76683329
 0.76807293
 0.76860993
 0.77098682
 0.76925805
 0.76844792
   0.771117
 0.77489025
 0.77362949
 0.76751743
 0.77229392
 0.77093126
 0.76923221
 0.77193794
 0.76903143
 0.77029622
 0.76594575
 0.76714818
 0.76094094
 0.75370717
 0.75719377
 0.76463928
 0.76728407
 0.77545483
 0.77481657
 0.77959123
 0.77667657
 0.77513152
 0.77064172
 0.77190504
 0.77078276
   0.772263
 0.76367084
 0.76848731
 0.76395808
 0.75646801
 0.75171654
  0.7543841
 0.75000138
 0.75744156
 0.75947604
 0.76709565
 0.76456591
 0.76065398
 0.75040247
 0.74600601
 0.74625268
 0.75853509
 0.75553126
 0.74974729
 0.73757605
  0.7536906
 0.74769352
 0.76265912
 0.75339758
 0.76512426
 0.76485734
 0.76268031
 0.76190336
 0.76328655
 0.76067494
 0.76449879
 0.75655268
 0.75556969
 0.75290644
  0.7493472
 0.74924914
  0.7389458
 0.74584212
 0.74976006
 0.75658302
 0.76101693
 0.76584359
  0.7657917
 0.76152847
 0.76485339
 0.76234811
 0.75806166
 0.75213192
 0.74489872
 0.74624468
 0.75110145
 0.74559501
 0.74654097
 0.74924442
 0.75781041
 0.75428321
 0.76030186
 0.75688472
 0.75421235
 0.75666067
 0.75100157
 0.76284314
 0.75831861
 0.76847068
 0.75885302
 0.76475147
 0.76292213
 0.75944071
 0.75861462
 0.76082475
 0.75511902
 0.76274484
 0.76252581
  0.7623937
 0.76794566
 0.76967817
 0.77410059
  0.7847321
 0.77943569
 0.77556471
 0.77923292
 0.77606934
 0.78625107
 0.78383407
 0.78065935
 0.78112123
 0.78773226
 0.78816689
 0.78637562
 0.78483292
 0.78190534
 0.78709183
 0.78943248
 0.79322435
 0.79081007
 0.80039324
 0.79311373
 0.80257384
 0.79887666
 0.80163993
 0.80000742
 0.80263474
 0.79208179
 0.79444455
 0.78572447
 0.79413806
 0.79429157
 0.79911179
 0.79118399
 0.79334377
 0.79426169
 0.78771602
 0.78500002
 0.78438471
 0.78454983
 0.78746141
 0.78252473
 0.79144265
 0.78976042
 0.78775886
 0.78973072
 0.78606234
 0.78147387
  0.7794346
 0.77166125
 0.78047203
 0.78164599
 0.78579144
  0.7833469
 0.78143497
 0.77622137
 0.78079576
 0.78026141
 0.78388982
 0.78729632
 0.78986256
 0.78613181
 0.78389768
 0.77922105
 0.78350637
 0.78381346
  0.7881759
 0.78835496
 0.78801347
  0.7885023
 0.78441106
 0.77418958
  0.7657501
 0.77160742
 0.76532049
  0.7696758
  0.7667238
 0.76924717
 0.76879902
 0.75944652
 0.75678414
 0.75466659
 0.75712701
 0.75556168
 0.75626386
 0.75167949
 0.75133289
 0.75901115
 0.76841836
 0.76609219
  0.7665295
 0.76604347
 0.76914395
 0.76217542
 0.76435669
 0.75964167
 0.76689507
 0.77399912
 0.76945659
 0.76530251
 0.75777917
 0.76053087
 0.76563468
 0.76243718
 0.75538701
 0.74520138
 0.74196522
 0.74395294
 0.75466575
 0.75226755
 0.73519554
 0.74659049
 0.75087831
 0.76287212
 0.76549483
 0.76149978
 0.77010165
  0.7645248
  0.7634897
 0.76267687
 0.76146226
 0.76753537
 0.76815219
 0.76681931
  0.7593445
 0.75435056
 0.76271401
 0.75920372
 0.76319113
 0.76283322
 0.75499511
 0.75580053
 0.75098376
 0.74763899
 0.75363397
 0.75369665
 0.75085752
  0.7484814
 0.74856263
  0.7512921
 0.75532591
 0.75085079
 0.75521163
 0.75609262
  0.7560043
 0.75990268
 0.76940719
 0.76216549
 0.76845429
 0.76983505
 0.77241182
  0.7682226
 0.76503927
 0.76086039
 0.75916012
 0.76441168
 0.76389366
 0.76336092
 0.75605336
 0.74937828
 0.75201087
 0.75789584
 0.75681153
 0.76182376
 0.75876239
 0.76636409
 0.76489784
 0.76614353
 0.76102849
 0.76299248
 0.76601643
 0.76813732
 0.77004674
 0.76856122
 0.77113933
 0.77057308
 0.77124621
 0.76884969
   0.770959
  0.7646659
 0.77209926
 0.76862804
 0.76683463
 0.76925147
  0.7726352
 0.77633609
 0.77736681
 0.77978758
 0.78013978
 0.77577056
 0.77798459
 0.77559793
 0.78009315
  0.7763197
 0.75895514
 0.76077699
 0.74264349
 0.75987023
 0.76559213
 0.76763415
 0.77095469
 0.77350738
 0.76663809
 0.76636972
 0.76553507
 0.76603411
 0.76107811
 0.76523113
  0.7775711
 0.77810747
 0.77854324
 0.78848229
 0.78977747
 0.79039084
 0.79274752
 0.80531899
 0.79624843
  0.8070457
 0.79426565
  0.7958878
  0.7995988
 0.79542183
 0.79626274
 0.79504612
 0.79794025
 0.78802336
 0.78819772
 0.78811736
  0.7966092
 0.79279788
 0.79560017
 0.80155748
 0.80120429
 0.79646948
 0.80620398
 0.80241039
   0.810853
 0.80822634
 0.80905481
 0.81491007
  0.8141186
 0.81136012
 0.81495033
 0.81038112
 0.80752726
 0.80699287
 0.80246628
  0.7997235
 0.80590527
 0.81302439
 0.81622481
 0.80925316
 0.80517816
 0.81495708
 0.81246778
 0.82792908
 0.82846878
 0.83087405
 0.82461548
 0.81800187
 0.82406362
 0.82061156
 0.82890651
 0.82537583
    0.82393
 0.82345678
  0.8270725
 0.82625534
 0.82246101
 0.81831906
 0.81568243
  0.8191968
 0.80659055
  0.8093599
 0.80839557
 0.81263949
 0.80580497
 0.80624684
 0.81045862
 0.80815558
 0.81105223
 0.80597718
 0.81083627
 0.81188157
 0.81555705
 0.80715355
 0.80899455
 0.81010265
 0.80914221
 0.81381549
 0.81337476
 0.81481786
 0.81290993
 0.81575228
 0.81691569
 0.81434895
 0.81399092
 0.81276057
 0.81423259
 0.81243892
 0.80837006
 0.80253405
  0.7985012
 0.79341143
   0.795171
 0.79549461
 0.79890234
 0.79373438
 0.80222118
 0.80525915
 0.80050045
  0.7982113
 0.79803186
 0.79884293
 0.79968155
 0.79582235
 0.79280843
 0.79912069
 0.80193441
 0.80346269
 0.79644913
 0.78997915
 0.79400246
 0.81085264
 0.81864765
 0.80968905
 0.80698402
 0.80322938
 0.79881913
 0.79407382
 0.80031459
 0.79445146
 0.78497581
 0.79544784
  0.7976053
 0.79818024
 0.79174656
 0.78593206
 0.78269343
 0.78790368
 0.78697463
  0.7886479
 0.78163808
 0.78733624
  0.7837178
 0.78036547
 0.78712275
 0.78700688
 0.79035252
 0.78727714
 0.79017024
 0.78782903
 0.78618583
 0.77359635
 0.78274335
 0.78542787
 0.78060284
 0.78282949
 0.77804247
 0.78258714
 0.78167313
  0.7865902
 0.78337455
 0.78128743
 0.78010598
 0.78373597
 0.77890708
  0.7778298
 0.78371903
 0.78044581
  0.7836322
 0.78165268
 0.77758248
  0.7693011
 0.77105585
 0.77332257
  0.7738749
 0.76012676
 0.76624475
 0.75937652
 0.76425961
 0.76286459
 0.76196845
 0.75756716
 0.75512991
 0.75770623
 0.75947831
  0.7631467
 0.76606307
 0.77325258
 0.77319542
 0.77188199
 0.77409215
 0.77908154
 0.77811469
  0.7742559
 0.76935561
  0.7704143
 0.76857606
 0.76717021
 0.76805309
  0.7611617
 0.75826097
 0.75979894
  0.7593698
 0.75732123
 0.75004107
 0.75031208
 0.74533514
 0.74524344
 0.74514097
 0.74250076
 0.74251223
 0.74366167
 0.74006166
 0.74171141
 0.73934946
 0.73665659
 0.73483892
 0.73411699
 0.73093576
 0.73004835
 0.72739383
  0.7301613
 0.73275762
  0.7244847
 0.72068603
 0.72413415
 0.73209407
 0.72351223
  0.7195833
 0.72029884
 0.72697167
 0.73078788
 0.72056631
 0.72772292
 0.72708096
 0.72420363
  0.7209304
 0.73482124
 0.73570353
 0.72693547
 0.73600357
 0.71826368
 0.72291696
 0.72283554
 0.72251196
 0.71790055
 0.72245265
 0.73617868
 0.73512516
 0.74029665
 0.74050929
 0.74195007
 0.74664252
 0.74266818
 0.74721772
  0.7463129
 0.74781173
 0.75141322
 0.75198662
 0.75596025
 0.75818276
 0.75204707
 0.75216682
 0.75383282
  0.7524094
 0.74997107
 0.74367829
 0.75353237
 0.74595706
 0.74266504
 0.74701313
 0.74566745
 0.74801176
 0.75435161
 0.75221889
 0.74726005
  0.7460781
 0.74207851
 0.74341302
 0.74927957
 0.74890158
 0.75185172
 0.75122369
 0.74748542
   0.753885
  0.7509422
 0.74542351
 0.74176579
 0.74630933
 0.74931287
 0.74368513
 0.74540602
 0.75308651
  0.7531124
 0.74581689
 0.75171251
  0.7465817
 0.75378344
 0.75766126
 0.75730368
 0.75714469
 0.74773272
 0.74398484
 0.75077709
 0.75898693
 0.75360674
 0.74676188
 0.74401812
 0.75963064
 0.75303252
 0.76270614
  0.7678145
 0.76988808
 0.75899107
  0.7552989
 0.75719785
 0.74947735
 0.75382811
 0.76223527
 0.76341122
 0.75929104
  0.7731745
 0.77260835
  0.7695599
 0.76791779
 0.76587606
 0.76389847
 0.76429911
 0.76729408
   0.770511
 0.78057213
 0.77705471
 0.77202004
 0.76851654
 0.76173247
 0.76251981
 0.76660654
 0.76228292
 0.76626091
 0.77776233
 0.76853879
   0.763455
 0.75565139
   0.754238
 0.75239935
 0.75460179
 0.75617872
 0.75373593
 0.75345306
 0.75159968
  0.7532048
 0.75927511
 0.76564974
 0.77144254
 0.77345049
 0.77290283
 0.78034584
 0.78106446
 0.78382854
 0.78725686
 0.78813032
 0.78674601
  0.7910944
 0.79172476
 0.79119258
  0.7880958
 0.78922224
 0.78853485
  0.7962924
 0.80229791
 0.80297612
 0.80028675
 0.80008405
  0.8029131
 0.79751074
 0.80054276
 0.80157126
 0.80375961
 0.80207778
 0.79998689
  0.7963046
 0.79240704
 0.78853988
 0.78937088
 0.79177943
  0.7882331
 0.78448781
 0.78358207
 0.77945363
 0.78048602
 0.78876062
 0.78729589
 0.79208539
 0.78472605
 0.78536707
 0.78584044
 0.78460494
 0.78206339
  0.7903052
 0.79225495
 0.79118602
 0.79761427
 0.79139756
 0.79700437
 0.78606863
 0.78050435
  0.7747043
 0.77917604
 0.78363427
 0.79011777
 0.78095411
 0.78907202
  0.7845571
 0.78838932
 0.77668508
 0.78964698
 0.78249061
 0.78267497
 0.77975542
 0.77792689
 0.78219586
 0.78367129
 0.77897244
 0.78680306
 0.78061298
 0.78678864
 0.78483442
 0.78755804
 0.77902292
 0.78408063
  0.7806721
 0.78400018
 0.77465753
 0.77798551
 0.76269918
 0.78337643
 0.78420546
 0.78806805
 0.79216309
 0.79274083
  0.7829322
 0.78744717
  0.7805663
 0.77441122
 0.77633588
 0.77283152
 0.76659441
 0.76860099
 0.77232877
  0.7701485
 0.77039725
 0.76681759
 0.75695781
 0.75612058
 0.75926694
  0.7541071
 0.75730414
 0.75531371
 0.76067893
 0.76945688
 0.77014153
 0.77171837
 0.78556047
 0.77362693
 0.78796107
 0.77292931
 0.78565449
 0.78539716
 0.79090561
 0.79171202
  0.7940399
  0.7918483
 0.80950736
 0.80628872
 0.80413609
  0.8132546
 0.79909354
 0.81348078
 0.80496288
 0.80246588
  0.8042104
 0.80477444
  0.8010118
 0.80908856
 0.80305305
 0.80323916
 0.80562518
 0.80564677
 0.79668327
 0.79844696
 0.79523623
 0.79134899
 0.78707757
 0.78871413
 0.79668188
 0.78931104
 0.79555573
 0.78478366
 0.78615645
 0.76837657
 0.77750365
 0.77222315
  0.7766063
 0.77190559
 0.78255403
 0.77480626
 0.78090773
 0.78070377
 0.78862861
 0.78726601
 0.78413266
 0.78247413
 0.77387074
  0.7834105
 0.78411358
 0.78498161
 0.78251975
 0.79017178
   0.788808
 0.78144726
  0.7867487
 0.77224827
 0.77558857
 0.76980875
 0.76692856
 0.77779254
 0.76711469
 0.77788987
 0.76832103
 0.77505358
 0.76867966
 0.77252819
 0.78117253
 0.77934662
 0.78267747
 0.78579748
 0.77761124
 0.78413196
 0.79114983
 0.79773366
 0.79635747
 0.79388849
 0.79878773
 0.79875823
 0.80824121
 0.80261332
 0.80249959
 0.80683081
 0.80902679
 0.80610866
 0.81461876
 0.81303783
 0.81535796
 0.81122428
 0.81260435
 0.81027923
 0.80868167
 0.81100427
 0.81080791
 0.81411623
  0.8103884
 0.80896674
 0.80819624
 0.81037207
 0.81361412
 0.81130144
 0.81559529
 0.81167085
 0.80839991
 0.80456705
 0.80157846
 0.80479297
 0.80322996
 0.80518092
 0.80827753
  0.8052942
 0.80577452
 0.80655665
  0.8076758
 0.80904401
 0.80399445
 0.80970096
 0.81026888
 0.80882201
 0.80639398
 0.80144339
 0.80499379
 0.80255167
 0.80394887
 0.80768273
 0.80521678
  0.8072946
 0.80614761
 0.80047379
 0.80030893
 0.79913942
 0.80093841
 0.80315551
 0.80177384
 0.80262278
 0.79515001
 0.80243139
 0.79653934
 0.80196667
 0.80528561
 0.80596473
 0.80536298
 0.80515016
 0.80322763
 0.80444015
 0.79960995
   0.803042
 0.80087386
 0.80088788
 0.79332362
 0.80156518
 0.79616445
 0.80090076
 0.79963954
 0.79387603
 0.79775145
 0.80167264
 0.79841859
 0.79887995
 0.79498405
 0.79726131
 0.79989624
  0.7989936
 0.79555447
 0.79380452
 0.79070905
 0.78639227
 0.78324334
 0.78568301
 0.79067885
 0.78531855
 0.78978139
 0.79248649
 0.78918151
  0.7919499
 0.79381145
  0.7900025
 0.79192787
  0.7867867
  0.7843296
 0.78719816
 0.78671436
 0.78721316
 0.78709855
 0.78897046
 0.79118057
  0.7912967
 0.78798561
 0.78570306
 0.78981832
 0.78687672
 0.78532636
 0.77831025
 0.78009777
 0.77848541
 0.77986649
 0.77962671
 0.77833863
 0.77605601
 0.77482933
 0.77594829
 0.76801926
 0.77396665
 0.77412193
 0.78260785
 0.77586795
  0.7807434
 0.77960614
 0.78913035
 0.79123083
 0.79487492
  0.8066406
 0.80687523
 0.80710973
 0.80770135
 0.80249752
 0.80754412
 0.80251293
 0.80611221
  0.7987918
 0.80040522
 0.80066823
  0.8037769
 0.79598845
 0.79818892
 0.80352015
 0.79996438
 0.80208853
 0.79453391
 0.79817606
 0.79842695
 0.79618798
 0.79209974
 0.79252655
 0.79018494
 0.78640139
 0.78997526
 0.79189384
 0.79382752
 0.78848012
 0.78524902
 0.78599676
 0.78866056
 0.79631116
 0.79272777
 0.80290223
 0.80165168
 0.80633449
 0.81402031
  0.8183377
 0.81734097
 0.81695291
 0.81223794
 0.81249323
 0.80751977
 0.80823118
 0.80390085
 0.80309207
 0.80514999
 0.80400365
 0.80381483
 0.79744633
 0.79983077
  0.7927756
 0.79534777
 0.79568538
 0.79316717
 0.79582119
 0.79538396
 0.79921617
 0.78906232
 0.79400392
  0.8007452
 0.79427751
 0.79830723
 0.80074719
 0.79528483
 0.79419875
 0.79474685
 0.79266316
 0.78804983
 0.78782912
 0.79158253
  0.7923854
 0.78356182
 0.78307839
  0.7842617
 0.78365508
 0.79059706
 0.79098596
 0.79105034
 0.79290493
 0.78736962
 0.78641875
 0.78380586
 0.78254265
 0.78680063
 0.79318987
 0.79537567
  0.8071542
 0.80616363
 0.80964765
 0.81934131
 0.81956518
 0.82371004
 0.82089634
 0.82485229
 0.81648779
 0.81465655
 0.81381995
 0.80899628
 0.81123192
  0.8155337
  0.8122198
 0.81494322
 0.81133727
 0.80580886
 0.80558349
 0.80287045
 0.80232823
 0.80627762
 0.80603537
 0.81320373
 0.80868747
 0.80828989
 0.81471532
 0.81595479
 0.82277089
 0.82486716
 0.82285698
 0.81708202
 0.81359635
 0.81134052
 0.81378835
 0.80903996
 0.80315716
 0.80947016
 0.81252728
 0.81626817
 0.81257606
 0.81598691
 0.81446756
 0.81964715
 0.81889552
 0.82293766
 0.81290929
  0.8206564
 0.82730882
  0.8223094
 0.82414028
 0.82609676
 0.82576496
 0.83166124
 0.82503288
 0.82957448
 0.82295532
 0.82659531
 0.83252478
 0.83136779
 0.82459122
 0.82203605
 0.82468461
 0.82261788
 0.82718163
 0.82243213
 0.82161784
 0.82071298
 0.81788919
 0.82176803
 0.81461385
  0.8253988
 0.82488692
  0.8249653
 0.82123828
 0.81801714
 0.82158493
 0.81577358
 0.81363286
 0.81922634
 0.82133287
 0.82722271
 0.83037604
 0.84264994
 0.84470289
 0.84296008
 0.84021405
 0.83489566
 0.83205622
 0.83389172
 0.83611415
 0.83765091
 0.84592847
 0.84092415
 0.83711317
 0.84162443
 0.82651258
 0.82683096
 0.83383818
 0.83871304
 0.83779467
 0.84199963
 0.84250482
 0.85090159
 0.85353853
 0.85190634
 0.85333473
 0.84976164
 0.84986589
  0.8523547
 0.85609238
 0.85591929
 0.84857309
 0.84823848
  0.8494406
 0.84332939
 0.84770148
 0.84883824
 0.85033653
 0.85102875
 0.84252065
 0.84628318
 0.84646503
 0.85144065
  0.8456162
 0.84375805
 0.84225448
 0.84834586
 0.85140397
 0.85172122
 0.85352398
 0.85745288
 0.84833463
 0.85073521
 0.85380721
 0.85699929
 0.86645799
 0.87346636
 0.87296858
 0.87354244
 0.87283856
 0.87292344
 0.87877782
 0.88299321
 0.88763013
 0.88469096
 0.88278221
 0.87817665
 0.87964009
  0.8783008
 0.87757903
 0.87697006
 0.88208139
  0.8782715
 0.87622394
  0.8732921
 0.86662469
 0.86770646
 0.86623504
 0.86499946
 0.87339524
 0.86697929
 0.86369392
 0.86505601
 0.86199107
 0.86039132
 0.85896165
 0.84881435
 0.85199364
 0.84882746
 0.84958173
 0.84597753
 0.84457091
 0.84913074
 0.84395249
 0.84308299
 0.84121061
 0.83775906
 0.84240464
 0.83972421
 0.83743866
 0.84157311
 0.84141168
 0.84379289
 0.84137215
 0.84000329
 0.84003038
 0.84046676
 0.84301467
 0.83837191
 0.84022728
 0.84216975
 0.84492596
 0.84358354
 0.83789793
 0.83480151
 0.83029388
   0.836708
  0.8300821
 0.83283587
 0.83202603
 0.82920577
 0.82688196
 0.81689649
 0.82377677
 0.81565041
 0.81660734
  0.8251342
 0.82056066
 0.81416348
  0.8219635
  0.8274619
 0.82619264
  0.8194214
 0.80712615
   0.806218
 0.80958525
 0.80337718
 0.81111715
  0.8153035
 0.81448762
 0.81695818
  0.8127851
 0.81801492
 0.81336283
 0.81425025
 0.80900103
 0.81066319
 0.81755307
   0.811824
 0.81970977
 0.82387442
 0.82648456
 0.82191195
 0.81333224
 0.81929995
 0.81965373
 0.81719226
 0.81712042
 0.81527611
 0.81963351
  0.8230269
 0.82948802
 0.82276391
 0.81400808
 0.81604143
  0.8242211
 0.82451861
  0.8235735
 0.82675786
 0.82849282
 0.82668972
 0.82341067
 0.82766587
  0.8311289
 0.82408041
 0.82981032
  0.8212775
 0.81972297
 0.82791797
  0.8234791
 0.82307281
 0.82523474
 0.82064677
 0.81722109
 0.82166239
 0.82715631
 0.83172956
  0.8339268
 0.83332039
 0.83495347
 0.83249941
 0.83321244
 0.83346486
 0.82902143
 0.82915615
 0.83372475
 0.83720943
 0.83931624
 0.83750021
 0.83946986
 0.83811684
 0.83494287
 0.83496879
 0.83476168
 0.83802146
 0.83435231
 0.83071365
 0.83217961
 0.83537055
 0.83336064
 0.83922819
 0.83983477
 0.84519289
 0.84678024
 0.85184361
 0.85501329
 0.85580276
 0.85466624
 0.85626138
 0.85177027
 0.85408816
 0.85730012
 0.86060663
 0.86425592
 0.86305593
 0.86225659
  0.8625067
 0.86436977
 0.86053055
 0.85802345
 0.85846697
 0.85328452
 0.84440366
 0.85439972
 0.85601954
 0.85390903
 0.84864405
 0.84532722
 0.84394597
 0.83774721
 0.84360293
 0.84728222
 0.85084204
 0.84575856
 0.84661199
 0.84834617
 0.85565549
 0.85817638
 0.86136946
 0.85379853
 0.85302291
 0.85403266
 0.85419144
 0.85201923
  0.8498827
  0.8540238
 0.84723692
 0.84919991
 0.84028638
 0.84895478
 0.85024313
 0.85566837
 0.85817142
 0.85516126
 0.85226788
 0.85179796
 0.85329461
 0.85242425
 0.85451082
 0.85853349
 0.85687389
 0.85035875
 0.85003631
 0.84652569
 0.84066937
 0.84329258
  0.8472678
 0.84339498
 0.83949905
 0.84328375
 0.84312382
 0.84531371
 0.85055149
 0.84605067
 0.84664962
 0.84520854
 0.84292916
 0.84084428
 0.83953731
 0.83495596
 0.84344012
 0.84386003
 0.84807339
 0.84535732
 0.84334784
  0.8461495
 0.84514381
 0.85043785
  0.8559342
  0.8542204
 0.85215457
 0.85412295
 0.85004107
 0.84868794
 0.83846114
 0.84255009
 0.84727116
 0.84760536
 0.84747476
 0.85090395
 0.85215568
  0.8513337
 0.84822783
 0.85049846
 0.84985138
 0.84935535
 0.84361568
 0.84385508
 0.84120427
 0.84260623
 0.83698158
  0.8405095
 0.83777288
  0.8368579
 0.83549718
 0.83134566
 0.83555585
 0.83500883
 0.82827628
 0.83352871
  0.8307847
 0.83726851
 0.83724682
 0.84742434
  0.8440696
 0.84596993
  0.8422209
 0.84030908
 0.84265992
  0.8449228
 0.84588611
 0.84724501
 0.84470878
 0.84113476
 0.84008031
 0.84562445
 0.83959696
 0.84538095
 0.84312008
  0.8468085
 0.85846533
 0.85106661
  0.8476756
 0.85266111
 0.85477885
 0.85369826
 0.84926331
  0.8477693
 0.84787205
 0.85641351
  0.8566379
 0.85042471
 0.85311039
 0.85105038
 0.84943224
 0.85113495
 0.85454566
 0.86317007
  0.8592807
 0.86348811
 0.86885417
  0.8791981
 0.88605956
 0.88351771
 0.88885092
 0.88738111
 0.88443372
 0.88586063
  0.8768552
 0.87894452
  0.8791984
 0.87782421
 0.88583972
  0.8873565
 0.88927172
 0.88782767
  0.8853909
 0.88565045
 0.87984679
 0.88120132
  0.8705969
 0.86596686
 0.86799416
 0.87280582
 0.87183243
 0.86781043
 0.86191415
  0.8667466
 0.86751429
 0.87579725
 0.88111578
 0.87922707
 0.88456429
 0.88390411
 0.88648626
 0.88351087
 0.87557962
 0.87602158
 0.88361499
 0.88305533
 0.88787562
 0.88723564
 0.88930573
 0.88691778
 0.88388503
 0.88398909
 0.88756771
 0.88936727
 0.88671273
 0.88557694
 0.88299145
 0.88866691
 0.88371468
 0.88533285
 0.88893918
 0.88405377
 0.87929416
 0.88306649
 0.87834085
 0.87925409
 0.88057694
 0.87093622
 0.86901855
 0.86885548
 0.86934644
 0.87189515
 0.86610638
 0.86937447
 0.86799151
 0.86537454
  0.8564911
 0.84729118
 0.83655515
 0.83446729
  0.8354378
 0.82865122
 0.83515253
 0.84061393
 0.84434107
 0.85379062
 0.85086742
 0.85029295
 0.84918453
 0.84589388
 0.83929099
 0.84450126
 0.84101443
 0.83454655
  0.8438887
 0.84570331
 0.83905627
 0.84521398
 0.83411626
 0.83022765
 0.82970256
 0.82077128
 0.83643097
 0.83946195
 0.83968556
 0.84371352
 0.84925776
 0.84679971
 0.85102704
 0.84730179
 0.84821547
 0.85070693
 0.85492655
 0.86121875
 0.86266778
 0.86972046
 0.86781282
 0.87160882
 0.87170654
   0.874887
 0.87269304
 0.87005728
 0.86504828
 0.86922867
 0.86945765
 0.87226951
 0.87609114
 0.87909258
 0.87308946
 0.87403193
 0.87267025
 0.87119324
 0.86721564
 0.86253921
 0.86656862
 0.87072746
  0.8685243
 0.86741713
 0.87144935
 0.87067651
 0.86576896
 0.86711203
 0.86635047
 0.87535479
 0.86759907
 0.86411126
 0.86712813
   0.876215
 0.87961061
 0.88088359
 0.87544057
 0.87768984
 0.87561748
 0.87927156
 0.88164464
 0.87830903
 0.88176385
 0.87967923
 0.88364762
  0.8856689
  0.8860362
 0.88243234
 0.87742984
 0.88110799
 0.88557089
 0.87768565
 0.88172489
 0.87694126
 0.88782951
 0.89609042
  0.8975824
 0.89473807
 0.89522393
 0.89191076
 0.88829111
 0.89002057
 0.88169199
 0.88712884
 0.89210855
 0.89147092
 0.89596449
 0.89028816
 0.88743019
  0.8887844
 0.88605048
 0.88189982
 0.88789793
 0.88806492
  0.8872543
 0.88360825
   0.887867
 0.88820523
 0.88082779
 0.88529815
 0.88594882
 0.88496549
 0.88248444
 0.88382125
 0.88206252
 0.87590758
 0.88138351
 0.88528835
 0.88008088
 0.88034043
 0.87788058
 0.87445799
 0.87022324
 0.87135799
 0.87311987
 0.87210293
 0.87811844
 0.87227822
 0.87611983
 0.87558375
 0.87791039
 0.87953258
 0.87958727
  0.8815531
 0.88556386
 0.87902333
 0.87252817
 0.86917427
 0.86812989
 0.87507827
 0.88077745
 0.89317325
 0.89365339
  0.8967773
  0.8934926
 0.88874738
  0.8901148
 0.89621217
 0.89865059
 0.89309475
 0.89193615
 0.89483923
 0.89273286
  0.8950053
 0.89693067
  0.8949958
 0.89600155
  0.8936192
 0.89154704
 0.89098296
 0.89482932
 0.90083218
 0.90427542
  0.8971456
  0.8895472
 0.89058115
 0.89155323
 0.89607912
 0.89572317
 0.89701717
 0.89482353
 0.89408103
 0.89616547
 0.89284399
 0.89803828
 0.90140938
 0.89829606
 0.88912116
 0.89193555
  0.8951262
 0.89624077
 0.89660577
 0.89456131
 0.89341201
 0.88826981
 0.88907868
 0.89357695
 0.88989258
 0.89344328
 0.89953509
  0.8988406
 0.89537652
  0.8960295
 0.89480805
 0.89637664
 0.89962614
 0.89771551
 0.90060117
 0.90153329
 0.90173781
 0.90053724
 0.90193221
 0.89657219
 0.89268446
 0.89293761
 0.88977465
 0.88313215
 0.88726256
 0.88571885
 0.88746789
 0.89074626
 0.88981026
 0.88112026
 0.87438931
 0.87085514
 0.87205857
 0.87451964
 0.87884146
 0.87750679
  0.8817498
 0.88067326
 0.88223863
 0.88088848
  0.8843778
 0.88676327
 0.88492202
 0.88522664
 0.88210954
 0.88335289
 0.88226928
 0.88245286
 0.88170796
 0.88322349
 0.88108634
 0.87849723
  0.8758338
  0.8793548
 0.87979625
 0.87586251
 0.87511448
 0.87080648
 0.87306295
 0.87165584
 0.87546827
  0.8725688
 0.86006809
 0.86313685
 0.86229997
 0.86001992
 0.85214957
 0.84983588
 0.84736277
 0.85014474
 0.85331631
 0.85492926
 0.85300762
 0.85451389
 0.85208545
 0.84747391
 0.84919016
 0.84493093
 0.83499608
 0.83213185
 0.82663261
 0.82496107
 0.82866132
 0.83133963
 0.83595075
 0.83304223
 0.82545583
 0.83933117
 0.83868308
 0.83527847
 0.83931649
 0.84831766
 0.84718896
  0.8502899
 0.84689577
 0.84688737
 0.85061568
 0.85313667
 0.85660894
 0.85870548
 0.85600618
  0.8570649
 0.85610091
 0.85573735
 0.85117798
 0.84793696
 0.84964596
 0.85185895
 0.85498049
  0.8539908
 0.85856625
  0.8558571
 0.84696767
 0.84613287
 0.84484769
  0.8500282
 0.84874659
 0.85729582
 0.85418789
 0.85627617
 0.85258614
 0.85296899
 0.85404305
 0.85167548
 0.85448035
 0.85148724
 0.85014392
 0.84885883
 0.84527665
 0.84468117
 0.84410358
 0.84382209
 0.83931525
 0.84173017
 0.84587566
  0.8417516
 0.83799258
 0.83321321
 0.81903493
 0.82750917
 0.83100858
 0.83170488
 0.82890264
 0.82979831
 0.83430552
  0.8329649
 0.83998911
  0.8418567
  0.8442552
 0.85101039
 0.85080505
 0.85580516
 0.85702833
 0.84750123
 0.85285658
 0.86000603
 0.86177839
 0.86030949
 0.85438608
 0.85708624
  0.8551229
 0.85807061
 0.85513616
 0.86003355
  0.8546046
 0.85523485
 0.84856147
 0.84836517
 0.84850709
 0.85732921
 0.86055061
 0.85434374
 0.86089648
 0.86188648
 0.86228792
 0.85756596
 0.85668567
 0.84955248
 0.85189247
 0.84382863
 0.85226205
 0.85218035
 0.85187215
 0.84797115
 0.84714043
 0.85496959
 0.85732575
 0.85511581
 0.85064725
 0.85244373
 0.85031643
 0.84931652
 0.84345804
 0.83825733
 0.83695134
 0.85039681
 0.85484183
 0.85646372
 0.85588383
 0.85674522
 0.85228011
 0.85529682
 0.85836843
 0.85787303
  0.8512366
 0.84510128
 0.85405146
 0.84761553
 0.85181736
 0.84745652
 0.84955067
 0.84624502
 0.85019328
  0.8533131
 0.85517934
 0.86036951
 0.86414251
 0.87082288
 0.87631832
 0.87566091
 0.87456912
 0.87514522
 0.87706012
 0.87707789
 0.88403922
 0.87759045
 0.87528155
 0.87300723
 0.87248463
 0.87995124
  0.8820388
 0.88135446
 0.87857633
 0.87355831
 0.87657449
  0.8758219
 0.86909615
 0.86346362
 0.86925795
 0.86649854
 0.86324437
 0.86682755
 0.86622162
 0.86477003
 0.86050845
 0.86408296
 0.86319821
 0.86797284
 0.87316449
 0.86997259
 0.87196447
 0.87635758
   0.874823
 0.87611401
 0.87702609
 0.87513067
 0.87040888
 0.87203661
 0.87125967
 0.87108932
 0.86751333
 0.86616433
 0.87030684
 0.86526224
 0.86412698
 0.86468644
  0.8653883
 0.86736356
  0.8697411
  0.8670377
  0.8699958
 0.86925937
 0.87314798
 0.87286563
 0.87554916
 0.87555702
 0.87389737
 0.87356488
 0.87192341
  0.8700716
 0.86402658
 0.85672588
 0.84887859
 0.85499055
 0.86219409
 0.86000118
 0.85447704
  0.8501633
 0.84459498
 0.84151306
 0.83775265
  0.8434018
 0.84456071
 0.84060556
 0.83533293
 0.83366473
 0.83409791
 0.84921621
 0.84768429
 0.84301567
 0.84940958
 0.84824521
 0.85301246
 0.85203111
 0.84994163
 0.84227526
 0.84540681
 0.84074649
 0.83107068
 0.83193526
 0.82982412
 0.83101819
 0.83441122
 0.83261092
 0.83582819
 0.83937783
 0.83768752
 0.83613707
 0.82925144
 0.83081018
 0.82904814
  0.8319663
 0.82821808
 0.83088008
 0.83396404
 0.83067863
 0.82795994
 0.82817403
 0.83875192
 0.84272044
  0.8457151
 0.84651889
  0.8444436
 0.84367337
 0.84428875
 0.84379734
 0.84850295
 0.84723967
 0.84856917
 0.84806342
 0.84556107
 0.84513994
 0.84669541
 0.84934551
 0.84334964
 0.84681611
 0.84839983
 0.84790336
 0.84618941
  0.8485987
 0.84822649
 0.84739061
 0.85074463
 0.84779489
   0.844637
 0.84234323
 0.84507669
 0.83888961
 0.82807803
 0.83366909
  0.8344182
 0.83898806
 0.84283127
 0.84310603
 0.84289472
  0.8425777
 0.83962216
 0.83932647
 0.84024146
 0.83228471
 0.83441764
 0.84210105
 0.83997005
 0.83934475
 0.83572606
 0.83810431
 0.83093465
 0.82745188
 0.82704765
 0.82772049
 0.83290524
 0.83217173
 0.83113523
 0.82750362
 0.83324822
 0.83670985
 0.83355975
 0.83383705
 0.83945189
  0.8370599
 0.84134213
 0.83809574
 0.82609702
  0.8223754
 0.82350597
 0.82433264
 0.82248793
 0.82421018
 0.83316558
 0.83117701
 0.83304852
 0.84333162
 0.84099104
 0.83844214
  0.8466205
 0.84770961
 0.84611927
 0.85352637
 0.84660318
 0.84803762
 0.84593919
 0.83766236
 0.83812158
 0.84124528
 0.83863139
 0.83959103
 0.83183128
 0.83063508
 0.82693193
 0.82873774
  0.8265209
 0.83128738
 0.83055346
 0.82321397
 0.83690707
 0.83732834
 0.83738725
 0.84050738
 0.83930387
 0.83674819
 0.84084258
  0.8437576
 0.84335622
 0.83850088
  0.8376171
 0.83918967
 0.83477029
 0.83584493
  0.8425412
 0.84223743
 0.84028122
 0.84476573
  0.8485318
 0.84298692
 0.84250028
 0.84479821
  0.8436835
 0.84960696
 0.85267396
 0.85277256
 0.85091453
 0.84802248
 0.84941378
 0.85135596
 0.85266258
 0.85502129
 0.86195752
 0.86534811
 0.86346669
 0.85188936
 0.85506555
 0.85277466
 0.84709782
  0.8464036
 0.84424785
 0.84799366
 0.85235432
  0.8530235
 0.84907403
 0.84550513
 0.85101203
 0.84993002
 0.84718624
 0.85161963
 0.85382594
 0.84949084
 0.84960996
  0.8561517
 0.85186081
 0.85545199
 0.85447794
 0.84773666
 0.84622771
 0.84536147
 0.85040918
 0.84993751
 0.85100873
 0.84858311
   0.845638
 0.84890294
 0.84820051
 0.85011505
 0.85002453
 0.84897695
  0.8524714
  0.8537733
 0.85363287
 0.85353231
 0.85147663
 0.84796733
 0.85044341
 0.84819758
 0.85406537
  0.8499194
 0.85254327
 0.84976763
 0.84690706
 0.84682376
 0.83322461
 0.82645443
 0.81988893
 0.82947047
 0.83050109
 0.82685568
 0.83920665
 0.83503466
  0.8382085
 0.83595649
 0.84065581
 0.84151038
 0.84493893
 0.84488928
 0.85126884
 0.84529329
 0.84616415
 0.84507915
  0.8519823
 0.84895014
 0.84867462
 0.84225554
    0.83846
 0.84629008
 0.84264908
 0.84511812
  0.8478554
 0.85054316
 0.84692044
 0.84211268
 0.85026157
 0.85245685
 0.84971304
 0.84589128
   0.853123
 0.84925527
 0.85172723
 0.84797136
 0.84408564
 0.84181741
 0.83619716
  0.8481311
 0.84619531
 0.84642605
 0.84835323
 0.84537725
 0.83681263
 0.83441943
 0.82692732
 0.83368422
 0.83673179
 0.83129216
 0.82904014
 0.82698407
 0.82616561
 0.82639321
 0.82862797
 0.83184257
 0.83208579
 0.83408175
 0.83694538
 0.84029326
 0.83824532
 0.83716006
 0.83896516
 0.83984124
 0.83823391
 0.84265302
 0.84246005
 0.84531835
 0.84926369
 0.85216954
 0.85075895
 0.84972771
 0.84362427
  0.8426583
 0.85103434
 0.85307474
 0.85333003
   0.850764
 0.84382568
 0.83854305
 0.83845027
 0.83741306
 0.83568794
 0.83639532
 0.83897056
 0.83692695
 0.83879289
 0.84864307
 0.84949965
  0.8461099
 0.84238962
 0.84438996
 0.84057336
 0.83782202
 0.84651299
 0.84662694
 0.84889373
  0.8442895
 0.84657895
 0.84060736
 0.83546035
 0.83705861
 0.84237189
 0.84785404
 0.85292385
  0.8523911
 0.85538276
 0.84833021
 0.84544525
 0.84273502
 0.84252802
 0.84246621
  0.8389435
  0.8375565
 0.84774327
 0.84619148
 0.84902995
 0.84522237
 0.84207202
 0.84259701
  0.8437773
 0.84191211
 0.84572735
 0.84685864
 0.84817819
 0.84143907
 0.84080522
  0.8388861
 0.83285425
 0.83101046
 0.82121662
 0.82395433
 0.81772215
 0.81791733
 0.82235782
  0.8335108
  0.8300231
 0.82607342
 0.82626825
 0.82747984
  0.8376995
 0.83298839
 0.83052005
 0.83538942
 0.83732591
  0.8351351
  0.8364348
 0.82748141
  0.8338821
 0.83521131
 0.83025668
 0.83333372
 0.83988139
 0.83893118
 0.83918868
 0.84050181
 0.83817595
 0.84170706
 0.84078896
 0.83751861
 0.83511131
 0.83274137
 0.83436664
 0.83801123
 0.83240451
 0.82382081
 0.82456782
 0.82112018
 0.82459328
 0.82413986
 0.83383094
 0.83724201
 0.83576145
 0.82717519
 0.82590948
 0.82957326
 0.82692515
 0.81441947
 0.82316592
 0.82039596
 0.83342901
  0.8285069
 0.82381642
 0.83077801
 0.82908755
 0.82807375
 0.82639663
 0.82352395
 0.82298916
 0.82905411
  0.8386346
 0.84608708
 0.84798596
 0.83964662
 0.83960101
 0.84056542
 0.83981612
 0.83906976
 0.84101778
 0.84180491
 0.84706233
 0.84363481
 0.84244517
 0.83909246
 0.83462849
 0.83343699
 0.82890116
  0.8238371
 0.82457261
 0.82402495
 0.82223633
 0.82504492
 0.81766556
 0.81820268
 0.82481723
 0.82521797
 0.82423567
 0.82658197
 0.83576921
 0.83741822
 0.84217577
 0.84393829
 0.84521967
 0.84753782
 0.84898768
 0.84298118
 0.83920016
 0.84043729
 0.83819398
 0.83811154
 0.83488318
 0.84192679
 0.84079213
 0.84219847
 0.84049136
 0.83472217
 0.83398586
 0.83723025
  0.8370823
 0.83931176
 0.83995992
 0.84538172
 0.84455368
 0.84020867
 0.83857235
 0.83369861
 0.83519028
 0.83410305
 0.83770544
 0.84090935
 0.84079567
 0.84032412
 0.84236369
 0.85125169
 0.85284912
 0.85109878
 0.84807211
 0.84951536
  0.8478154
 0.84060378
 0.83549678
 0.82957719
 0.82899366
  0.8310922
 0.82776742
 0.83125296
 0.82989034
 0.83068467
 0.82913121
 0.82790007
 0.82741549
 0.82770505
 0.82150893
 0.81627722
 0.81964879
 0.82375756
 0.82395345
  0.8268229
 0.82630097
 0.82865267
 0.82215507
 0.82125009
 0.82468034
 0.82462882
 0.81739401
 0.81433069
 0.79345549
 0.78892091
 0.79427208
 0.79756468
 0.79885479
 0.79630941
  0.8004501
  0.7961978
  0.7899868
 0.79326191
 0.79610851
 0.79374396
 0.79190352
  0.7890288
 0.79311626
 0.79331165
 0.78479974
 0.77021916
 0.76634682
  0.7616835
 0.76241169
 0.76326825
 0.77489444
  0.7741796
 0.77643553
 0.78461988
 0.78138182
 0.78030775
 0.78148858
 0.78438524
 0.78240385
 0.77845566
  0.7819606
  0.7775146
  0.7743091
 0.77512888
 0.76560785
 0.75716624
 0.75311731
 0.75532229
 0.75309501
 0.76227038
 0.75542712
 0.77792166
 0.77173391
 0.78304537
 0.78129308
 0.79223449
  0.7887385
 0.78202968
 0.78623987
 0.77690395
 0.78105337
 0.77544896
  0.7734959
 0.77205871
 0.77106402
 0.75848981
 0.75846666
 0.76103479
 0.75055494
 0.75158134
 0.74863379
 0.74893397
 0.74893733
 0.75655553
 0.74741154
 0.75436884
 0.75132934
 0.76331554
 0.76467982
 0.77351149
 0.78308543
 0.78293862
 0.79338016
 0.78903028
 0.79960816
 0.80747691
 0.80260419
  0.7958812
 0.79255715
 0.79548948
 0.79542549
 0.80973029
 0.81364741
 0.81456394
 0.80921484
 0.81789656
 0.82289987
 0.82330694
 0.83036356
 0.82927486
 0.82301286
  0.8207506
 0.82610802
 0.82239303
 0.81809823
 0.81647432
 0.81929842
 0.81423032
 0.81357574
 0.81260389
 0.81634443
 0.81777454
 0.82843457
  0.8347219
 0.83416742
 0.83668021
 0.83608504
  0.8372682
 0.83679746
 0.82246777
  0.8287378
 0.83090498
 0.83432968
 0.83792242
 0.83438608
 0.83506666
 0.83418894
 0.84424987
 0.84815334
 0.84926628
 0.84588488
 0.84796127
 0.84300841
 0.84234697
 0.83751185
 0.83069484
 0.83063132
 0.83353029
 0.83486778
 0.83617908
 0.84464049
 0.84809395
 0.84791062
 0.84715175
 0.84436352
 0.85528144
 0.86336836
 0.86429567
 0.86347926
 0.86694043
  0.8567111
 0.85493853
  0.8477504
 0.84803186
 0.84190728
 0.83656043
 0.83545507
 0.83607804
  0.8481551
 0.86670227
 0.86255069
 0.86307225
 0.86418794
 0.86949031
  0.8574464
  0.8578775
 0.86537168
 0.86580266
 0.86209593
 0.86630817
 0.85206754
 0.84991806
 0.84600678
 0.84992456
 0.85273091
 0.84387473
 0.85216628
 0.85696538
 0.84883567
 0.84962515
  0.8504244
  0.8479058
 0.85456608
 0.85006315
 0.85132294
 0.85443903
 0.85263111
 0.85385147
 0.85662945
  0.8566795
 0.85112555
 0.84396148
 0.84100741
 0.83833617
 0.83233953
 0.83199822
 0.82668879
 0.81958246
 0.82131403
 0.82503798
 0.82672729
 0.82942941
 0.81860749
 0.81710974
 0.81948417
 0.82416867
 0.82019149
 0.82459441
 0.81973355
 0.82452238
 0.82976777
 0.83231383
 0.83565644
 0.83496732
 0.84033363
 0.83859147
 0.83776439
 0.84086248
 0.84195193
 0.83603271
 0.83504999
 0.84281602
 0.85177517
 0.85503962
 0.84928637
 0.84468043
 0.83537316
 0.83604347
 0.83807242
 0.84100101
 0.84055253
 0.84271463
 0.83797035
 0.83969498
 0.83950347
 0.83621181
 0.84052785
 0.84184495
 0.83356207
  0.8299892
 0.82910402
 0.82463803
 0.82539793
 0.82655537
 0.82195257
 0.82373849
  0.8154024
 0.81418083
 0.81801788
 0.81477898
 0.81807833
 0.81680628
  0.8157705
 0.81457265
 0.81853712
 0.80779927
   0.809954
 0.80038624
 0.80702021
 0.80567516
 0.79441712
 0.80186693
 0.81301769
 0.80948291
 0.81127161
  0.8074122
 0.79979751
 0.80895605
 0.80638888
 0.81505787
 0.80806024
 0.81099232
 0.81857475
 0.81729145
 0.81440955
 0.81563076
 0.82061664
 0.80878865
 0.81526218
 0.81161777
 0.80863825
 0.81482995
 0.81673279
 0.81688173
 0.81403047
  0.8172874
 0.81397944
 0.82578989
 0.82539792
 0.82898499
 0.83480494
  0.8330942
 0.83433155
 0.83603594
 0.84469456
  0.8402766
 0.83882788
 0.84362299
 0.84095285
  0.8461118
 0.85326147
 0.86086399
 0.84602506
  0.8373296
 0.84309052
 0.84248372
 0.84822253
 0.84196026
 0.85131011
 0.85024685
 0.85730598
 0.85513174
  0.8512883
   0.853583
 0.85220994
  0.8542393
 0.85813446
 0.85645655
 0.85530303
 0.85106678
   0.852381
   0.849339
  0.8439927
 0.84144575
 0.84225233
   0.850426
 0.85219198
 0.85196969
 0.86093519
 0.85726024
 0.85431736
 0.84914326
 0.84760243
 0.84325391
 0.84419386
 0.84356763
 0.84409734
 0.84016893
 0.84510217
 0.85428004
 0.84997024
 0.84671588
 0.84359057
 0.84134129
 0.83567798
 0.83522273
 0.82934837
 0.84100508
 0.84104785
 0.84128033
 0.83442243
 0.84215212
 0.83943822
 0.84190239
 0.84041265
 0.83822473
 0.83963701
 0.84166588
 0.84682207
 0.83727144
 0.83812437
 0.83540559
 0.83670217
 0.83744988
 0.83725769
 0.83895354
 0.83388939
 0.83691385
 0.83836362
 0.83133008
 0.83421665
 0.83100546
 0.83023635
 0.82946582
 0.82558867
 0.81819051
 0.81807811
 0.81969104
 0.82031621
 0.81905187
 0.81901439
 0.81369674
 0.80898058
 0.81509127
 0.81241927
 0.81992464
  0.8218926
 0.82048219
 0.82105453
 0.81728591
 0.82026724
  0.8179618
 0.81463948
  0.8138353
 0.81674257
 0.81619478
 0.81726632
 0.81869281
  0.8136509
 0.81335407
 0.81364658
 0.82039025
 0.82188173
 0.82195984
 0.82476682
 0.82960064
 0.82785449
 0.82233329
 0.83230394
 0.83271654
  0.8317689
 0.83060669
 0.83471559
 0.83307836
 0.83635288
    0.83838
 0.84481851
 0.84568348
 0.84430699
 0.84122923
 0.84649633
 0.84926132
 0.84628025
  0.8342483
 0.83319294
 0.83126611
 0.83409216
 0.84125176
 0.84384319
 0.84286341
  0.8452826
 0.84336794
 0.84275751
 0.84969161
 0.85003003
 0.84682114
 0.84702436
 0.84838563
 0.84952282
 0.84804213
  0.8444351
  0.8449912
 0.84561389
  0.8467624
 0.84144634
 0.84355021
 0.84260131
 0.84058468
 0.84030902
 0.84765988
 0.84647507
 0.85048907
 0.85281677
 0.84987493
 0.84814982
 0.84601508
 0.84523176
 0.84059402
 0.84492311
 0.84770499
 0.83789905
 0.83809843
 0.84637333
 0.83697434
 0.83721867
 0.83722646
 0.83735027
 0.83512471
 0.83592769
 0.83557697
 0.84234672
 0.84735532
 0.85126617
 0.85028315
 0.85054683
 0.85097285
 0.84461844
 0.85374617
 0.85954597
 0.86005244
 0.85520746
 0.85288123
 0.85666737
 0.85831292
 0.86019627
 0.85768022
 0.85138736
  0.8477074
 0.84954865
 0.84624751
 0.84679115
  0.8463937
 0.85634573
  0.8538049
 0.85087274
 0.84416936
 0.84131371
 0.84287606
 0.84792599
 0.85042279
 0.84645969
 0.85438065
 0.85393122
 0.86161595
 0.86663185
 0.86335602
 0.85908091
 0.85741371
 0.85714192
 0.85427502
 0.85172406
 0.85612727
 0.85900973
  0.8621842
 0.86112667
 0.86465559
  0.8681243
 0.86574187
 0.86880587
  0.8690603
 0.87070912
 0.86877718
 0.86752403
 0.86597325
 0.86448069
 0.86986545
 0.86397175
 0.86288776
 0.86230079
 0.86306649
  0.8673318
  0.8638991
 0.86347353
 0.86263463
 0.86235917
 0.85380098
 0.85264965
 0.86077346
 0.86223319
 0.86037276
 0.86779328
  0.8637113
 0.86626078
 0.86957261
 0.86808803
 0.85685442
 0.84850462
 0.84023153
 0.84906478
 0.83961526
 0.84070817
 0.84008178
 0.84991806
 0.85206996
 0.83995844
 0.84013742
 0.84533374
  0.8493947
   0.847661
 0.85252697
 0.85586723
   0.848481
 0.84294016
 0.83982218
 0.83665949
 0.83974722
 0.84500745
 0.84908398
 0.84553357
 0.85386168
 0.85199825
 0.85371525
 0.83444333
 0.83923022
 0.84128734
 0.83935809
 0.83748985
 0.83229264
 0.83241104
 0.83533841
 0.84442258
 0.85316916
 0.86026853
 0.85878787
 0.85532803
  0.8438487
 0.84688098
 0.84535089
 0.85032282
 0.85411646
  0.8563736
 0.85003406
 0.85012306
 0.85930288
 0.85449955
 0.85347375
 0.86013723
 0.85482745
 0.85923183
 0.85885398
 0.85698767
 0.84887367
 0.84304958
 0.84636308
 0.84291309
 0.83857259
 0.84243898
  0.8439902
 0.84146773
 0.84230372
  0.8486611
 0.85335771
 0.85698887
  0.8531922
 0.84780158
 0.84387362
 0.84044575
 0.84107695
 0.84235186
 0.84020108
 0.84925905
 0.85203006
 0.85282679
 0.85177482
 0.84470767
 0.84172336
 0.84237934
   0.846925
 0.84917965
 0.84651784
 0.85262057
 0.84920405
 0.84923624
 0.84540859
 0.84503139
 0.84308468
 0.84902756
 0.84347289
 0.84981136
 0.85654003
 0.85815199
 0.85778569
 0.86094216
 0.86028347
  0.8588221
 0.85437768
 0.84839284
 0.84177662
 0.85352218
  0.8431237
 0.83666194
 0.83367377
 0.83001132
 0.82466767
 0.82517769
 0.81363586
 0.81173197
 0.82070104
 0.82278488
 0.82740226
 0.83848016
 0.84345898
 0.83756602
 0.85433406
 0.83328931
 0.84314088
 0.84331009
 0.84686082
 0.84471761
 0.85092157
 0.84938465
 0.83981548
 0.83630122
 0.82735742
 0.82336945
 0.83584026
 0.82806738
 0.83663106
 0.83817982
  0.8342984
 0.82999404
 0.82194007
  0.8192882
 0.81532726
 0.82004984
 0.83697393
 0.82727433
 0.83603415
 0.83075817
   0.817805
  0.8204735
 0.82060789
 0.81911161
 0.83424124
  0.8374759
 0.85727432
 0.84330186
 0.83422324
 0.84256833
 0.83655073
  0.8416634
 0.84927069
 0.84418165
 0.84309349
 0.83961774
 0.84238099
 0.84818647
 0.85166723
 0.85083326
 0.84620627
  0.8506044
 0.84791635
 0.86268882
 0.85741648
 0.85951205
 0.85317332
 0.86157187
 0.85875132
  0.8586344
 0.85956651
 0.85942695
 0.86666713
 0.85982665
 0.85704544
 0.85632513
 0.86531721
 0.86417246
 0.85783692
 0.84811569
 0.84107523
 0.84781366
 0.84962353
  0.8539464
 0.84786629
 0.85768041
 0.85623533
  0.8658052
 0.86413813
 0.86935998
 0.86508939
 0.86684588
 0.87633813
 0.88546358
 0.88298547
 0.87896495
  0.8806316
 0.87482943
 0.87755341
 0.86907842
 0.86915393
 0.86216708
 0.87313267
 0.87378837
 0.87245086
 0.87002791
  0.8741051
  0.8734551
 0.87345852
 0.87746886
 0.87003954
 0.87275565
 0.86948888
 0.86691195
 0.87626171
 0.87205987
 0.87694858
 0.88295643
 0.88457319
 0.88361126
  0.8812509
 0.88347508
 0.88006041
 0.87588796
 0.88051021
 0.88062807
 0.87574159
  0.8802529
 0.87669664
 0.87587905
 0.87583925
 0.87747976
 0.87382953
 0.87103009
 0.87971293
 0.87268586
 0.86336637
 0.87021395
 0.88214665
 0.88302793
 0.87928213
  0.8863306
 0.88042139
 0.87715537
 0.88066879
  0.8719031
 0.87667784
 0.86642465
 0.87320069
 0.87736734
 0.87282983
 0.87725988
 0.87215525
 0.87811939
 0.87098898
 0.86949042
 0.86724661
 0.87180831
 0.87426934
 0.87524889
 0.87762506
 0.88103325
 0.88535856
 0.87826843
 0.88290425
 0.88479493
 0.87563761
 0.87748453
 0.88028847
 0.87572112
  0.8807936
 0.88160166
 0.88635472
 0.88131187
 0.88222728
 0.88548316
 0.88580081
 0.88386013
 0.88344969
 0.87831746
 0.87566507
 0.87152062
  0.8780539
 0.87331627
 0.87825199
 0.88431791
 0.89294882
 0.89088975
 0.88987373
 0.89131064
 0.89160462
 0.88759234
 0.88496396
 0.89105765
   0.889212
 0.88530149
 0.88727848
 0.89217558
 0.89311707
  0.8923589
 0.88815416
 0.88559261
 0.88200562
 0.87983702
 0.87489581
 0.87340679
 0.86761544
 0.88269693
 0.87972873
 0.87626243
 0.88146086
 0.88685575
 0.88626345
 0.88477376
 0.89003385
 0.89549253
 0.89733767
 0.89490904
 0.89449217
  0.8975471
 0.89860767
 0.89861896
 0.90296271
 0.90263257
 0.90332598
 0.90002116
 0.90212215
 0.89929261
 0.89655265
 0.89363393
 0.88804147
 0.88128943
 0.88465292
  0.8847899
 0.88654955
  0.8922807
 0.89535925
 0.88964595
 0.88221504
 0.87276384
 0.86893627
 0.86524728
 0.86658926
 0.86894081
 0.87177004
 0.87828031
 0.86954258
 0.87122295
 0.87241187
 0.88094844
 0.88552681
 0.88896127
 0.88662132
 0.87838392
 0.87586837
 0.87541801
 0.88031519
 0.88467416
  0.8832924
 0.88658239
 0.88695003
 0.88659699
 0.88140419
  0.8849083
 0.88320464
 0.88343477
 0.89061866
 0.89612857
 0.89108604
 0.88389181
 0.88486766
 0.88669536
 0.88808115
 0.88448756
 0.88084795
 0.87545526
 0.87946999
 0.87896505
 0.87511003
  0.8722753
 0.86983988
 0.86994267
 0.87258234
 0.86888365
 0.87077118
 0.87045519
 0.86875521
 0.86818649
 0.87433635
  0.8746219
 0.87669148
 0.87280654
  0.8732562
 0.87804655
 0.87396834
  0.8734372
 0.87130821
 0.87494563
 0.87682591
 0.87452177
 0.87635043
 0.87323203
 0.87006859
 0.87731984
 0.87161311
 0.87387693
 0.87328933
 0.87758621
 0.88179081
 0.88069134
 0.88538238
 0.88643693
 0.88422625
 0.88829101
 0.89210997
 0.89253783
 0.89365577
 0.88859466
 0.88842542
 0.88910058
 0.88504745
 0.88913549
 0.87606491
 0.87310909
 0.86457178
 0.86173535
 0.86818296
 0.86924624
 0.87075231
 0.87054889
 0.87559348
 0.87167818
 0.87747728
 0.87517425
 0.86944554
 0.87394754
 0.87142733
 0.86968095
 0.87469733
 0.87419829
 0.87166228
 0.87442238
 0.87289829
 0.86907088
 0.86809718
 0.86420618
 0.86754687
 0.87302503
 0.87865309
 0.86954274
 0.86366046
 0.87288959
 0.87627727
  0.8734838
 0.87875846
 0.87597025
 0.87085331
 0.86840231
  0.8743298
 0.87795378
 0.87544981
 0.87579475
 0.87891606
 0.87962237
 0.88023043
 0.87764461
 0.87405182
 0.87489287
 0.87062685
 0.87511427
 0.86924202
 0.86601033
 0.86714142
 0.86371324
 0.86013021
 0.85827073
 0.85084665
  0.8430761
  0.8362828
 0.83752981
 0.83681821
 0.83746815
 0.84608974
 0.84409945
  0.8423117
 0.83678998
 0.84829965
 0.85365973
 0.85791712
 0.85726898
 0.85992415
 0.85493607
 0.84588537

