0.018401087
0.014933919
0.014303932
0.014384799
0.014316449
0.014338324
0.014333846
0.014416584
0.014478195
0.014327289
0.014382784
0.014640272
0.015053597
 0.01527598
 0.01457156
0.014505981
0.014507638
0.014497858
 0.01457794
 0.01488389
0.014871058
0.015040476
0.015014418
0.015026826
0.015201689
0.015633985
0.015530166
0.015719715
0.015817265
0.015544183
0.015646593
 0.01630304
0.016778698
0.016774543
 0.01726144
0.016865395
0.017096593
0.017179137
0.017231415
 0.01724042
0.017611961
0.017707631
0.017879729
 0.01834112
0.019006011
0.019224288
0.020360903
0.021174807
0.022411641
0.022655427
0.022769624
0.022790412
 0.02375895
0.023862038
0.024741672
0.025563972
0.027230923
0.027685563
 0.02864021
0.029875165
0.030802401
0.032321599
0.034476327
0.036621893
0.035966746
0.037995139
0.042654616
0.044916326
0.046777013
0.046971852
0.049242149
0.050156887
0.050273517
0.050580648
0.052364847
0.052026289
0.052662114
0.052974163
0.053662225
0.053199803
0.053475282
0.054022602
0.054134385
0.053639202
0.054292834
0.055643162
0.055976731
0.056059277
0.057216487
0.057872536
 0.05818884
0.058590778
0.060053342
0.059155687
0.059080292
0.059833871
0.060523126
 0.06016846
0.061436567
0.061592483
0.061708117
0.061453828
0.061472754
0.061979139
0.062037916
 0.06253335
0.062685321
0.061779243
0.061129757
0.061768811
0.061610145
0.063132696
0.065231208
0.065293221
0.065816976
0.065606658
0.065575435
0.064984445
0.067028321
 0.06747396
0.068508053
0.068677773
 0.06968729
0.069900571
0.070285553
0.069781699
0.069701656
0.070481835
0.071637568
0.072700103
0.073773974
0.074626327
0.074477693
0.074711782
0.075589714
0.075881709
0.076849175
0.077353953
0.077975788
0.078039182
0.078953337
0.078070966
0.078938608
0.080916523
0.082840518
0.081940954
0.083416023
0.082766529
0.085183305
0.084709674
0.087067733
0.087607584
0.088131201
0.089921649
0.090652269
0.092096661
0.093122712
0.096529794
0.097303064
0.094987462
0.099233541
0.099481104
 0.10126039
 0.10319063
 0.10310045
 0.10373651
 0.10535895
 0.10680314
 0.10753352
 0.10770982
 0.10869549
 0.10969816
 0.11060599
 0.11037727
 0.11121202
 0.11227141
 0.11350969
 0.11593144
 0.11651656
 0.11694959
 0.11606927
 0.11794132
  0.1180299
 0.11833992
 0.12029413
 0.12185063
 0.12366426
 0.12570771
  0.1309324
  0.1358985
 0.14140269
  0.1445043
 0.14910746
 0.15490509
 0.16089444
 0.16218319
 0.16464771
 0.16529486
 0.16592527
 0.16956491
 0.17551776
 0.17693344
 0.17763335
 0.17893902
 0.18127505
 0.17898945
  0.1880253
  0.1942003
 0.19572425
  0.1945608
 0.19691781
 0.19588416
 0.20081735
 0.19935564
 0.20052371
 0.20337142
 0.19939241
 0.20158475
 0.20423367
 0.20610396
 0.20810622
  0.2091378
 0.20859256
 0.20952875
 0.21059733
 0.20903896
 0.20994823
 0.21104808
 0.21363982
 0.21418847
 0.21806522
 0.21610895
 0.21947834
 0.22244298
 0.22286202
  0.2237677
 0.22273105
 0.22284501
 0.22282015
 0.22213469
 0.22381901
 0.22033179
 0.22162604
 0.22047396
 0.22174153
 0.22359112
  0.2245634
 0.22518783
 0.22581844
 0.22423541
 0.22629376
 0.22294068
 0.22541319
 0.22646152
 0.22879528
 0.22783209
 0.22808232
  0.2275759
 0.22646646
 0.22800921
 0.22877581
 0.22894652
 0.23098705
 0.23085433
 0.23007242
 0.23217688
 0.23218204
 0.23305244
 0.23639236
 0.23784609
 0.24210395
 0.23873998
 0.24294292
 0.24441204
 0.24435656
 0.24581486
 0.24650817
 0.24766976
 0.24849491
 0.25119089
 0.25150438
 0.25413815
 0.25700009
 0.25735916
 0.25463383
 0.25572996
 0.25595447
 0.25725062
 0.25693153
 0.25753363
 0.25563689
 0.25859682
 0.25853111
 0.26074969
 0.26428642
  0.2655631
 0.26829634
 0.26932252
 0.27005646
 0.27303759
 0.27258577
 0.27393848
 0.27131009
 0.27136671
 0.27189322
 0.27457184
  0.2736615
 0.27697576
 0.28031247
 0.27965414
 0.28172065
 0.28667191
 0.28454755
  0.2816581
 0.28757637
 0.28777612
 0.28565677
 0.28500968
 0.28809533
  0.2881673
  0.2931543
 0.29803934
 0.30118927
 0.29722813
 0.30101499
 0.30282978
 0.30611004
 0.31694286
 0.32363126
 0.32640539
  0.3314564
  0.3295772
 0.33394367
  0.3367982
 0.33704304
 0.33966749
  0.3433757
 0.34476621
 0.34232165
 0.34035744
 0.33994221
 0.33873352
  0.3328689
 0.33835271
 0.33936616
 0.34187848
 0.34333416
 0.34613524
 0.34626712
 0.34406143
 0.34638716
 0.35424385
 0.35807129
 0.36214667
 0.36462249
 0.35870011
 0.36304688
 0.36486369
 0.37106204
 0.37181853
 0.37228122
 0.38225861
 0.38148602
 0.38432174
 0.38337501
 0.38362764
 0.38579712
 0.38200185
 0.38233512
 0.37994269
 0.38128321
 0.38815353
 0.39305174
 0.38931078
 0.39266218
 0.39524729
 0.39543919
 0.39328812
 0.39461772
 0.39032086
 0.39553564
 0.38988259
 0.38972417
 0.38905185
 0.39397857
 0.39535878
 0.40011369
 0.39703125
 0.39633383
 0.39561711
 0.40071278
 0.40217394
  0.4000219
  0.3968289
 0.39153439
 0.38682152
 0.38565406
 0.39256421
 0.39363464
 0.39504716
 0.39309233
 0.39986966
 0.40542845
  0.4115653
 0.41596986
 0.41626916
 0.41669989
 0.41602013
 0.41996824
 0.41707336
 0.41803464
  0.4201267
 0.41418187
  0.4102726
 0.41416372
 0.41509113
 0.41442098
  0.4235783
 0.42305154
 0.42727648
 0.42813468
 0.43015798
 0.43200842
 0.43090446
 0.43137032
 0.43339926
 0.43334875
 0.43144934
 0.42755851
 0.42944744
 0.43448884
 0.43723455
  0.4291057
 0.42753785
 0.42727166
 0.42841308
 0.42832704
 0.42741261
  0.4402767
 0.43269255
  0.4318802
 0.42873171
 0.42739342
 0.43055478
 0.43550617
 0.43924541
 0.43741468
 0.44062168
 0.44708786
 0.44819352
 0.44483529
 0.44375064
 0.44757713
 0.45085925
 0.44441823
 0.44009927
 0.44622481
 0.44860287
 0.45427641
 0.45561944
 0.45282516
 0.44849895
 0.44605114
 0.44825325
 0.44468865
  0.4407309
 0.44763521
 0.45424501
  0.4555218
 0.45666812
 0.45264722
  0.4502174
 0.44733905
 0.45076842
 0.45518214
 0.45457191
 0.45506242
 0.45731929
 0.45662354
 0.45891779
 0.45527002
 0.45675745
 0.45214233
 0.45887777
 0.46251989
 0.45126809
  0.4535686
 0.46206921
 0.45857055
 0.46341704
 0.46193423
 0.46065817
 0.46057166
 0.46303298
 0.47035071
 0.47288375
 0.47068869
 0.47036376
 0.47193677
 0.47654739
 0.47387101
 0.47317868
 0.47474264
 0.47177425
 0.46948265
 0.47123316
 0.47340268
 0.47723497
 0.48066579
 0.48201048
 0.47913905
 0.47693055
 0.47668224
 0.48169817
  0.4802288
 0.48194244
 0.48596891
 0.49747874
 0.49335138
 0.50818837
 0.50838446
 0.51854663
 0.51791619
 0.51767481
 0.51757325
 0.51992148
 0.52289039
 0.51699233
 0.52123158
  0.5271481
 0.53224045
 0.52602004
 0.52967149
 0.52883899
 0.52722407
 0.53184347
 0.53033631
 0.52487745
 0.52632008
 0.52400489
  0.5284874
 0.53012095
 0.53374305
  0.5268966
 0.52121738
 0.52245039
  0.5190564
 0.53210982
 0.53199697
 0.53100841
 0.53356607
 0.52796793
 0.53423374
 0.53232858
 0.52973275
 0.52928835
 0.52193531
 0.52144381
 0.52022538
 0.51822577
 0.52211703
 0.52089669
 0.51953271
 0.52013419
 0.52118125
 0.51845725
 0.52111823
 0.52331158
 0.52393009
 0.52456314
 0.52287562
   0.519364
 0.52084364
 0.52574904
 0.52769563
 0.52352566
 0.52696144
 0.52749411
  0.5297019
 0.52817724
   0.528414
 0.53222938
  0.5318335
 0.53813899
 0.53783379
 0.53906873
 0.54002174
 0.54419681
 0.54457604
 0.54451101
 0.55070611
 0.54856702
 0.54764409
 0.54124094
 0.54067224
 0.54226389
 0.54030485
 0.54401474
 0.53810576
 0.53756807
 0.54464969
 0.54518865
 0.54209491
 0.54815193
 0.54469022
 0.55114112
 0.54723208
 0.54981463
 0.54839504
 0.54956665
 0.54598479
 0.55074921
 0.54887719
 0.55159339
 0.55311926
 0.54985079
 0.55542905
 0.54749556
 0.54122097
 0.54167518
 0.54596901
 0.54312171
 0.54734518
 0.55573024
   0.555199
 0.56454527
 0.56524004
 0.56527895
 0.57107361
 0.57628284
 0.57478479
 0.57118176
 0.57058569
 0.56940733
 0.56920892
 0.56704229
 0.56720554
 0.56894979
 0.56817232
 0.56589464
 0.56866799
 0.57032522
  0.5677192
 0.56529235
 0.56735683
 0.57335856
 0.57198707
 0.57233083
 0.57428043
 0.57537532
   0.577936
 0.57713238
 0.57466418
 0.57656003
 0.57833046
 0.58313176
 0.58272532
 0.59142785
 0.59631619
 0.59679963
 0.59321489
 0.59427583
 0.59488883
 0.59926753
 0.60507455
 0.61231837
 0.60858149
 0.61174011
 0.61568629
 0.61580723
 0.60598659
 0.60854548
 0.60267561
 0.59763534
 0.61541101
 0.61247884
 0.61014158
 0.61454421
 0.61510008
 0.61548734
 0.61692385
 0.62615576
 0.63055444
 0.64007322
 0.63740211
 0.64254635
 0.64348994
 0.64376831
 0.65178833
  0.6525308
 0.65438757
 0.65631159
 0.64951581
 0.65461264
 0.65185205
 0.65156083
 0.65155261
 0.64053121
 0.63650707
 0.63696416
  0.6448368
 0.65553993
  0.6586822
 0.66467042
 0.65868108
 0.67186524
  0.6640826
  0.6664881
  0.6708316
 0.66559963
 0.66824694
 0.66175172
 0.66836228
 0.66191148
 0.66336307
 0.66118215
 0.67385873
   0.669137
 0.67199697
 0.67204169
 0.67407008
 0.67732727
 0.68144898
 0.67861551
 0.67707844
 0.67373509
 0.67144778
 0.66881887
 0.66875331
 0.66518118
  0.6648146
 0.66343717
 0.66526662
 0.66177027
 0.66155134
 0.66722375
 0.66315227
 0.66376672
 0.66282055
 0.66420443
 0.66561875
 0.66192138
 0.66221473
 0.66040291
 0.66319418
 0.65653935
 0.65957558
 0.65511601
 0.65546927
  0.6546137
  0.6591036
 0.64933005
 0.63971408
 0.62975493
 0.62492255
 0.62786515
 0.63234061
 0.63796363
 0.63996113
 0.63796702
 0.63536508
  0.6341622
 0.63598109
 0.65460901
 0.65285677
 0.65857336
 0.66534994
 0.66478496
 0.67018661
 0.66785144
 0.66694538
 0.66921547
 0.67008359
 0.65972151
 0.66567042
 0.66730954
 0.66407427
 0.66401997
 0.67099173
  0.6681241
 0.66656785
  0.6654873
 0.66329462
 0.66435039
  0.6595261
 0.66059177
 0.66658143
 0.66744172
 0.67290433
 0.66854225
 0.66797061
 0.66769236
 0.66791903
 0.66578562
 0.66599232
 0.67234227
 0.67163354
 0.67183849
 0.67651444
 0.67765038
   0.673938
 0.67565614
 0.67849115
 0.67676653
 0.67024261
 0.66766963
  0.6709138
 0.67177719
 0.67092327
  0.6731713
 0.67251328
 0.67218005
 0.66592633
 0.66297759
 0.67020744
 0.66616143
 0.67398422
 0.66919687
 0.67275742
 0.66195791
 0.67182146
 0.66329518
 0.66327658
  0.6621136
 0.66358943
 0.66428303
 0.65469426
 0.65794908
 0.65861678
 0.66812771
 0.66774576
   0.667869
 0.66748881
 0.67508915
 0.67835842
 0.67710116
 0.68634755
 0.68588405
 0.68702654
 0.68917335
 0.68641519
 0.68832266
 0.69048998
 0.68945412
 0.68472855
 0.68333915
 0.68568669
 0.68568676
  0.6851925
 0.69189182
 0.68294332
 0.68343911
 0.68209321
 0.68275898
 0.68202935
 0.67888287
 0.67808571
 0.67922937
 0.68122435
 0.67969456
 0.67802846
 0.67288325
 0.66991078
 0.67173844
   0.679411
 0.68626252
 0.68492128
 0.68937956
 0.69012115
 0.69489947
 0.69216555
 0.68833888
 0.69174718
 0.69119286
 0.69348268
  0.7009474
 0.69588937
 0.69536729
 0.69772215
 0.69576598
 0.68992612
 0.69193347
  0.6962375
 0.70180396
 0.70052383
 0.69368024
 0.69298787
 0.69062843
 0.68362447
 0.67935243
 0.68521712
 0.68421768
 0.67995298
 0.67935532
 0.67685658
 0.67767149
 0.67771172
 0.66729609
 0.68210268
  0.6784824
 0.67916364
 0.67654428
 0.68168788
 0.67928548
 0.67282702
 0.65903086
 0.66485698
 0.66437881
 0.66459924
 0.67324389
 0.67624506
 0.67660359
 0.67515438
 0.68378818
 0.67936238
 0.68081562
 0.67268033
 0.67897844
 0.67563501
 0.67751252
 0.68139492
 0.67516592
 0.68026648
  0.6836063
 0.67636973
 0.68467639
 0.68699444
 0.68994764
 0.69098319
 0.68467087
 0.68203745
 0.68241641
 0.68307124
 0.67705295
 0.67636755
 0.67628665
  0.6839429
 0.68175488
 0.68381298
 0.68050676
 0.67610435
 0.68564423
 0.68656584
 0.69078347
 0.69355592
 0.69514171
 0.69619397
 0.70138956
 0.69891386
 0.70702149
 0.71282954
 0.71174926
 0.71944669
 0.72134043
 0.72156707
 0.71578079
 0.71471649
 0.70996488
 0.71480792
  0.7183394
 0.71557365
 0.71671004
 0.70823864
 0.69786596
 0.70242883
 0.69812064
 0.69417823
 0.69345068
  0.6938915
 0.70364884
 0.70555435
 0.70048142
 0.69788063
 0.68942388
 0.69623018
  0.6967487
 0.69974245
 0.69555014
 0.69643806
  0.6845949
 0.69020999
 0.68427588
 0.69308465
 0.69046569
 0.68620067
 0.67946112
 0.67707964
 0.68041335
 0.68732645
 0.69289609
 0.69327677
 0.69223736
 0.69536184
 0.68973904
 0.69306267
 0.68939752
 0.68913769
 0.69062264
  0.6933902
  0.6949019
 0.69533096
 0.69893496
 0.69533323
  0.6991669
 0.70617657
 0.70415191
 0.70792167
 0.70263992
 0.70514269
  0.7005708
 0.69896672
 0.69617658
 0.70567275
 0.70732643
 0.70997072
 0.71190824
 0.71028019
 0.71396179
  0.7070686
 0.71001647
  0.7140273
  0.7127455
 0.71347772
 0.70661791
 0.70406968
 0.70427347
 0.70072079
 0.71177657
 0.70708919
  0.7108518
 0.70691565
 0.70844794
   0.708425
 0.71195112
 0.71040191
 0.71471153
 0.71229294
 0.71856716
 0.72705363
 0.72614704
 0.71978136
 0.72331015
 0.72343124
 0.72349223
  0.7247814
 0.72921286
 0.72021012
 0.72200669
  0.7215242
 0.71356542
 0.71298752
 0.71923979
 0.71527314
 0.71452188
  0.7057853
 0.70433759
  0.6988909
  0.6959139
 0.70198517
 0.70809885
  0.7188287
  0.7197261
 0.71954348
  0.7199349
 0.71795869
 0.71330395
 0.71371479
 0.71469413
 0.71897756
 0.72379233
 0.71886297
 0.72726885
 0.72510741
 0.72741021
 0.72559409
 0.72512211
 0.72806745
 0.72531249
 0.72427406
 0.71798932
 0.71302352
 0.71154056
 0.71725345
 0.72107891
 0.71495204
 0.72014156
 0.71489303
 0.71713846
  0.7182454
 0.72031547
 0.71510563
 0.70750957
 0.70778697
 0.70627372
 0.71370965
  0.7192473
 0.72653993
 0.72100589
 0.71631714
 0.71761862
 0.72330608
 0.72762504
 0.73262821
 0.73272491
  0.7316877
 0.73453759
  0.7378289
 0.73669694
 0.73503718
 0.72545581
 0.73449334
 0.73114884
 0.73461527
 0.73520834
 0.73581825
 0.73471316
 0.73326767
 0.73372518
 0.74739191
 0.74234291
 0.74059475
  0.7501532
 0.75472009
 0.75164692
 0.75167762
 0.75541748
  0.7567912
 0.75289935
 0.75643247
 0.74851492
 0.75107956
 0.74879421
 0.74678947
 0.74168912
 0.75037891
 0.75093096
  0.7550233
 0.75888336
 0.75450239
 0.75692242
 0.74965723
 0.74993361
 0.74917202
 0.74644316
 0.75236587
 0.75149554
 0.75375802
 0.75206882
  0.7512255
 0.75517696
 0.75150263
 0.75087318
 0.75238024
 0.75042628
 0.74882297
 0.74676206
 0.74515342
 0.75045949
 0.74656526
  0.7494103
 0.74769838
 0.74613645
 0.74288486
 0.74433024
 0.74412922
 0.74693702
 0.74979208
 0.75289113
 0.74751485
 0.74533008
 0.74390361
 0.74218642
 0.73806521
 0.73493396
 0.73740802
 0.74053304
 0.73559782
 0.73418961
 0.73604777
 0.73961638
 0.74040592
 0.73505901
 0.73657923
 0.73563463
 0.73114446
 0.73168618
 0.73158852
 0.72799243
 0.72988227
 0.73242996
 0.73567152
 0.73424834
 0.72857474
 0.73018645
 0.72886737
 0.72653868
 0.72260358
 0.72708859
 0.72704057
 0.72342289
 0.71863256
 0.72516195
 0.72733905
 0.72813786
 0.72655411
 0.72001327
 0.72374978
 0.72081058
 0.71964189
 0.72073024
 0.72231687
 0.72049127
 0.72649513
 0.72323934
 0.72711736
 0.72220795
 0.72028271
 0.71808092
 0.71758914
 0.71433304
 0.71404468
 0.71333062
 0.71286934
 0.71529651
 0.71923888
 0.71420584
 0.71428891
 0.72404761
 0.71636167
 0.72487127
 0.72841723
 0.73344925
 0.72682974
 0.72818808
 0.73093243
 0.73356119
  0.7331253
 0.73722037
 0.73242439
 0.73426577
  0.7480163
 0.75005766
 0.75507581
 0.75232298
 0.75247312
 0.75149209
 0.75250645
 0.75504616
 0.75529868
  0.7492406
 0.75046484
 0.75590414
 0.74789103
 0.75044087
 0.75208538
 0.75061019
 0.74909454
 0.75420416
 0.75929132
 0.75795338
 0.76259947
 0.76001793
 0.76080831
 0.75875275
 0.75746663
 0.75923617
 0.76027979
 0.75522676
 0.75276926
 0.75365486
 0.74508349
 0.74167673
 0.73500988
 0.73636062
 0.73416918
 0.73635875
 0.73310308
 0.73682334
 0.73384196
 0.74307859
 0.74809077
 0.75181563
 0.74731402
 0.74522359
  0.7453629
 0.74763362
 0.75179345
  0.7462245
 0.74883974
 0.75094914
 0.74627069
 0.74767206
 0.74836208
 0.75087603
  0.7506147
 0.74167604
 0.73826104
  0.7389861
  0.7407431
 0.73774117
 0.73835068
 0.73986139
 0.73822466
 0.73659372
 0.73748934
  0.7360085
 0.74250082
 0.74416165
 0.74280345
 0.74488718
 0.74950715
 0.74222854
 0.73995354
 0.74254222
 0.74052512
 0.73580658
 0.73441282
 0.72860762
 0.72827802
 0.72692226
 0.72734127
 0.72872627
 0.72656246
 0.72175832
  0.7178982
 0.71169063
 0.71782908
 0.71750986
 0.71728987
 0.71419056
 0.71657882
 0.71672904
 0.72329624
 0.72722475
 0.73037548
 0.72043749
 0.71620082
 0.72053424
 0.72654165
 0.73506035
 0.74368785
 0.74597197
 0.73568061
 0.74482603
 0.74547953
 0.74266835
 0.74244589
 0.74531055
  0.7484071
 0.75169875
 0.75555369
 0.75406176
  0.7544004
 0.75108802
 0.74974116
 0.75202853
 0.75562334
 0.75037316
 0.75189937
 0.75119656
 0.75062045
 0.74426699
 0.74031939
 0.73335343
  0.7308356
  0.7290804
 0.72799486
 0.72801276
 0.72398322
 0.73149073
 0.73861757
 0.74148536
 0.74217198
 0.75216835
 0.76159008
 0.76356919
 0.76024697
 0.76081189
 0.76333255
 0.76313976
 0.76080418
 0.75771312
 0.75537131
 0.75707748
 0.76675431
 0.76658071
 0.76802893
 0.76497577
 0.76806222
 0.76661656
 0.76661579
 0.76730796
 0.76335413
 0.76859817
 0.76762056
 0.77240368
 0.77028315
 0.77035613
 0.77060742
 0.76496119
 0.75998013
 0.75424115
 0.75229976
 0.75132367
 0.75131642
 0.74608415
 0.73973079
 0.73157852
 0.73076575
 0.73282425
 0.72861959
 0.73110286
 0.72750424
 0.73030272
 0.72410779
 0.71445572
  0.7139552
 0.71641053
 0.71176642
 0.71426117
 0.71789044
 0.72310193
 0.72312823
 0.72093802
 0.72918695
 0.73361126
 0.74002883
 0.74909193
 0.75890165
 0.76277802
 0.76224544
 0.75556144
 0.75750347
 0.75334403
 0.75384258
  0.7527933
 0.74711747
 0.75891651
 0.75367686
 0.76255237
 0.76388128
 0.76555602
 0.76395344
 0.76411912
 0.76835477
 0.77301426
 0.77251562
 0.77240264
  0.7703681
 0.76962552
 0.77144029
 0.76914366
 0.76499488
 0.75764289
 0.75889515
 0.75591903
 0.75936532
 0.76440514
  0.7661915
 0.76612014
 0.76703369
  0.7603801
 0.76732018
 0.76540222
 0.76537205
 0.75395057
 0.75067732
 0.75468109
 0.76356677
 0.76139362
 0.76713903
 0.76797635
 0.76989715
  0.7678008
 0.77151418
 0.76824038
 0.76203189
 0.76242741
 0.77183702
 0.76518575
 0.76781655
   0.771225
 0.76945909
 0.77460869
 0.76917319
 0.77050034
 0.77431892
 0.77603165
  0.7821805
  0.7851601
  0.7914815
 0.79574932
 0.79353162
 0.78776326
 0.78988268
  0.7819727
 0.77912067
 0.77988957
 0.77694939
 0.77699528
 0.77403372
 0.78770965
 0.78889259
 0.79624519
 0.79162741
 0.79212912
 0.79724508
 0.80154289
  0.8057733
 0.80409595
 0.80242792
 0.80663769
 0.80301822
 0.80414968
 0.80093948
 0.80694377
 0.80641937
 0.80356859
 0.80080503
 0.79975933
  0.7937544
 0.79403214
 0.79653243
 0.79541861
 0.79256978
 0.79100164
 0.78502052
 0.79025752
 0.78890668
 0.78572576
 0.78666047
  0.7903172
 0.78809459
 0.79235837
 0.79176539
 0.78646562
 0.78792153
   0.792943
 0.79309905
 0.78627536
 0.78521956
 0.79431825
 0.79650566
 0.78447044
 0.78119516
 0.77905804
 0.78466439
 0.77619825
 0.78609827
 0.79248951
 0.79509851
 0.79902999
 0.79919856
 0.79699701
 0.79591252
 0.79515074
 0.79182805
 0.79462276
 0.79378781
 0.78666507
 0.78442403
 0.77436515
 0.77655923
  0.7725811
 0.77026498
 0.77474805
 0.78535784
 0.78864551
  0.7854237
 0.78373617
 0.78200013
 0.77838667
 0.77522642
 0.78461454
 0.78021291
 0.77855388
  0.7778501
 0.76778635
 0.76264383
 0.77012085
 0.76925881
 0.75527935
 0.75053606
 0.77599911
 0.78883173
 0.78440729
 0.78487507
 0.78214579
 0.78370366
 0.78296262
 0.78850836
 0.79101955
 0.79429922
 0.79993764
 0.80137163
 0.79510655
 0.79686209
 0.79252139
 0.79736778
 0.80098689
 0.80668375
 0.80582411
 0.80144379
 0.79800215
 0.79222128
 0.79087234
 0.79900006
 0.80010367
 0.79625402
 0.78592313
 0.79081348
 0.79369156
 0.79507887
 0.78821061
 0.79545084
 0.79965011
 0.79912408
 0.79929048
 0.80152678
 0.80146487
  0.7954261
 0.79089259
 0.78935583
 0.78897655
 0.78264308
 0.78436409
 0.78342583
 0.78561691
 0.78783296
 0.79055493
 0.78414225
 0.78862287
   0.790352
 0.78599821
 0.78225934
 0.79645085
 0.79820348
 0.79536669
 0.79278126
  0.7917859
 0.78376174
  0.7851083
 0.78308083
 0.77822597
 0.78475019
 0.78134088
 0.77747596
 0.77709399
 0.76965667
  0.7611292
 0.76712115
  0.7690222
 0.77048827
 0.77083232
 0.77367473
 0.77434016
  0.7695788
 0.77307901
 0.77974647
 0.78351285
 0.78772828
 0.80085134
  0.8044657
 0.81220856
 0.81040998
 0.81156619
 0.81422134
 0.80842671
 0.80789422
 0.80589747
 0.80331006
 0.80461337
 0.80551893
 0.80733606
 0.80461714
 0.80283043
 0.80520884
 0.81036558
 0.80547339
 0.80290255
 0.80200975
 0.79869148
 0.79707342
 0.79455818
 0.78961065
  0.7884374
  0.7923047
 0.79191427
 0.79013937
 0.78358008
 0.78549784
 0.79251259
  0.7905432
 0.79345484
 0.79337577
 0.79209246
 0.79177144
 0.79152215
 0.78791167
 0.79075897
 0.78817811
 0.79667664
 0.80008068
 0.80130153
 0.80680799
  0.8046223
 0.80035086
 0.80082974
 0.79349122
 0.78408888
 0.78751426
 0.77739805
 0.77645776
 0.77698672
 0.77508526
 0.77437073
  0.7823649
 0.78118612
 0.78108846
 0.77125218
 0.77797259
 0.78054382
 0.78230244
 0.77952915
 0.77638494
 0.78220673
 0.78292837
 0.78302805
 0.78423877
 0.78414982
 0.78987352
 0.79376848
 0.79168934
 0.79224419
 0.78580987
 0.78645557
 0.78049028
 0.78421507
 0.78208138
 0.78606116
 0.77944163
 0.77175201
 0.76507346
 0.76055119
 0.75683483
 0.75529329
  0.7563941
 0.75893022
 0.76136289
 0.76777243
 0.76924846
 0.77166618
 0.77661594
  0.7829425
 0.79294815
 0.79643892
 0.79526494
 0.79275901
  0.7902963
 0.79114808
 0.79673492
 0.79213484
 0.78577374
 0.78503541
 0.78507332
 0.77496652
 0.77726114
 0.77819203
 0.77816828
 0.78286216
 0.77962365
 0.77456071
 0.76779528
 0.76521724
 0.76480416
 0.76894815
 0.77075589
  0.7809985
 0.78197415
 0.78563689
  0.7842809
 0.78838052
 0.79036196
 0.78928291
 0.79102242
 0.78881288
 0.78063803
 0.77898641
 0.78592982
 0.78800971
 0.78515088
 0.78719851
 0.78537045
 0.78872483
 0.77175636
 0.76911662
 0.77094844
 0.77236102
 0.76890911
 0.76577922
 0.76448594
 0.76213332
 0.76020367
 0.76186715
  0.7523099
 0.75629794
 0.75904967
 0.75643275
 0.75442252
 0.74881673
 0.74804292
 0.75384942
  0.7569369
 0.76599588
 0.76817508
 0.76863762
 0.76980072
 0.76798309
 0.77295916
 0.76652545
 0.76768777
 0.76485773
 0.76984703
 0.75912752
 0.77905761
 0.77961035
 0.77689529
 0.78030789
  0.7753394
 0.77178939
 0.77474363
 0.76632663
 0.77149801
 0.77860775
 0.78160524
 0.78366129
 0.78305051
 0.77586242
 0.77907667
  0.7735975
 0.78044054
 0.77884298
 0.77572207
 0.77251476
 0.77272685
 0.76868924
 0.77144134
 0.77003196
 0.76675575
 0.76565895
 0.76754782
 0.76605547
 0.77187727
 0.76552499
 0.77040962
 0.76651273
 0.77970653
 0.77911165
  0.7868327
  0.7850554
 0.77963596
 0.77458546
  0.7700705
 0.76841499
 0.77403652
 0.76716415
  0.7637784
 0.77016754
   0.775007
 0.76947945
 0.76895826
 0.77547392
  0.7701263
 0.77158185
 0.77171235
   0.757941
 0.76786949
 0.76330768
 0.76955168
 0.77087568
 0.77499237
 0.77856191
 0.77524281
 0.77466982
 0.76369161
 0.75627469
 0.76063055
  0.7542919
 0.75538273
 0.74896405
 0.74664334
 0.75565033
 0.75492995
 0.75975408
  0.7579745
 0.76305635
 0.76638953
 0.76599592
 0.77308046
 0.76970071
 0.77015242
 0.77184756
 0.76684813
 0.76428575
  0.7674121
 0.76732065
 0.76234927
 0.76616908
 0.76518089
 0.76419448
 0.75562495
 0.75163274
 0.75271859
 0.74590126
 0.74915234
   0.747457
 0.75790466
  0.7594143
 0.75351153
 0.75315518
 0.74823042
 0.74812191
 0.75357804
 0.74901905
 0.74215324
 0.74302331
 0.74662318
  0.7451247
 0.75130601
 0.74598201
 0.75456332
 0.75668796
 0.76167214
 0.75044953
 0.75769811
 0.75800625
 0.76251603
 0.76616142
 0.76378989
 0.77089052
 0.77125603
  0.7681075
  0.7635859
 0.76046701
 0.75936742
 0.75289028
 0.75738537
 0.75770543
 0.76864228
 0.74588247
 0.74326683
  0.7491165
  0.7546222
 0.75651392
  0.7437166
 0.73004133
 0.71892288
 0.70887455
 0.70709256
 0.71305935
 0.71614912
 0.72161662
 0.72559842
 0.71555516
 0.71127366
  0.7176115
 0.71383991
 0.71538704
 0.70881576
 0.70454813
 0.69957356
 0.70036093
 0.69735347
 0.69397944
 0.69248016
 0.69092332
 0.69604957
 0.69165487
 0.68450623
 0.68913925
 0.68238933
 0.67509458
 0.67203177
 0.67302258
 0.66978789
 0.66212028
 0.67623959
   0.684557
 0.68730734
 0.69561377
 0.69473278
 0.69185047
 0.68670197
 0.67976641
 0.68884387
 0.67927096
 0.69315528
 0.68777744
 0.69383748
 0.70215928
 0.70628042
 0.71142154
 0.71621392
 0.71752039
 0.71676962
 0.71434174
 0.70363331
 0.70571898
 0.70009759
 0.69750286
 0.70222112
  0.7028154
 0.69848569
 0.70839117
 0.70418212
 0.69913334
 0.70114773
 0.69968286
 0.70326559
 0.70671733
 0.70833771
 0.70878661
 0.70632241
 0.70634181
 0.71021008
 0.71145702
 0.71202147
 0.71224998
 0.71391984
 0.71114296
 0.71798913
 0.72128704
 0.71939221
 0.71520421
 0.71477825
 0.71662557
 0.71959817
 0.72319625
 0.72067126
 0.72179023
 0.71963782
 0.71794448
 0.71738855
 0.71828607
 0.72007872
 0.71639931
 0.71079378
 0.71247912
  0.7237097
 0.73114089
 0.73302487
 0.73519416
 0.73491439
  0.7353906
   0.737308
  0.7413918
  0.7416403
 0.73414096
 0.73855313
 0.73683527
 0.73034188
 0.73131941
 0.73481284
 0.73880218
 0.74680764
 0.74507924
 0.74142104
 0.74025158
 0.73676143
 0.73741969
 0.73920242
 0.73812011
 0.73680146
 0.73765005
 0.73171219
 0.72812731
 0.73000304
 0.73584807
 0.73589394
 0.73589555
 0.73904451
 0.73734542
 0.73924705
 0.73522579
 0.73437131
  0.7244409
 0.73322825
 0.72856318
 0.72874257
 0.72469915
 0.73296791
  0.7247545
 0.73319428
  0.7370307
 0.73695061
 0.73494513
 0.73889602
 0.73228334
 0.73436312
 0.72573698
  0.7287808
 0.72675587
 0.72527947
 0.72565486
 0.72338669
 0.72866115
 0.72333665
 0.72980509
 0.73206443
  0.7330306
 0.72546075
 0.72590567
 0.73523022
  0.7365144
 0.74144104
 0.74054164
 0.73258203
 0.72810755
 0.72793299
  0.7339432
 0.73372006
 0.72708914
 0.73179795
 0.73449255
 0.74082463
 0.74102679
 0.74751958
 0.74713999
  0.7496003
 0.75085184
 0.75875268
 0.75164062
 0.75829213
 0.75670947
 0.75523376
 0.75933908
 0.74735809
 0.75166028
 0.74590159
 0.75635051
 0.75376093
 0.74962848
 0.74039544
 0.74756654
 0.74853786
 0.74818124
 0.73843636
 0.74023859
 0.73195129
 0.74388813
 0.74718503
   0.750183
  0.7499499
 0.74254736
 0.74151391
 0.74111624
 0.74371895
 0.74412271
 0.74831907
  0.7482829
 0.75073597
 0.75173066
 0.75723715
 0.76635274
 0.76849137
 0.77183968
 0.77532269
 0.77634123
 0.78218049
 0.77839925
 0.77746944
 0.77988644
 0.77778895
 0.78413032
 0.77941448
 0.78273351
 0.78171183
  0.7785933
 0.78520024
 0.77998979
 0.77793272
 0.77908093
 0.78183277
 0.78094366
 0.77570754
 0.77734769
 0.77787374
 0.77923214
  0.7803998
 0.77673297
 0.77716818
  0.7779311
 0.77575027
 0.78146715
 0.78207448
 0.78021099
 0.78106518
 0.78881057
 0.78823202
 0.78624115
 0.78425183
 0.78088025
 0.77846559
  0.7853486
 0.78613233
 0.78525772
 0.78711656
 0.77944159
 0.78345626
 0.78112042
  0.7756257
 0.77718455
 0.77874201
 0.78242135
 0.77951043
 0.77996893
 0.78037944
 0.77892621
  0.7727173
 0.76960105
 0.77267678
 0.76801498
 0.75565575
 0.75155245
 0.75760164
 0.75175556
 0.75637216
 0.76690917
 0.76567909
 0.77459364
 0.77422938
 0.77188389
 0.77347982
 0.77543708
 0.77901573
 0.77746295
  0.7767987
 0.77803562
 0.78293992
 0.78380517
 0.78646644
 0.78497283
 0.78601411
 0.78738409
 0.78241456
 0.78106696
 0.78565216
 0.78501324
 0.77873942
 0.78206106
 0.77846065
 0.77504679
 0.77709985
 0.77499429
 0.77892804
 0.77582596
 0.77938137
  0.7776514
 0.77030535
 0.77906894
 0.78001334
 0.77844682
 0.77957246
 0.77409728
 0.77078295
 0.76634008
 0.76419386
 0.77170976
 0.77062141
 0.76771571
 0.76819897
 0.75925294
 0.76027884
 0.76065821
 0.76239312
 0.76123233
 0.76861317
 0.77509281
 0.77337138
 0.77471837
 0.77188872
 0.76791917
 0.77073932
 0.76633683
  0.7657876
 0.76562796
 0.76469039
 0.76867033
 0.76978234
 0.76766213
 0.76911014
   0.768409
 0.76691251
 0.76481616
 0.76453226
 0.76367833
 0.76343337
 0.75783573
 0.75962051
 0.75624852
 0.75870018
 0.75760751
 0.76051421
 0.75753628
  0.7559861
 0.75883809
 0.76213534
 0.76238899
  0.7598445
 0.75124076
 0.75102338
 0.75573961
 0.75347023
 0.75232279
 0.75360407
 0.75184572
 0.74967866
 0.75433002
 0.75198826
 0.75369331
 0.75205299
  0.7580729
 0.75218786
  0.7538039
 0.75222935
 0.75059254
 0.75257644
 0.75251291
 0.75285417
 0.75093706
 0.75571171
 0.75197703
 0.75368322
 0.75383123
   0.751577
 0.75189245
  0.7504567
 0.75498807
 0.74795676
 0.75986981
 0.76111206
 0.76326337
  0.7601917
  0.7624821
 0.75686626
 0.74918394
 0.75890985
 0.75566183
 0.75153979
 0.74970909
 0.75286336
 0.75714788
 0.76123124
 0.76038092
 0.75209342
 0.76285771
 0.76227113
 0.76012994
 0.76728678
 0.77586657
 0.76915933
 0.77030923
 0.76925613
 0.76636202
 0.76262806
 0.75977144
 0.76446326
 0.76602105
  0.7645668
 0.76746142
 0.76675097
 0.76299329
 0.76337248
 0.76005061
 0.76048874
 0.75637387
 0.75424294
 0.75687464
 0.75312168
 0.74102809
  0.7495153
 0.74302112
 0.74489762
 0.74790643
 0.74910752
 0.73352362
  0.7380329
 0.72923995
  0.7413663
 0.74530592
 0.74688158
 0.75299808
 0.75374515
 0.76376749
 0.76901557
 0.77171661
 0.76508649
 0.76090091
 0.75515098
 0.75610289
 0.76090439
 0.76348225
 0.76973142
 0.77497295
 0.77517505
 0.78066406
 0.77907872
 0.77556144
  0.7659705
 0.76550923
 0.76386262
  0.7734867
 0.77046386
 0.77108429
 0.76433125
  0.7709777
 0.77055092
 0.77586099
 0.76750364
 0.77258992
 0.77289355
 0.77565909
 0.77455464
 0.77921681
 0.78269789
 0.77865617
   0.781657
 0.78441946
 0.78754512
 0.78894173
 0.79497591
 0.79804079
 0.79177455
 0.78974899
 0.79196847
 0.79674694
 0.79244291
 0.79889158
 0.79506609
 0.79066303
 0.78934568
  0.7917617
 0.80381367
 0.80164236
 0.80302801
 0.79803178
 0.80264328
 0.80531416
 0.79814544
   0.798732
  0.8012232
 0.80053398
 0.80224152
 0.79832412
 0.79282006
 0.79280419
 0.79855105
 0.79183095
 0.79084829
 0.79289904
 0.79523793
 0.79333406
 0.79229985
 0.79771226
 0.79647799
 0.79664555
 0.79297745
 0.79389322
 0.79348753
  0.7966799
 0.80328414
 0.80422518
 0.80292538
 0.79514662
 0.79860147
 0.80101444
 0.79934262
 0.80092482
 0.79501635
 0.79930088
 0.79902494
 0.79862954
 0.79343093
 0.79511611
 0.79041685
 0.79489912
 0.78605396
 0.78783106
 0.78301442
 0.78055567
 0.78636457
 0.78648348
 0.78469015
 0.78762472
 0.79303791
 0.80045381
 0.79403035
 0.79410839
  0.7918281
 0.79418133
 0.79123642
 0.79523769
 0.79673961
  0.7980965
 0.80049392
  0.7986175
 0.80042404
 0.80606927
  0.8033082
 0.79804499
  0.8067377
    0.80962
 0.81491569
 0.81047732
 0.80771776
 0.80926101
 0.81598526
 0.80454172
 0.80739373
 0.79897178
 0.79228342
 0.79149536
 0.79098226
 0.78611313
 0.78868457
 0.79877133
 0.80415619
 0.80024441
 0.80831178
 0.80696236
 0.79847234
 0.80570316
 0.80564968
 0.81442954
 0.81506779
 0.81455402
 0.81523866
 0.81742155
 0.80931099
 0.80515776
 0.80876956
 0.81582143
 0.81206731
 0.81423435
 0.81358588
 0.81494693
 0.81907417
 0.82097313
 0.81658293
 0.81387495
 0.80868336
 0.81185735
 0.80630067
 0.81119416
 0.80356078
 0.79683545
 0.80232666
 0.79635842
 0.80312578
  0.8041952
 0.80917653
 0.80526711
 0.81342621
 0.81187029
 0.81283366
 0.80734736
 0.81076675
 0.81380824
 0.81775551
 0.81866693
 0.81775792
 0.81290018
 0.81893628
 0.80967247
 0.80924527
  0.8056015
 0.82095198
 0.82075824
 0.82637046
 0.83021005
 0.83182132
 0.83371091
 0.83193869
 0.82660034
 0.82908083
 0.82973813
 0.83281005
 0.82868729
 0.82695996
 0.82766431
 0.82609301
 0.83417401
 0.82653986
  0.8318838
 0.83176364
 0.82788834
 0.82438025
 0.83196612
 0.82959542
 0.82904568
 0.82467417
 0.82722969
 0.82955274
 0.82537309
   0.828133
 0.82957717
 0.82230459
 0.82727652
 0.82223412
  0.8228044
 0.81880413
 0.81796544
 0.81930827
 0.82178622
 0.81613864
 0.82338672
 0.82645057
 0.82637645
 0.82754017
 0.83087094
 0.82599318
 0.82589865
 0.82020867
 0.82325441
 0.84121183
 0.84236077
 0.83520609
 0.84257948
 0.84143121
 0.84250022
 0.84698869
 0.84643077
 0.84677028
 0.84675821
 0.84867705
 0.84761462
 0.84493665
 0.85173431
 0.84943842
 0.84646148
 0.85164202
 0.85546341
 0.85263851
 0.85147259
  0.8519344
 0.85105023
 0.84175199
 0.85166671
 0.84300392
 0.84788271
 0.84265007
 0.84115385
  0.8499067
 0.84768615
 0.85390364
 0.85444972
  0.8477348
 0.85159497
  0.8523004
 0.85136716
 0.85663881
 0.84949699
    0.84885
 0.84797602
 0.85380151
 0.85627867
 0.86460921
 0.86150924
 0.86333398
 0.86279603
 0.85638058
 0.85777836
 0.84565859
 0.84457151
 0.83527114
 0.83455515
 0.82783433
 0.84388047
 0.84890734
 0.84180366
 0.83995274
  0.8425401
 0.84087179
 0.83872001
  0.8387875
 0.84610146
 0.83890434
 0.83826153
 0.84964865
  0.8486411
 0.85194653
 0.84679917
 0.84105117
 0.85793141
 0.85494303
  0.8590463
 0.85441734
 0.85252354
 0.84683677
  0.8575798
 0.85547268
  0.8554244
 0.85486065
  0.8658126
 0.85964941
 0.85761709
 0.86259107
 0.86040092
 0.85823539
 0.84799343
 0.86384019
  0.8586978
 0.85981723
 0.85790675
 0.86034767
 0.86576366
 0.86437675
 0.85809889
 0.86327418
 0.86506974
 0.86713164
 0.84944453
 0.85103864
 0.84233266
 0.85286939
 0.85110329
 0.84782652
 0.84574234
 0.84510449
 0.85017741
 0.85146457
 0.85881606
 0.86381036
 0.86434425
  0.8672026
 0.87046951
 0.87306245
 0.88468921
 0.88485781
 0.88240493
 0.88726454
 0.88633752
 0.87993908
 0.88607659
 0.87948824
 0.89307964
 0.88336007
 0.88973591
 0.89577888
 0.88594054
  0.8886225
 0.89578957
 0.89533757
   0.884903
 0.88255726
 0.88592109
 0.88600697
 0.87990497
 0.87606465
  0.8776745
 0.86812918
 0.87613534
 0.87563308
 0.87484407
 0.87496849
 0.87774613
 0.87549943
 0.87217647
 0.87802486
 0.87894376
 0.87991673
 0.88047718
 0.87433316
 0.87554674
 0.87673644
 0.87547531
 0.87562887
 0.88528252
 0.88400144
 0.88447689
 0.88474078
 0.88083125
 0.88162478
 0.87628078
 0.88698679
 0.88998495
 0.88342547
 0.87827825
 0.88502706
 0.88564987
 0.87993337
 0.88436198
 0.89035487
 0.88837014
 0.89644712
 0.89711362
 0.90245952
 0.88999398
 0.89394638
 0.90208404
 0.89392539
 0.90332628
 0.88908284
 0.89048044
 0.89742223
 0.89520841
  0.8971612
  0.9069795
 0.90407574
 0.91046752
 0.91110949
 0.91237441
 0.92092476
 0.91794434
 0.91618541
 0.90856253
 0.90659154
 0.90360078
 0.90831471
 0.90360531
 0.89208614
 0.89766887
  0.8899341
 0.89578431
 0.89031797
 0.89623919
 0.89094878
 0.89105391
 0.89210037
 0.89507827
 0.89624186
 0.89446532
 0.89940214
 0.90020531
 0.89896304
 0.90146201
 0.90827589
 0.90470376
 0.90497294
 0.90525148
 0.90852837
 0.91246683
 0.91167851
 0.90889103
 0.90743635
 0.90308022
 0.90367696
 0.89683397
 0.89129699
 0.88906531
 0.89254263
 0.88678376
 0.89378594
 0.89234032
 0.89059015
 0.88919122
 0.89505794
 0.90046128
 0.90081058
 0.90361453
 0.90511966
 0.90390913
 0.90545164
 0.90411514
 0.90040065
 0.89871511
 0.89357976
 0.90089329
 0.91145749
 0.92024482
 0.91684834
 0.92071016
  0.9199563
 0.92403524
 0.91706718
 0.92192374
 0.91953869
 0.91650417
 0.92464628
 0.92502064
 0.92718552
 0.92290616
 0.92316707
 0.92436531
 0.92508642
 0.93015259
 0.93477893
 0.93748607
 0.94055888
 0.93591751
 0.93450857
 0.92883894
 0.93164958
 0.92768462
 0.92653946
 0.92913245
 0.92874294
 0.92214861
 0.92283413
 0.91150597
 0.91947237
 0.92035772
 0.91674874
 0.91396532
 0.91275556
 0.91182099
  0.9117238
 0.90717581
 0.90368635
 0.91145102
 0.90769179
 0.90086519
 0.90129954
 0.89775039
 0.90356843
 0.89324974
 0.89702864
 0.90134845
 0.89269573
 0.88967893
 0.89637903
 0.90043767
  0.8992202
 0.89832999
 0.90785243
 0.90387498
 0.91679129
 0.90353468
 0.90868614
 0.90031307
 0.89407486
 0.88659057
  0.8829379
 0.88167446
 0.87601201
  0.8782113
 0.88695723
 0.88898216
  0.8820715
 0.89133419
 0.89043687
 0.88293138
 0.90005602
 0.89004497
 0.89903615
 0.89694869
 0.89975062
 0.89762844
 0.89414185
 0.90242432
 0.91208957
 0.91642216
 0.92423516
 0.92265626
 0.92508127
 0.91907618
 0.92123186
 0.91979764
  0.9208627
  0.9160752
 0.92036356
 0.91550335
 0.91286255
 0.89734786
 0.89387797
 0.88534665
 0.88093037
 0.87275261
 0.87040054
 0.87389611
 0.87289945
 0.88397602
 0.89352361
 0.89588027
 0.89929725
 0.89733898
 0.89710404
  0.8885002
 0.89593136
 0.89117313
 0.90743423
 0.91482515
 0.91839631
 0.91414347
 0.90666941
 0.90465912
  0.9068428
 0.91201754
 0.91308655
 0.92293029
 0.91599366
 0.90563252
 0.90991476
 0.91763202
   0.913274
  0.9162861
 0.92014445
 0.92004113
 0.91640105
  0.9141508
 0.91050979
 0.91178131
  0.9066517
 0.90533457
 0.90858474
  0.9070613
 0.90102625
 0.90437611
 0.90804954
 0.90964769
 0.90713569
 0.90505708
 0.89694293
 0.89300193
 0.89226889
 0.88827361
 0.88564313
 0.88129288
 0.88480407
 0.87507279
 0.87527474
 0.87521343
 0.87791164
 0.87296193
 0.87029332
 0.86759024
 0.86863918
 0.87143299
 0.87437045
 0.87285744
    0.87513
 0.87702325
 0.88437729
 0.88701691
 0.88306166
 0.87609568
 0.88046064
 0.88317484
 0.87509147
 0.87770197
 0.87845635
  0.8790929
 0.88367288
 0.88733154
   0.899133
 0.90619234
 0.91281006
  0.9090949
 0.90982676
 0.91222253
 0.91164552
 0.91401922
 0.90923259
 0.90770229
 0.90812848
 0.90730917
  0.9065306
 0.90784333
  0.9174679
 0.91864252
 0.92038566
 0.92091505
 0.91456286
 0.91413496
 0.91347128
 0.91238893
 0.91380703
 0.90972636
 0.90988253
 0.90476803
  0.9058302
 0.90402859
 0.90431846
 0.90678626
 0.89864573
 0.89906816
  0.9000328
 0.88693787
 0.89962962
 0.90910102
 0.90134793
 0.90639919
 0.90339801
 0.91366256
 0.91133939
 0.91876346
 0.91842964
 0.92075892
 0.91854719
 0.92094064
 0.92743851
 0.93295259
 0.92602092
 0.91945651
 0.91388638
 0.90070891
 0.89770115
 0.88485808
 0.87801614
 0.87171015
 0.86925423
 0.85309283
 0.84316959
 0.83044006
 0.83223322
 0.83221632
 0.83401606
 0.84083607
 0.83821782
 0.83502886
 0.83309671
 0.83512206
 0.83743698
 0.84278181
 0.84065821
 0.84707556
 0.84499096
 0.84726633
 0.83954425
 0.83864618
 0.84638219
 0.85656061
 0.85499674
 0.85218382
 0.85866069
 0.83971796
 0.83153454
 0.82357634
 0.81861265
 0.80896612
 0.82170847
 0.82210773
 0.82365998
 0.83426535
 0.83198359
    0.83466
 0.83541825
 0.83343734
 0.83627533
 0.82101414
 0.82906625
 0.83520832
 0.82907368
 0.84110562
 0.84440401
 0.83533702
 0.84088544
 0.84214209
 0.84611924
 0.85564091
 0.84326085
 0.84453277
 0.84365455
 0.84205526
 0.84230388
 0.83658078
 0.84032774
  0.8459834
 0.84439917
 0.83788938
 0.84717263
 0.84751439
 0.84905643
 0.85146959
 0.85916531
 0.85485105
 0.85633615
 0.85355677
 0.85454819
 0.85390283
 0.86776358
 0.86872479
 0.86705313
 0.86654485
 0.86513781
 0.87635852
 0.88068254
 0.87806135
 0.87766559
 0.87759595
 0.88285328
 0.88521195
 0.88341969
 0.88021949
 0.88062621
 0.87579132
 0.88170061
  0.8845803
 0.88092496
 0.87656379
  0.8794824
 0.87317248
  0.8757012
 0.87643404
 0.87332069
 0.87366203
 0.87674024
 0.87581449
 0.87086858
 0.86829956
 0.86552235
 0.86005377
 0.86095048
 0.86479063
 0.86639364
 0.86823147
 0.87080094
 0.87142059
 0.86675071
 0.86150502
 0.85973063
 0.85585909
 0.85119996
 0.84775539
 0.84622584
 0.85045868
 0.84659518
 0.84777906
  0.8407885
 0.83462092
 0.83084885
 0.83368208
 0.82434371
 0.83709985
 0.84492933
 0.85092071
 0.85571131
 0.85965286
 0.85588485
 0.85237036
 0.85869395
  0.8582784
 0.85761357
 0.85651336
 0.85471296
 0.85173382
 0.86225711
 0.86435642
 0.86621769
 0.86468247
 0.86385172
 0.86658362
 0.86671851
 0.86532851
 0.86914227
 0.86333122
 0.86564429
 0.86305972
 0.86730375
 0.86826427
 0.86750916
 0.86744223
 0.86986516
  0.8739043
 0.87577085
 0.87566322
 0.87794181
 0.87891048
 0.88035521
 0.87068875
 0.87379998
   0.866436
 0.86679752
 0.86308688
 0.86488831
 0.85862801
 0.86398071
 0.86576305
 0.86513828
 0.86363001
   0.866653
 0.86435895
 0.87330227
 0.87687184
 0.87470773
 0.87092371
 0.87514017
 0.87882241
 0.87870766
 0.87366551
  0.8831092
 0.88692547
 0.88727075
 0.88804677
 0.88984365
 0.88950099
 0.88854624
  0.8936618
 0.89179495
  0.8941471
 0.89678415
 0.89412246
 0.88817206
 0.89174782
 0.88969052
 0.89364833
 0.88883999
 0.88649404
 0.89150167
 0.88942565
 0.88994303
 0.88941378
 0.89018774
 0.88706018
  0.8892319
 0.88326441
 0.88344573
 0.88995931
 0.89048384
 0.88912693
 0.89012759
 0.88816261
 0.89017115
  0.8810724
 0.88275915
 0.88438476
  0.8858266
 0.88674373
 0.88526678
 0.88827676
 0.88479567
 0.88681416
 0.88255207
 0.88486131
 0.88433518
 0.88547727
 0.88505614
 0.88427682
 0.89143378
 0.89243462
 0.89354101
 0.89329301
 0.89362996
 0.89039153
 0.89215687
 0.88921418
 0.88187638
 0.88361078
 0.89283575
 0.87993242
 0.89195507
 0.89429477
 0.88764452
  0.8802183
 0.88021362
 0.88393174
 0.87139272
 0.87134452
 0.87041258
 0.87076913
  0.8803176
 0.86479407
 0.86949796
  0.8653164
   0.867733
 0.87818371
 0.89654636
 0.89005314
 0.89071018
 0.89609125
 0.89117715
  0.8953426
 0.90828264
 0.89875101
 0.90646257
 0.90255561
 0.89873613
 0.89588982
 0.89989675
 0.89924039
 0.89498773
 0.89025685
 0.88873256
 0.88866011
 0.88556758
 0.87840687
  0.8820315
 0.88421409
 0.88202681
 0.87443802
 0.87550716
 0.87382243
  0.8663154
 0.87056272
 0.86442796
 0.86493055
 0.87308714
 0.86446794
 0.87679983
 0.87640808
 0.87897502
 0.87230398
 0.87495114
 0.88421393
 0.87978143
  0.8791936
  0.8782274
 0.87293257
 0.86757309
 0.85413313
 0.85255148
 0.84931904
  0.8450203
 0.84722519
 0.85754157
 0.86220054
 0.86202439
 0.86122605
  0.8706082
 0.87357058
 0.87231637
 0.87124576
 0.86410468
 0.85732078
 0.85041203
 0.85112258
  0.8485807
  0.8523596
 0.85077878
 0.84845711
 0.84897453
 0.84905533
 0.84063799
 0.84146645
 0.83722544
  0.8368922
  0.8384999
 0.83416904
 0.83434569
 0.83818447
 0.84516215
 0.84884002
 0.85056661
 0.84946991
 0.84882525
 0.84777445
 0.85228842
 0.84844221
  0.8413251
  0.8403703
 0.83768452
 0.84082661
 0.83734926
 0.84561532
 0.85186541
 0.85453737
 0.85147516
 0.85073524
 0.84846121
 0.85430347
  0.8491502
 0.84521241
 0.83886624
 0.83676929
 0.84064449
 0.84360212
 0.84951513
  0.8517644
 0.85389142
 0.85147638
 0.85652273
 0.85711411
 0.85749581
 0.85987004
 0.85729055
 0.85845392
 0.86145789
 0.86326351
 0.86294072
 0.85949206
 0.85903244
 0.85456977
 0.85351663
 0.84169899
  0.8372394
 0.83284945
 0.82878347
 0.83695484
 0.83700396
 0.83650728
 0.83873389
 0.83482111
 0.84043585
 0.83992538
 0.84160124
 0.83521745
 0.83472185
 0.82674498
 0.83596841
 0.83453586
 0.83492668
 0.83444079
 0.83993777
 0.83870601
 0.84020808
 0.83638976
 0.83560747
 0.83557148
 0.82989743
  0.8312021
  0.8401527
 0.84012676
 0.84842128
  0.8537919
 0.84989051
 0.84531051
 0.83744906
 0.83080442
 0.83359988
 0.82756067
 0.82751898
 0.82700648
 0.82942608
 0.82544907
 0.82131986
 0.83153919
 0.82167764
 0.82750591
 0.83281012
 0.83681028
 0.83604686
  0.8382667
 0.83613869
 0.83233967
 0.83234892
 0.82780194
 0.82398748
 0.81974385
 0.81651124
 0.81220135
 0.81255256
 0.81836881
 0.82497795
  0.8336417
 0.83584057
  0.8422337
 0.85362398
 0.85822954
 0.85338937
 0.86275225
 0.86575591
 0.86511506
   0.863549
 0.85894837
 0.86505783
  0.8573679
 0.85754219
 0.85195327
 0.83701387
 0.83218816
 0.82761864
 0.83042942
  0.8319177
 0.82706939
 0.81820152
 0.82217887
 0.81913304
 0.82118863
 0.82265553
   0.813862
 0.81549807
 0.81287186
 0.81481003
 0.80633775
 0.81903278
 0.82789865
 0.82702777
 0.83745455
 0.83878054
 0.83225226
 0.83183944
 0.82251063
 0.82990798
 0.83013212
  0.8268908
 0.82117442
 0.82535444
 0.83257375
 0.82435649
 0.83588101
 0.83995525
 0.83829892
 0.83843138
 0.83686848
 0.84220472
 0.85091923
 0.84722459
 0.84593493
 0.84983258
 0.85259442
 0.85387701
 0.84889686
 0.85389279
 0.85352585
  0.8629839
  0.8712517
  0.8685975
 0.86659749
  0.8688414
 0.87537831
 0.86146566
  0.8691613
 0.86871591
 0.86329363
 0.86824227
  0.8700744
  0.8733226
 0.87888266
 0.88058791
 0.87741658
 0.87916041
 0.87631073
 0.88200004
 0.88852448
 0.89386116
 0.89666716
 0.88867698
 0.88690239
 0.88671269
 0.89648135
 0.88743866
 0.88420531
 0.88925086
 0.89356151
 0.89302167
 0.89081202
 0.88659406
 0.89096898
 0.89206296
 0.89373437
 0.88879644
 0.89167814
 0.88645401
 0.89170484
 0.89366269
 0.90151445
 0.90320754
 0.90328612
 0.90285361
 0.90028509
 0.89431153
 0.88868713
  0.8913733
 0.88753601
 0.87375608
 0.88330892
 0.88803515
 0.90053682
 0.89392962
 0.89902209
 0.90251219
  0.9045153
 0.90070611
  0.8980518
 0.89399669
 0.89895218
 0.89475229
 0.89490446
 0.88879993
 0.89217732
 0.89225169
 0.89777809
 0.88962748
 0.88458189
 0.87891544
 0.86617969
 0.84599079
 0.84088881
 0.85355296
 0.86989861
 0.86560595
  0.8799511
 0.89465483
 0.89670075
 0.90031805
 0.90563642
 0.90362419
  0.9098049
 0.90736354
 0.90691114
  0.9025159
 0.89883188
 0.89768477
 0.90063097
 0.90615185
 0.90167523
 0.90640948
 0.89836858
 0.89924888
 0.89611219
 0.89633197
 0.89885579
 0.90174881
  0.8965795
 0.89491709
 0.89546033
 0.88905623
 0.88742289
 0.86846312
 0.86586918
 0.87265461
 0.86992098
 0.86967428
 0.87481601
 0.88233998
 0.88449979
 0.88443423
 0.89844636
 0.89816172
 0.89617397
 0.89390137
 0.89611056
 0.90022577
 0.89922757
 0.88993407
 0.88388617
 0.88511769
 0.88494515
 0.88108755
 0.88314815
 0.88321354
 0.88754373
 0.88585183
 0.89222811
 0.88598445
 0.89365147
 0.89226669
 0.89621152
 0.89197832
 0.88696306
 0.88244974
 0.88593485
 0.89178544
 0.88769159
 0.88646995
 0.89058295
 0.89229831
 0.89103869
  0.8924229
 0.89133286
 0.89127935
 0.88791648
 0.88382989
  0.8798859
 0.88004288
 0.88040878
 0.87871951
 0.87380533
 0.87495337
 0.87159969
 0.87312037
 0.86836219
 0.87114697
 0.86458157
 0.86784584
 0.86820249
 0.86780602
 0.86936587
 0.86752907
 0.86876689
 0.87310139
 0.87164244
 0.86782377
 0.86574478
 0.86511949
 0.87178679
 0.88197705
 0.87871716
 0.88314285
 0.88400825
 0.88043594
 0.88433875
 0.88221878
  0.8817604
 0.88394636
 0.88572616
 0.88338502
 0.87953228
   0.875927
 0.88127086
 0.88557858
 0.88152248
 0.88373968
 0.88827549
 0.88643196
 0.88670681
 0.89026591
 0.88575139
 0.88112685
 0.88813553
   0.892144
 0.89442036
 0.89185586
 0.89230629
 0.89315729
 0.88836844
 0.87508338
 0.87652454
 0.88415034
 0.88601959
 0.88197091
 0.87991855
 0.88022568
 0.88013919
 0.87397291
 0.86943164
 0.85715014
 0.86196419
 0.86528802
 0.86328288
 0.86196822
 0.85709563
 0.86501602
 0.86630951
 0.87673619
 0.87747877
 0.87581366
 0.87586597
 0.87340811
 0.87501847
 0.87904556
 0.88269594
  0.8842389
 0.88533134
   0.890586
 0.88932431
 0.88462936
 0.88006967
 0.87884921
 0.88631206
 0.89021062
 0.88012768
 0.87533748
 0.87445283
 0.87102143
 0.87178376
 0.87834423
 0.87033198
 0.87162627
 0.87759907
 0.87328527
 0.87678492
 0.87324077
 0.87011597
 0.87179044
 0.87177184
 0.87923788
 0.88283924
 0.88500601
 0.88226869
 0.88332217
 0.88588983
 0.88365268
 0.88503902
 0.88239524
 0.87371737
 0.87679789
 0.87926501
 0.88575956
 0.88290162
  0.8824002
 0.87164306
 0.86007056
 0.85896563
 0.85806555
 0.85571406
 0.85247206
 0.86282572
  0.8573408
 0.86583616
 0.86615816
  0.8729225
 0.87782794
  0.8825196
 0.87873118
 0.86705008
 0.87390772
 0.87195483
 0.86988517
 0.87554535
 0.87378015
 0.88017627
 0.88122023
 0.87399968
 0.87295079
 0.87771673
 0.87665241
 0.87939266
 0.87081858
 0.87385872
 0.86908147
 0.87137092
 0.87086529
 0.86656685
 0.87008024
  0.8701475
 0.87503167
 0.87436936
 0.87418435
 0.87542538
  0.8757708
 0.86988674
  0.8747706
 0.87273096
 0.87088363
 0.87609703
 0.87277792
 0.86762867
  0.8674265
 0.87343046
 0.87358763
 0.87796852
 0.87995186
 0.87852882
 0.88197574
 0.88408789
 0.88560626
 0.88031431
 0.88095223
 0.87782169
 0.87305478
 0.87066332
 0.87233346
 0.87076343
 0.87466045
 0.87629065
 0.88490366
 0.88589605
 0.88643406
 0.88916935
 0.89209015
 0.89430638
 0.89485334
 0.89793164
 0.89411058
  0.8873136
 0.87924607
 0.88368498
 0.88326534
 0.87537722
 0.88020657
 0.88273992
  0.8835262
 0.88963863
 0.88817939
  0.8900001
 0.89490719
 0.89670926
 0.90003632
  0.8986106
 0.89703799
 0.90100709
 0.90007535
 0.89987873
 0.90620894
 0.90548499
  0.9038643
 0.89988957
 0.89845817
  0.8988996
 0.89568796
  0.9003721
 0.89734063
 0.89630565
 0.89575859
 0.89388863
 0.89214452
 0.89715826
 0.89683159
 0.89474366
 0.89724303
 0.89908917
 0.90055834
 0.89775298
 0.89067749
 0.88721661
 0.88835069
 0.88752794
 0.88647766
 0.87980679
 0.88517973
 0.89133319
 0.89162054
 0.89121506
 0.89105424
 0.88903296
 0.89419697
 0.89501822
 0.89197077
 0.89645059
 0.89706263
 0.89927018
 0.90058974
  0.8966324
 0.89153889
 0.89203985
 0.89351695
 0.88741578
 0.87949177
 0.89104841
 0.89081631
 0.89970663
 0.90610141
 0.90656318
 0.90700996
 0.91212242
 0.91248775
 0.91014766
 0.90434675
 0.89888361
 0.90099171
  0.9034296
 0.90244195
 0.90159069
  0.8992861
 0.89693471
 0.89936719
 0.90180301
 0.90757806
 0.91315722
 0.91165937
 0.91310443
 0.91179274
 0.91061864
 0.90866142
 0.90558537
 0.90183079
 0.90734725
 0.90887964
 0.90281025
 0.89338869
 0.88893885
 0.88272569
 0.89222828
 0.89303224
 0.89668221
 0.88606984
 0.88557326
 0.88457972
 0.89327292
 0.89484442
 0.90283896
 0.90551631
 0.91114619
 0.91028156
 0.91304281
 0.91427135
 0.91386015
 0.91503754
 0.91255591
 0.91275277
 0.91659726
 0.91581336
 0.91223403
 0.91383364
 0.91309598
 0.91493313
 0.91850413
  0.9165766
 0.91827715
  0.9202956
 0.92204855
 0.92022049
 0.91891719
 0.92026748
 0.92125167
 0.92051623
 0.91527656
 0.91297669
  0.9144083
 0.91240845
 0.90691754
 0.90949657
 0.91273229
 0.91307233
 0.89803874
 0.89820607
 0.89939116
 0.90188665
 0.90068493
 0.90036064
 0.90414492
 0.91420229
  0.9155882
 0.91419443
 0.91236212
 0.91968772
 0.91824076
 0.91734487
 0.92402428
 0.92591718
 0.92817221
 0.92285517
 0.92136955
 0.91864788
 0.91265858
 0.91862156
 0.92052834
 0.92063122
 0.91941936
 0.92547155
 0.92706151
 0.92924556
 0.92545843
 0.92885561
 0.92374832
 0.91250602
 0.91231243
 0.91598396
 0.92257606
 0.91667646
 0.91853231
  0.9194101
 0.91449537
 0.91321604
 0.91178327
 0.90878706
 0.90067834
 0.90120508
 0.90847943
 0.91653695
  0.9271829
 0.92888968
 0.93216363
   0.927975
 0.92601042
 0.92242806
 0.91660522
 0.90872039
 0.91190432
 0.91757224
 0.91902293
 0.92057731
 0.92164545
 0.92294864
 0.92583122
 0.92863551
 0.92638136
 0.92184114
 0.92243889
 0.91918107
 0.91975332
 0.91881004
 0.90739535
 0.89902112
 0.88749888
 0.88815915
 0.89688434
 0.90196899
 0.89685744
 0.90027229
  0.9075034
  0.9028976
 0.90097062
 0.90003558
 0.90077754
 0.90988041
 0.91013922
 0.91265703
 0.91859517
 0.91782276
 0.91107092
 0.91351445
 0.91372045
 0.91394865
 0.91567163
 0.91609562
 0.91240006
 0.90981236
 0.90377728
 0.90105504
 0.91326558
 0.91375245
 0.90852255
 0.90203524
 0.90045066
 0.89690158
 0.90257625
 0.89210952
 0.89622153
 0.89738529
 0.90614201
 0.89851617
 0.89499979
 0.90551576
 0.90493903
 0.89590364
 0.88415979
 0.87965772
  0.8829407
 0.87599322
 0.87316688
 0.86894416
 0.86642053
 0.87376451
 0.87166565
 0.87577446
 0.87670883
 0.88246482
 0.88051087
 0.88481894
 0.87666568
 0.88125354
 0.88139739
 0.87735811
 0.87567202
  0.8769166
 0.87028829
 0.86678915
  0.8694025
 0.87117162
  0.8720944
 0.87249946
 0.87351651
 0.87830815
 0.88292668
  0.8800805
   0.884844
  0.8837304
 0.88979651
  0.8936623
 0.89172601
 0.89677687
  0.8972831
  0.8994503
 0.90212715
 0.89736135
 0.89895116
  0.8976771
 0.89368476
 0.88771013
 0.88824507
   0.888202
 0.89089574
 0.88291946
  0.8837161
 0.88514038
 0.88382239
 0.88533504
 0.88672273
 0.88760376
 0.89452442
 0.89344152
 0.88943095
 0.88569796
  0.8826683
 0.87501367
  0.8764327
 0.87199552
 0.87443158
 0.87957052
 0.87574157
 0.87526312
 0.87500113
 0.88170671
 0.87978269
  0.8850785
 0.88657378
  0.8898275
 0.89707243
 0.89240126
 0.88728945
 0.88403968
  0.8906079
 0.89390175
 0.89800192
 0.89226346
 0.88870391
 0.89164371
 0.89721741
 0.90410558
 0.90533866
 0.89881323
 0.90114642
 0.90630808
 0.90721854
  0.9077452
 0.91281111
 0.91169554
 0.91448063
 0.90802219
 0.90847059
 0.90865168
 0.91220987
  0.9148566
 0.90985612
 0.90834196
 0.91303595
 0.91104513
  0.9111509
 0.91270806
 0.91028183
 0.91665196
 0.91826183
 0.91610646
 0.91358307
 0.91402354
 0.91008991
 0.91334105
 0.91241889
 0.90513736
   0.901548
 0.90125283
 0.90052147
 0.90638906
 0.90706474
 0.91334224
 0.91630031
 0.91632052
 0.91478225
 0.91469268
 0.90919045
 0.90949454
 0.90521488
 0.90986696
 0.90472039
 0.90598427
 0.90266875
  0.9020018
 0.89701833
 0.90077729
 0.90400434
 0.90874905
 0.91244692
 0.90020121
 0.89593257
  0.8966331
 0.90101529
 0.89743321
 0.90916813
 0.90258987
 0.90050082
 0.89662977
 0.89968966
 0.90267842
 0.90474519
 0.90937898
 0.90761587
 0.90211206
 0.90065909
 0.90276222
 0.90177762
 0.90495834
 0.90553495
 0.90512571
 0.90097394
 0.90373369
 0.89994991
 0.90371766
 0.90169439
 0.89935378
 0.89552923
 0.89676045
 0.90122001
 0.90543894
 0.91093277
 0.91218195
  0.9133147
  0.9105293
   0.914677
 0.91433089
 0.91316902
 0.91191002
 0.91278482
 0.91087898
 0.91237207
 0.91355863
 0.91069452
  0.9085524
 0.91229717
 0.91433687
 0.91166062
 0.91270919
 0.91495057
 0.91446323
 0.91648307
 0.92056347
 0.92481986
 0.92428013
 0.93162863
 0.92901452
 0.92857755
 0.93167215
 0.92554495
 0.92025693
 0.92302818
 0.91916738
 0.91900775
 0.91979674
 0.92272046
 0.91833268
 0.93029875
 0.93488302
 0.93575315
  0.9330927
 0.93558726
 0.93060319
 0.93135911
 0.92661265
 0.92473037
 0.92646145
 0.92630175
 0.93180786
 0.93516523
 0.93323545
  0.9296451
 0.92668694
 0.92265659
  0.9255464
 0.92816265
 0.93063503
 0.92811002
 0.92316321
 0.92438508
 0.92614033
 0.92416257
 0.92076341
 0.91938189
 0.92971415
 0.92565546
 0.92227754
 0.92275268
 0.92238368
 0.91806213
 0.91722203
 0.91388286
 0.90735975
 0.91229835
 0.90103979
 0.88433256
 0.88644947
 0.88988041
 0.88829333
 0.88928071
 0.88930106
 0.89153455
 0.89155058
  0.8764576
 0.88137033
 0.87659324
 0.88625758
 0.89018677
 0.89970428
 0.89852687
 0.90381273
 0.90988886
 0.90554898
 0.90980805
 0.91502377
  0.9185006
 0.91481436
 0.92061527
 0.92331063
  0.9195975
 0.92059679
 0.92416376
 0.91544252
 0.91509881
 0.92077832
 0.91344628
 0.90920499
 0.90570331
 0.90710491
  0.9007915
  0.9021575
 0.90140693
 0.91341561
 0.91354019
 0.92088655
 0.92098658
 0.92110377
 0.92166379
 0.91799808
 0.92294917
 0.92011761
  0.9212092
 0.92315635
 0.92295395
 0.92041634
 0.91833624
 0.92116888
 0.92198571
 0.92012731
 0.92484871
 0.92278204
 0.92166091
 0.92034627
  0.9101636
 0.91143678
 0.91338676
 0.91081114
  0.9093409
 0.90701073
  0.9158147
 0.91531394
 0.91214797
 0.90640842
 0.90565464
 0.90503216
 0.90450517
 0.89885525
  0.8941209
 0.89293812
 0.88920444
 0.88745105
 0.88803651
 0.89498058
 0.90563311
 0.90530935
 0.89603662
 0.90261151
 0.89862276
 0.89160958
  0.8956672
 0.90003656
 0.90887284
 0.90837153
 0.90699914
 0.90903249
 0.91646204
 0.91897105
 0.92536339
 0.93174747
 0.92791966
 0.91950333
 0.92448414
 0.92553629
 0.92448511
 0.91961373
 0.92060487
 0.91705469
 0.90505956
 0.90781683
 0.90621439
 0.90869252
 0.90424354
 0.90284337
  0.8982467
 0.89097838
 0.89081867
 0.88839889
 0.90286566
 0.90663774
 0.90448916
 0.90938006
  0.9071141
 0.90018931
  0.9016277
 0.89509641
 0.89874118
 0.89946943
 0.89228829
  0.8925104
 0.90230621
 0.90529772
 0.90254639
 0.90747676
  0.9030689
 0.90542434
 0.90328053
 0.90366171
 0.90947894
 0.91222839
 0.90591336
 0.90735386
 0.90948456
 0.91039553
  0.9158859
 0.92552607
 0.92390322
 0.92043243
 0.92015743
 0.92051072
 0.91544958
 0.90867751
 0.90708735
 0.90875324
 0.90891277
 0.90419719
 0.90248732
 0.90127632
 0.90344517
 0.90079147
  0.9003762
 0.90345752
 0.89748416
 0.88972723
 0.88677518
 0.89213863
 0.89465849
  0.8941409
 0.90107783
 0.89634731
 0.89502381
 0.89510566
 0.89330706
 0.89870938
 0.89427472
 0.89758174
  0.8960344
 0.90068329
 0.90782046
 0.90549115
 0.89808713
 0.90145354
 0.90515954
 0.90486493
 0.89935168
 0.89038671
 0.88751075
  0.8872394
 0.88911413
 0.89585961
 0.88949499
 0.89088153
 0.89432703
 0.89357342
 0.89914388
 0.89832409
 0.89517377
 0.89366176
 0.89719042
  0.8970686
 0.90312788
 0.90393537
 0.90223917
 0.90304108
 0.89498008
 0.89271666
  0.8904383
 0.88674067
 0.89382061
 0.89492932
 0.89279058
 0.89903563
 0.89309269
 0.89426063
 0.89109774
  0.8865761
 0.88390162
 0.88238272
 0.89035846
 0.89128946
  0.8896106
 0.88474507
 0.87826537
  0.8801577
 0.88157985
 0.87455836
 0.87066126
 0.87406325
 0.87030373
 0.86746401
 0.86089287
  0.8647068
 0.86377249
 0.86577929
 0.86355878
 0.85714444
 0.85011482
  0.8491267
 0.84880339
 0.85081702
 0.84824855
 0.84833311
 0.84553137
 0.84025143
 0.83979718
 0.84306773
 0.82980183
 0.82798429
 0.83597351
 0.83993011
 0.84448555
 0.84109303
 0.84249244
 0.83745472
 0.84036079
 0.85024844
 0.85230766
 0.84432522
 0.85464193
  0.8503316
 0.84818881
 0.85347243
 0.85451015
 0.85467939
 0.84706625
 0.84979674
 0.86017104
  0.8545098
 0.84986835
 0.85275984
 0.84714837
 0.84714007
 0.84298642
 0.85335498
  0.8501498
 0.85022696
 0.85510115
 0.85358178
 0.85242069
 0.84380413
 0.84732754
 0.85346192
 0.84747527
 0.85209307
 0.84713171
 0.85574203
 0.84833345
 0.85852099
 0.86328542
 0.86926535
 0.86490653
 0.87917979
 0.88387187
 0.89227405
 0.89136822
  0.8990787
 0.89484992
 0.89725603
 0.89011643
   0.897276
  0.8951362
 0.89669241
 0.90120405
 0.89681966
 0.89569898
 0.89190421
 0.89242629
 0.89210074
 0.89503412
 0.88036714
 0.87930267
 0.88866047
 0.89547149
  0.8996637
 0.90587211
 0.91208792
 0.90901139
 0.91227575
 0.91217002
 0.90412522
 0.90570046
 0.90515741
 0.89998359
 0.90169697
 0.91373477
 0.91821917
 0.91745892
  0.9160427
 0.91049783
 0.91332886
 0.92118558
 0.92691254
  0.9296455
 0.92482313
 0.92282445
 0.92907673
 0.92863957
 0.92505158
 0.92606094
 0.92712926
 0.93030773
  0.9289535
 0.93464369
 0.93654678
 0.93520155
 0.93368251
 0.93341724
 0.93044194
  0.9265795
 0.92328847
  0.9234857
 0.92353908
 0.92712053
 0.92719072
 0.92583309
 0.92525836
 0.92233007
 0.90824852
 0.89827555
 0.89602892
 0.89607207
 0.90092885
 0.91039676
  0.9129751
  0.9246903
 0.92930979
 0.92975212
 0.93119543
 0.93643204
 0.93740604
 0.93078309
 0.92860091
  0.9240823
 0.92209749
 0.91606904
 0.92257759
 0.92261459
  0.9286822
  0.9364519
 0.94084759
 0.93405138
 0.93401092
 0.92920034
  0.9386232
 0.94366005
 0.94633879
 0.93990166
 0.94866015
 0.95173485
 0.95225451
 0.94437413
  0.9463589
 0.94191346
 0.94527492
 0.94782267
 0.95240534
 0.95558848
 0.95126338
 0.95256887
  0.9560252
 0.95596467
 0.94812302
 0.94617714
 0.94740084
 0.94077979
 0.93943337
 0.94037607
 0.93844825
 0.93880512
 0.93504915
 0.93780089
 0.93581818
 0.93740338
 0.94179433
 0.94075926
  0.9451692
 0.94224369
  0.9450641
 0.94665866
 0.94773967
 0.94498628
 0.95021125
 0.94280481
 0.93321707
 0.92868765
 0.92973365
 0.94156452
  0.9509498
 0.95040704
 0.95517843
 0.95632549
 0.94320212
 0.94479585
 0.95235843
 0.95057087
 0.94694369
 0.94205268
 0.94343145
  0.9438291
 0.94854802
 0.94537787
 0.94167024
 0.94650808
 0.95285419
 0.95332919
 0.95765468
 0.95605723
 0.95664562
 0.95102899
 0.95656681
  0.9579432
 0.95949214
 0.95403843
 0.95643325
 0.95985978
  0.9588175
 0.95504399
 0.95394273
 0.95011089
 0.94708582
 0.93598645
 0.93404271
 0.92864799
 0.92313413
 0.92384882
 0.92521591
 0.92298317
 0.92430516
 0.93379851
 0.93662386
 0.93915153
 0.94059659
 0.93356155
  0.9294824
 0.93767273
 0.94653593
 0.94944858
 0.94626236
  0.9507266
  0.9574034
  0.9571199
 0.95296805
 0.95590215
 0.95016688
 0.94785106
 0.94567208
 0.94148128
 0.94695495
 0.94686832
 0.94683924
 0.94807393
 0.95039601
 0.95396282
  0.9626727
 0.95878135
 0.95829864
 0.96606592
  0.9678209
  0.9680797
 0.96768995
 0.96918927
 0.97668065
  0.9720091
 0.96927204
 0.97111102
 0.96764501
 0.97254314
 0.96584862
 0.97063457
 0.97212983
 0.97703136
 0.97825866
 0.97758451
  0.9737339
 0.96613575
 0.96748804
 0.96949011
 0.96467171
 0.97057491
 0.97151516
 0.97843757
 0.98064615
 0.97776059
  0.9808807
 0.97886451
 0.97490876
 0.97188554
 0.96827357
 0.96810642
  0.9674744
 0.96457227
 0.96977551
 0.96670571
 0.96539351
 0.96126853
 0.96380253
 0.96268694
 0.96315778
 0.96641818
 0.96911238
  0.9705796
 0.96784484
 0.96717712
 0.96690391
 0.96708061
 0.97341004
 0.97031525
 0.96914493
 0.96754685
 0.96531138
 0.96549478
 0.96440692
 0.96349507
  0.9614008
 0.95973688
 0.95943987
 0.95908785
 0.96583176
 0.96850182
 0.96903667
 0.96741683
 0.96518032
  0.9721494
 0.97014281
 0.96836372
 0.96794792
 0.96530718
 0.96813313
 0.96452237
 0.97095534
 0.96956211
 0.96497508
  0.9615663
 0.95867025
  0.9567446
 0.95072876
 0.94717612
 0.94907443
 0.94394582
 0.95249938
 0.95984531
 0.95816646
 0.95537837
 0.95325914
 0.94864248
 0.95365943
  0.9551311
 0.95284759
  0.9530087
 0.94618703
 0.94611482
 0.94494979
 0.94712033
 0.94773935
 0.95062675
 0.95535793
 0.95425795
  0.9591956
 0.95439689
 0.95507333
 0.95057463
 0.94765144
 0.93629383
  0.9312916
 0.92330249
  0.9248405
 0.92944623
 0.93112295
 0.92880091
 0.93165108
 0.92705141
 0.91771473
 0.91633407
 0.91616316
 0.91714817
  0.9136085
 0.92118834
 0.92140449
 0.92614844
 0.92744017
 0.92602461
 0.92356446
 0.92283927
 0.92106523
 0.92248278
   0.925555
 0.92461811
 0.91281028
 0.90374922
 0.90828383
 0.91564753
 0.91606512
 0.93053894
 0.93453467
 0.92915593
 0.93518705
 0.93106774
 0.92967125
 0.92290671
 0.91593272
 0.90663851
 0.90532513
 0.91774759
 0.91959853
 0.92448356
 0.92291164
 0.93062819
  0.9298118
 0.93279225
 0.93032111
 0.93198908
 0.93794639
 0.92868283
 0.93065621
 0.93386696
 0.93335941
 0.93361022
 0.94012623
 0.93481352
  0.9285922
 0.91094977
 0.91406719
  0.9245075
 0.91933413
 0.91542673
 0.91167819
 0.92375891
 0.92784063
 0.92038926
 0.92118053
 0.92948573
  0.9416005
 0.94673795
 0.93960023
 0.94035061
 0.93112724
 0.93815771
 0.93264715
 0.93912499
 0.93855418
 0.94146847
 0.93601097
 0.92622774
 0.93055377
 0.91922538
 0.92370912
 0.93277617
 0.92613346
 0.93115108
 0.93394684
 0.92804183
 0.90609121
 0.90797503
 0.90187022
 0.90934727
 0.89774259
 0.90490726
 0.90306189
 0.90126101
 0.90288437
 0.90496767
 0.92478436
 0.91359447
 0.91010998
 0.91692812
 0.91203098
 0.91644526
  0.9058098
    0.91585
 0.91083248
 0.90776446
 0.91190461
 0.90101805
 0.90655225
 0.90854818
 0.90456549
  0.8971397
 0.89542785
 0.90349804
 0.90204908
 0.90023541
 0.91261212
 0.91892314
 0.90745269
 0.90847693
 0.91502482
 0.92453935
 0.92357291
 0.92164271
 0.92059668
 0.92530252
 0.93422691
 0.93828709
 0.93105448
 0.94279426
 0.94280439
 0.93388162
 0.94642315
 0.94834109
 0.94284193
 0.95134013
 0.95015148
 0.94389061
 0.95194742
 0.95415503
 0.95551819
 0.95323206
 0.95309173
 0.94710946
 0.95392254
 0.95599562
  0.9503623
 0.95445684
  0.9460616
 0.94669985
 0.92741637
 0.93012148
 0.92707366
 0.92873004
 0.93033405
  0.9339256
 0.93959741
 0.93761374
 0.93128559
 0.92349263
 0.91804902
 0.91045082
 0.90277928
   0.891751
 0.88405621
 0.86984767
 0.87823411
 0.87291271
 0.86862109
 0.86613336
 0.86128423
 0.85982649
 0.87054256
 0.86763368
 0.86543617
 0.85834217
 0.85150827
 0.85567398
 0.84828105
 0.84372581
 0.83671259
 0.83163676
 0.84631469
 0.84910534
 0.84820217
 0.85268167
 0.85302174
 0.86906272
 0.87333294
 0.86774114
 0.86079598
 0.86265987
  0.8652746
  0.8537193
 0.85352303
 0.85259387
 0.86288928
 0.85812112
  0.8616542
 0.86791182
 0.86479681
 0.86312096
 0.86438669
 0.85242336
 0.84963409
 0.84172576
 0.84079381
 0.83890318
 0.83793148
 0.82956579
 0.81874414
 0.81430839
 0.81262527
 0.82238909
 0.82782972
 0.83141134
  0.8273123
 0.81733887
 0.81523096
 0.81947023
 0.81086394
 0.82394695
 0.82273936
 0.81859024
 0.81592932
 0.80376671
 0.80860188
 0.81307944
 0.80966058
 0.80191953
 0.80196367
 0.80235529
  0.7969918
 0.79351163
 0.79521162
 0.80254322
 0.80505421
 0.80858669
 0.80226924
 0.81058528
 0.80478522
 0.79370637
 0.79414232
  0.8030423
 0.80209818
 0.80786288
 0.79682166
 0.79533459
 0.78979499
  0.7918433
   0.795674
 0.79648328
 0.79901822
 0.80281478
 0.79800038
 0.80293836
 0.79952971
 0.79949355
 0.79972253
 0.79650556
 0.79536187
 0.80784123
 0.81039323
 0.80962209
  0.8121634
 0.81256804
 0.81499563
 0.80791498
 0.80987006
 0.81127444
  0.8146093
 0.80826162
 0.81316265
 0.81107012
 0.80894144
 0.80512836
 0.80741424
 0.80846986
  0.8116437
 0.81540816
 0.81510568
 0.81171935
 0.80707808
 0.80873328
 0.80567648
 0.80879558
  0.8064591
 0.79753594
 0.80036893
  0.8078041
 0.81070509
  0.8102395
 0.81141946
 0.81133025
 0.81161785
 0.81005913
  0.8125282
 0.81027517
 0.81772002
 0.81559459
 0.80915402
 0.80718947
 0.80220404
 0.80343578
 0.80790266
 0.81057458
 0.80915273
 0.81184071
 0.80995832
 0.81141932
  0.8045534
 0.80743221
  0.8040157
 0.80368841
  0.7959388
 0.79600629
 0.79821862
 0.79405506
 0.79251438
 0.79753694
 0.79985585
 0.79846383
 0.80643547
  0.8005562
 0.80412968
 0.80608082
 0.80997188
 0.80798105
 0.80768866
 0.81522722
 0.81371591
 0.81075311
 0.81621537
 0.81008219
 0.81386521
 0.81362556
 0.81298992
 0.81183009
 0.80914516
  0.8161676
 0.81912839
 0.83058134
 0.82751701
 0.83204674
 0.83864145
 0.84136359
 0.84202164
 0.84344857
 0.84429072
 0.84034185
 0.83799867
 0.84442197
 0.84348094
 0.84853089
 0.84341129
  0.8596176
 0.84861063
 0.84676289
  0.8443089
 0.84861857
 0.84887895
 0.85514499
 0.86171854
 0.85744672
 0.86000162
 0.85954981
 0.86429685
 0.85561876
 0.86122375
 0.85672195
 0.85846189
 0.85734529
 0.85737673
 0.86448787
 0.86914025
 0.86841147
 0.86790388
 0.86419112
 0.86447734
 0.87242164
 0.87245511
 0.87370481
 0.87281626
 0.87072358
 0.86849091
 0.86661835
 0.86363938
 0.87022111
 0.87378732
 0.87242794
 0.86849601
 0.87115017
 0.86758439
 0.86778234
 0.86857145
 0.86845312
    0.86768
 0.86511903
 0.86434465
 0.86578827
 0.86494981
 0.86196827
 0.86312728
 0.86792276
 0.86904102
 0.86316907
 0.86612595
 0.86703542
 0.86880801
 0.85718579
 0.85459747
 0.85921654
 0.86297938
 0.86074522
 0.85983417
 0.85702864
 0.85934712
 0.86176923
  0.8658217
 0.86869055
 0.86578712
 0.86769689
 0.86130034
 0.85898386
 0.86357879
 0.85985087
 0.85731905
 0.85580654
 0.85341401
  0.8568434
 0.85637944
 0.85181012
 0.85240558
  0.8514356
 0.85981869
 0.85576057
 0.85748984
 0.85754173
 0.85832446
 0.85584894
 0.85326165
 0.84423847
 0.84467926
 0.85307231
 0.85937106
 0.86133908
 0.86610482
 0.86927107
    0.86799
 0.86653446
 0.86939141
 0.87376943
 0.87368968
 0.87788808
 0.87721974
 0.87597854
 0.87377138
 0.87633088
 0.87646746
 0.86982468
 0.86900233
 0.87801949
 0.86922992
 0.86570498
 0.87131408
 0.86726904
 0.86621397
 0.86358874
 0.85824548
 0.85949443
   0.858026
 0.85941641
 0.85295264
 0.85162162
 0.85846209
 0.84816088
  0.8495192
 0.84960873
 0.84314458
 0.84731253
 0.85003034
 0.85096723
 0.84880038
 0.85047735
 0.86263301
 0.86327992
 0.86262008
 0.86035036
  0.8510163
 0.84565987
  0.8467861
 0.84779166
 0.85140736
 0.85951438
 0.86545921
 0.86910135
 0.86440945
  0.8687955
 0.86692662
 0.87584815
 0.87671037
 0.87283062
 0.86911987
 0.86930145
 0.87570006
 0.88563821
 0.88671644
 0.89164333
 0.89504717
 0.89518258
 0.89650964
 0.89913934
 0.90393856
 0.90931169
 0.90950934
 0.90181587
 0.89699449
 0.90497992
 0.90792382
  0.8954957
 0.88975808
 0.89144499
 0.90379839
 0.89713495
  0.8917211
  0.8916412
  0.8864558
 0.88096296
 0.88270437
 0.88135557
 0.88856875
 0.89148801
 0.89228139
 0.89079159
    0.89115
 0.88673622
 0.88810887
 0.88671506
 0.87579694
 0.87150698
 0.87019017
 0.87026703
 0.87433978
 0.87651857
  0.8771442
 0.87623306
  0.8755444
 0.87085455
 0.86941342
 0.86989684
  0.8721505
 0.87297606
 0.86947485
 0.87113786
 0.87306336
 0.86817373
 0.86827634
 0.86933746
 0.86628222
 0.86079152
 0.85567896
 0.85257379
 0.85164147
 0.85111132
  0.8540139
  0.8530049
 0.85112165
 0.85024802
 0.84332397
 0.84562258
  0.8434116
 0.83616237
 0.83068461
 0.83540928
 0.84316054
 0.84417708
  0.8421843
 0.84061139
 0.83692495
 0.84107775
 0.84228619
 0.84810406
 0.85268246
 0.85310656
 0.85804553
 0.85163369
 0.85393393
 0.85168719
 0.85022236
 0.84202269
 0.84623553
 0.84612418
 0.84927704
  0.8460871
 0.83846843
 0.83831549
  0.8443033
 0.84870923
 0.84456646
 0.83523203
 0.83806361
 0.82680744
 0.83227805
 0.83781392
  0.8503125
 0.85429232
 0.85915017
 0.85698192
 0.85225573
 0.85229842
 0.84362027
 0.84095809
  0.8385034
 0.84594487
 0.84516629
 0.84462074
 0.84685462
 0.85077959
 0.85032746
 0.84924298
 0.83971245
 0.84445357
 0.85283582
 0.85311204
 0.85498241
 0.84877254
 0.85037462
 0.84445733
 0.84115135
 0.84464823
 0.84978805
 0.85856304
 0.85646052
 0.86402619
 0.86392694
  0.8666398
 0.86062428
 0.86004733
 0.86289427
 0.86474916
 0.86541966
 0.87624931
 0.88041378
 0.88351441
 0.88882948
 0.88734672
 0.88876134
 0.88067417
  0.8746874
 0.87604008
 0.88231957
 0.87849135
 0.88598067
 0.88424623
 0.88679967
 0.88915658
 0.88936664
  0.8889282
 0.88581123
 0.88076546
  0.8803806
 0.87841565
 0.87828387
 0.87927452
  0.8807978
 0.88568357
 0.88559461
 0.88860002
 0.88562913
 0.88556898
  0.8932141
 0.89453256
 0.88731487
 0.89445499
 0.89638269
  0.9004552
 0.90351542
 0.90867113
 0.90893134
 0.90640214
 0.90625502
 0.90127585
 0.90509592
 0.90643301
 0.90519584
 0.90387213
 0.90288857
 0.90720371
 0.90336909
 0.90023318
  0.8970923
 0.88960203
 0.88566969
 0.88566839
 0.88650841
 0.89082253
 0.89410241
 0.89055015
 0.89033435
 0.88451614
 0.88841486
 0.88299026
  0.8886968
 0.89461246
 0.89448738
 0.89160073
 0.89526498
  0.8834572
    0.88649
 0.88300904
 0.87367395
 0.86407969
 0.87511587
 0.87541248
 0.87651429
 0.88221256
 0.88025582
 0.87555281
 0.87989931
 0.87567082
 0.87886588
 0.88528058
 0.88767721
 0.88220577
 0.88823016
 0.88116009
 0.87163265
 0.87626423
 0.87368801
 0.86798323
 0.86527208
 0.86659955
 0.86243007
 0.86853143
 0.86812129
 0.87051638
 0.86988867
  0.8707666
 0.86894834
 0.87490408
 0.87358943
 0.86873234
 0.87055631
 0.87447278
 0.87161948
 0.87151061
 0.87739355
 0.87871182
 0.88768807
 0.88404211
 0.88030137
 0.88384622
 0.88883907
 0.88787691
 0.89047628
 0.89388731
 0.88755712
 0.88845513
 0.89009373
 0.88962166
 0.88922297
 0.88035101
 0.87598671
 0.87371127
 0.87520576
  0.8780558
 0.88611284
 0.89007598
 0.88530852
 0.87861165
 0.87654422
 0.87075488
  0.8541874
 0.85754379
 0.87021806
 0.87489298
 0.88156446
 0.87824037
  0.8709479
  0.8671667
 0.86800973
 0.86167683
 0.86249408
 0.86860811
 0.87702648
 0.87740832
 0.87471156
 0.86271598
 0.86465921
 0.86113186
 0.84955817
 0.86246848
 0.85818398
 0.86147588
 0.86487505
 0.85706139
 0.85634792
 0.84231661
 0.84921605
 0.85649165
 0.86161684
 0.85279471
 0.85058936
 0.85061356
 0.85399838
 0.85444039
 0.85464864
 0.85193839
  0.8560962
 0.85651359
 0.85707876
 0.86011385
 0.86411038
  0.8675535
 0.86795879
 0.86675546
 0.85529276
 0.86042403
 0.85288766
 0.84979004
 0.85150174
 0.85512033
 0.85987529
  0.8666981
 0.86613342
 0.86829828
 0.87131152
 0.86980913
 0.87706595
 0.88077637
 0.87700856
  0.8826085
 0.88488485
 0.88234016
 0.88518213
  0.8850138
 0.88160527
 0.88198655
 0.88443492
  0.8843202
 0.88454572
  0.8858977
 0.88606053
 0.88728394
 0.88434225
 0.88227441
  0.8867308
 0.88536527
 0.89002269
 0.89166296
 0.88848724
 0.88485897
 0.87875496
 0.87732641
 0.87613013
  0.8717483
  0.8697929
 0.88037427
  0.8788247
 0.87847678
 0.87516269
  0.8735221
 0.86267839
 0.85298613
 0.85557311
 0.86843573
 0.86460341
 0.86428294
 0.86280043
 0.87596066
 0.87831238
 0.87999899
 0.88425971
 0.88591706
 0.88513278
  0.8849261
 0.87728562
 0.87099827
 0.86140739
 0.86546299
 0.86951248
 0.86805626
 0.86829576
 0.86748907
 0.87206431
 0.86838095
  0.8618857
 0.87323117
 0.87534786
 0.86901074
  0.8738064
 0.88006298
 0.88984394
 0.88600896
 0.88427046
 0.88370813
  0.8855637
 0.89040162
 0.89238702
 0.89470804
 0.88223323
 0.87696099
 0.87570986
 0.87517682
 0.88344871
 0.87487427
 0.87759175
 0.87380234
 0.86667357
 0.87511615
 0.87997043
 0.87504375
 0.86962824
  0.8744021
 0.87646574
 0.87945565
 0.88860423
 0.88060843
 0.89291715
 0.90080743
 0.90013566
 0.89935792
  0.9008243
 0.89429241
 0.89310915
 0.89486007
 0.90077636
 0.90217058
 0.90100346
 0.89664427
  0.9016832
 0.89995192
 0.90553872
 0.91242477
 0.91613606
 0.91697892
 0.91313548
  0.9110876
 0.90426273
   0.903595
 0.90477641
 0.90299738
 0.90176625
  0.9121252
 0.91544263
 0.91869905
 0.91611054
 0.90981836
 0.90975344
 0.90117804
 0.90113206
 0.89967619
 0.88989264
 0.90038494
 0.90196918
 0.90078474
   0.903815
 0.90144537
 0.90744773
 0.90617544
 0.90087128
 0.90312617
 0.88374739
  0.8865682
 0.88703493
 0.88622821
 0.89781855
 0.89799255
 0.90601678
   0.910718
 0.91890432
 0.92041719
 0.91904109
 0.91696845
 0.90944309
 0.90569392
 0.90304041
 0.90786404
 0.89370995
 0.89043343
 0.88187254
 0.87799888
   0.874432
 0.86804304
 0.87144051
  0.8754755
 0.87725197
 0.87312551
 0.87410029
  0.8773565
 0.87899635
 0.87067486
 0.87494525
 0.87745252
 0.88098581
 0.88676226
 0.89731265
 0.89410864
 0.88363438
 0.87465138
 0.86848912
 0.86916759
 0.87032023
  0.8785205
 0.88704913
 0.88540026
 0.88362449
 0.89252899
 0.89482871
 0.90048997
 0.89982744
 0.89357184
 0.89663186
 0.90538717
 0.90637203
 0.90138909
  0.9046289
  0.9021553
  0.8982109
 0.89510343
 0.88834264
 0.89314428
 0.88747478
  0.8986008
 0.89823033
 0.90229436
 0.90021327
 0.90391733
  0.8990652
 0.89873473
 0.90128374
 0.90476495
 0.90771446
 0.90540186
 0.90282707
  0.8994333
 0.89765953
 0.90577337
 0.90894472
 0.90387886
 0.90310917
 0.90258788
 0.90379836
 0.90337796
 0.90148072
 0.88706566
  0.8841987
 0.89378355
 0.90011068
 0.90001711
 0.89349713
 0.89475042
 0.88829825
 0.88556917
 0.89180762
 0.88489953
 0.88474637
 0.88404846
 0.88352534
 0.87770405
 0.87427198
 0.87110597
 0.86319759
 0.86440053
 0.86206716
 0.86536744
 0.86583575
 0.86632744
 0.87295425
 0.87460468
 0.88120907
 0.88367452
 0.88416485
 0.88988115
 0.89463565
 0.89775814
 0.88841553
 0.88462461
 0.88965611
  0.8909154
 0.88930539
 0.89237317
 0.89475463
 0.89149603
 0.88671091
 0.88644207
 0.88753638
  0.8829616
 0.87848217
 0.88209342
 0.87911207
 0.88111001
 0.88138962
 0.88502925
 0.88838638
 0.88981244
  0.8864886
 0.88576395
 0.88804406
  0.8802622
 0.87548097
  0.8663067
 0.86274866
 0.87147984
 0.87450379
 0.87655644
  0.8775622
 0.87854973
 0.88486939
 0.88864212
 0.88441103
 0.88267142
  0.8864745
 0.88784525
 0.88270539
 0.88443654
 0.89429753
  0.8914572
 0.89604985
 0.89892151
 0.89720453
 0.89537108
 0.89211821
  0.8937621
 0.89706259
   0.894509
 0.89441507
 0.89232147
 0.89504722
 0.90342626
 0.89730109
 0.90287997
 0.90205119
 0.90211945
 0.90730438
 0.90261423
 0.90198969
 0.89725617
 0.89769123
 0.90125861
 0.91410096
 0.91175616
 0.91126918
 0.90625168
 0.90996514
   0.909536
 0.90916373
 0.90991182
 0.91137579
  0.9142167
 0.91077715
 0.91075804
 0.91029082
 0.91711183
 0.91366466
 0.90458014
 0.91309281
  0.9090969
 0.91672246
 0.91533378
 0.90967786
 0.91118541
  0.9136523
 0.91531812
 0.91715105
 0.90486606
  0.9123455
 0.91030459
 0.90840966
 0.90378485
 0.90864437
 0.92523245
 0.92530203
 0.91536916
 0.92309492
 0.92123941
 0.91882318
 0.91752788
 0.91125323
  0.9118462
 0.90703818
 0.90676633
 0.90662156
 0.90399561
 0.90466379
 0.91344399
 0.90797553
 0.91148159
 0.91288849
 0.90220764
 0.90146013
  0.8993839
 0.89890503
 0.90104333
  0.8949047
 0.89178932
 0.89211271
 0.88882888
 0.89555502
 0.90032744
 0.91079363
 0.90658378
 0.89146764
 0.88056677
 0.88526903
 0.87199655
 0.87864439
 0.88969747
 0.89025767
 0.89292012
 0.89919746
 0.89379735
 0.89904515
 0.89906749
 0.89857279
 0.90113092
 0.90041163
 0.89884105
 0.90157621
 0.90405264
 0.90001901
 0.90315723
 0.90490307
  0.9032266
 0.90283032
 0.90059672
 0.90116733
 0.90242081
 0.90318381
 0.90097289
 0.91238317
 0.91667669
 0.91210824
 0.91663167
 0.91342181
 0.91111596
 0.90648743
 0.91634855
  0.9101021
 0.90673053
 0.90002193
 0.91049165
 0.90652179
 0.90354998
 0.88356716
 0.89405131
 0.88339197
 0.87353724
  0.8746688
 0.87577902
 0.87509928
  0.8890415
 0.88224295
 0.87266204
 0.86963896
 0.86503146
 0.87747103
   0.886695
 0.88728755
 0.89153231
 0.89150542
 0.89891183
 0.89701673
 0.89709909
 0.89565158
 0.89579339
 0.89597451
 0.89952182
 0.89651927
 0.89909323
 0.90251056
 0.90325517
 0.90783074
 0.90909347
 0.90785773
  0.9067205
 0.90100372
  0.9010109
 0.89688187
 0.89439945
   0.894635
 0.89579991
  0.8973824
 0.90599087
  0.9078565
 0.90983646
 0.90249134
 0.89787199
 0.89413388
 0.89492866
 0.89080223
 0.88937748
 0.88930713
 0.88850885
 0.88969623
 0.88376848
 0.87789542
  0.8765436
 0.87454064
 0.86222479
 0.86496804
 0.86080032
 0.84813808
 0.86383995
 0.86246918
 0.86821108
 0.86519659
 0.86510051
 0.86957796
 0.87383063
 0.87269211
 0.88073788
  0.8766571
 0.87351178
 0.87740198
  0.8716767
 0.88101658
 0.87542507
 0.87432129
 0.87811534
 0.87964058
 0.87275358
 0.87042265
 0.87527549
 0.87490337
 0.86914141
  0.8619495
 0.87275615
 0.85976197
 0.86070047
 0.87036632
 0.87295717
 0.88245798
 0.87393511
 0.86999081
 0.87623638
 0.87219766
 0.87136966
 0.87504836
 0.88053053
 0.89735429
  0.8969907
 0.89697774
 0.90019569
 0.90598662
 0.90884952
 0.90374665
 0.90435554
 0.91113566
 0.91465266
 0.90982684
 0.90670736
 0.90609955
 0.90875061
 0.90490791
 0.90661039
 0.89981262
  0.9061389
 0.90591409
  0.9079475
 0.91095389
 0.90799342
 0.89785502
 0.89712068
 0.89990792
 0.89738417
 0.90826921
 0.90432845
 0.90477594
 0.90126975
  0.9022965
 0.89913833
  0.9045639
  0.9075232
 0.91158888
 0.91773449
 0.91932348
 0.91828957
 0.92016208
  0.9243268
 0.92489157
 0.92151991
 0.91382014
 0.90536524
 0.91106237
 0.91129408
 0.91314482
 0.92627748
  0.9326675
 0.92525538
 0.91994403
 0.92396312
 0.93095364
 0.92838784
 0.92870244
  0.9324006
  0.9313606
 0.93142914
 0.93123191
 0.93225141
 0.92515725
 0.92149081
  0.9286507
  0.9251233
  0.9204641
 0.91579902
 0.91091374
 0.90621266
 0.91051679
 0.91283257
 0.92160827
 0.92020391
 0.93306188
 0.93509433
 0.92070135
 0.91405476
 0.91386456
 0.91424919
 0.91779415
 0.91908319
 0.92099457
 0.91654545
 0.91257346
 0.90661362
 0.90954995
 0.91053393
 0.89944867
 0.89923106
  0.9057582
 0.91714541
 0.92135009
 0.91762577
 0.90713205
 0.90643149
 0.89161016
 0.89950514
 0.89983013
 0.90031749
 0.89782708
 0.89435096
 0.89579166
 0.89909648
  0.9026139
  0.9099227
 0.91783075
 0.91535358
  0.9177289
 0.91196034
  0.9122062
 0.91229959
 0.90918724
 0.91227938
 0.91596391
 0.91209335
 0.91925116
 0.92949718
 0.92991993
 0.92618779
 0.92827317
 0.92767541
 0.92598352
 0.91538665
 0.91609726
 0.91908273
 0.91938766
 0.92103027
 0.91774016
 0.91109101
 0.91304797
 0.91458409
 0.91373489
 0.91365462
  0.9240533
 0.93135745
 0.92525508
  0.9309837
 0.92909069
 0.93151207
 0.93779232
 0.93635464
 0.93548686
 0.93134355
 0.93060254
 0.92750253
 0.93261638
 0.92304799
 0.92171343
 0.91774686
 0.91966026
 0.92076866
  0.9255456
 0.92950778
  0.9342436
 0.93569357
 0.93474126
   0.934632
 0.92541293
 0.92780505
 0.92845856
 0.92632708
  0.9269391
 0.91703895
 0.92261114
 0.92654854
 0.92097252
 0.91946434
 0.91693566
 0.92154578
 0.91841668
 0.92769782
 0.93079548
 0.93172248
 0.93279682
  0.9343526
 0.93276063
 0.93060737
 0.93222145
  0.9285317
 0.93244289
 0.93508155
 0.93276726
 0.93157185
 0.93299677
 0.93723755
 0.92825961
 0.92334963
 0.91523641
 0.91391075
 0.91515438
 0.92153799
 0.92051404
 0.92606007
 0.93248394
 0.92819061
 0.92822589
 0.93165136
 0.93080945
  0.9291842
 0.93312271
 0.93124883
 0.93710721
 0.94209345
 0.94847286
 0.94588029
 0.93902452
 0.94507827
 0.94824647
 0.94844903
 0.94938537
 0.95456216
 0.96046045
 0.95490279
 0.95612511
 0.95579474
 0.95877324
 0.95712941
 0.95136798
 0.94843134
 0.94551389
 0.94782591
 0.95212241
 0.94913745
 0.94160127
 0.94815523
 0.95179419
 0.95741762
 0.95390164
 0.95110547
 0.94895963
  0.9526006
 0.95281033
 0.95242946
 0.95253191
 0.94998282
 0.94724844
 0.94955346
 0.94775912
  0.9444425
 0.94806541
 0.94977669
 0.94621067
 0.93754901
 0.94014256
 0.94350847
 0.94458703
   0.943299
 0.94505086
 0.94777923
 0.94926432
 0.94597083
 0.95391424
 0.95609489
 0.94978751
 0.94629707
 0.94273373
 0.95021202
 0.95353701
 0.95043191
 0.95080276
 0.95428489
 0.95042096
 0.94636547
 0.94970257
 0.95272528
 0.95730344
 0.96105718
 0.95723968
 0.95442062
 0.94637402
 0.93643072
 0.93369813
 0.93429054
 0.91988218
 0.92002984
 0.93200386
 0.92958703
 0.94247165
 0.93986793
 0.94604429
 0.93595091
  0.9417532
 0.94128575
 0.94461255
 0.95408912
 0.95502877
 0.95778077
 0.95553232
 0.95292129
 0.95886202
 0.96440011
 0.96752004
 0.96651887
 0.96054624
 0.95643534
 0.95881777
  0.9577602
 0.95464125
 0.95528917
 0.95754887
 0.95194123
 0.95116936
 0.95200659
 0.95252741
 0.95346983
 0.95073375
 0.94712669
 0.94506651
 0.94534047
 0.94286247
 0.94773192
 0.95045451
  0.9526615
 0.95585587
 0.95321922
 0.95324976
 0.95442385
 0.95786381
 0.96170717
 0.95947698
 0.96112851
 0.95955156
 0.95951407
 0.95264239
 0.95340562
 0.95104034
 0.94991598
 0.95179355
 0.94701571
 0.95597846
   0.959525
 0.95415766
 0.95227604
 0.95440317
 0.95045696
 0.94656938
 0.94480601
  0.9415376
 0.94189241
 0.93979581
  0.9502153
 0.95451992
 0.94435281
 0.94207883
 0.94963184
  0.9574847
 0.95238994
 0.94836713
  0.9397423
 0.93178558
 0.95172742
 0.95707193
 0.95257657
 0.95277772
 0.95157388
  0.9477642
 0.94642297
 0.94585946
  0.9438265
 0.94731743
 0.95462415
 0.95972103
 0.95958077
 0.95835519
 0.95669165
 0.96483929
 0.96630668
 0.96904779
 0.96457451
 0.96229493
 0.96012093
 0.96089984
 0.96201029
 0.96660717
 0.96957383
   0.966783
  0.9695372
 0.97103748
 0.96936089
 0.97089412
 0.96764781
 0.96487657
 0.96775256
 0.96825043
 0.96698943
 0.96590657
 0.96101223
 0.95709949
 0.95511686
 0.95142713
 0.95381836
 0.95833604
 0.96030221
 0.95350495
 0.94670279
 0.94370576
 0.94072888
 0.93846248
 0.93716057
 0.94331941
 0.94730531
 0.94633688
 0.94936403
  0.9454712
 0.95041914
 0.95868857
 0.96342172
 0.96442014
 0.95911169
 0.95922245
 0.96263243
 0.97153969
 0.97218783
 0.96862273
 0.96606943
 0.96709718
 0.96040371
 0.95903538
  0.9513585
    0.95291
 0.95614658
 0.94956121
 0.94538049
 0.94755394
 0.94439333
 0.94187295
 0.95289521
 0.95722163
 0.95439439
 0.94550443
 0.93714817
 0.92622578
 0.94018432
 0.94435225
 0.95286071
 0.95304131
   0.952117
 0.94868986
 0.94549654
 0.94036651
 0.94935755
 0.95129677
 0.94259101
  0.9438196
 0.93062457
 0.93432688
 0.94038662
 0.94404997
 0.94735779
  0.9478219
 0.95259667
 0.95245048
 0.95436804
 0.95391432
 0.95866413
  0.9570312
 0.94903373
 0.94641072
 0.94461377
 0.94167703
 0.93711034
 0.93333829
 0.93199791
 0.93530712
 0.93232773
 0.93759315
 0.95009484
 0.95995274
 0.95506455
 0.96041017
 0.95125779
 0.95048314
 0.95562014
 0.95707193
 0.96079038
 0.95165477
 0.95474361
 0.95270086
 0.95455297
 0.95403019
  0.9502747
 0.95139646
 0.95395474
  0.9510098
 0.93897375
  0.9391043
 0.93355879
 0.93457077
 0.92163135
 0.91946028
 0.92121092
 0.92262273
 0.91694148
 0.90815514
 0.90557066
 0.91413254
  0.9104269
 0.91213547
  0.9181677
 0.92376736
  0.9147365
 0.92149973
 0.92968522
  0.9325706
 0.94644884
 0.94600028
 0.94625778
 0.94452637
 0.94581248
 0.94342569
 0.94765741
 0.95084623
 0.94827716
 0.95433121
 0.95721112
 0.95503835
 0.95763882
 0.95018157
 0.94606751
 0.94884636
 0.94848349
 0.94852928
 0.94583318
 0.94670801
 0.94200437
 0.94271468
 0.94410733
 0.94312968
 0.94849221
  0.9534056
 0.95349875
 0.94775492
 0.94559384
 0.94191909
 0.94106358
 0.94393414
 0.94307171
 0.94855889
 0.95455107
 0.95299868
 0.94815842
 0.94791043
 0.95195789
 0.95116628
 0.94950906
 0.94972823
 0.95010659
 0.94525288
 0.94266369
 0.93884322
 0.94007933
 0.94557596
 0.94557106
    0.94178
 0.94152322
 0.92798477
 0.92845056
  0.9221833
 0.92049616
 0.91679831
  0.9254977
 0.92439226
 0.91871017
 0.91440023
 0.90406629
 0.90020365
 0.89855507
 0.91062586
 0.91065012
 0.91361173
 0.91699626
 0.91457172
 0.90898168
 0.90892599
 0.90778853
 0.91964035
 0.91369147
 0.91901012
  0.9213751
 0.93376135
 0.93436506
 0.94177327
 0.93195206
 0.93272249
  0.9288017
 0.93506926
 0.94223972
 0.94438521
 0.94939029
 0.94176545
 0.94461276
  0.9531462
 0.94652706
  0.9501952
 0.93932928
  0.9372934
 0.94157625
 0.92762803
 0.92213929
 0.93117167
 0.94481127
 0.94439493
 0.94827854
  0.9578113
 0.96313749
 0.96388309
 0.95755242
 0.95919743
  0.9570328
 0.95907367
 0.96267488
 0.96248498
  0.9537081
 0.95443513
 0.95897093
 0.96030812
 0.95598382
 0.95903324
 0.96159127
 0.96413362
 0.95903478
 0.95754416
 0.94946436
 0.94750366
 0.94777277
 0.94729378
 0.94347014
 0.95124343
 0.95153152
 0.94642138
 0.94721199
 0.94602063
 0.94536891
 0.95330063
 0.95634513
 0.95078502
 0.94959296
 0.94691579
 0.94390961
 0.93639602
 0.93588571
 0.94303143
 0.93873034
 0.93961108
 0.93320411
 0.93770397
 0.94138235
 0.93268484
 0.94072019
 0.93649058
 0.93625247
 0.93632935
  0.9329707
 0.93338293
 0.92883085
 0.93026323
 0.93824059
 0.93726467
 0.93855776
 0.94085572
 0.93712078
 0.93730594
 0.93694142
 0.93319877
 0.93691299
 0.94041636
 0.93996112
 0.93569347
 0.93394715
 0.93349103
 0.93813584
 0.94146517
 0.93934646
 0.93923817
 0.93330664
 0.93632768
 0.93662904
 0.93426788
 0.93476178
  0.9252058
 0.91459356
  0.9094887
 0.92454365
  0.9215652
 0.92761134
 0.93177371
  0.9442547
  0.9417655
 0.95177831
 0.94211022
 0.92747849
 0.93146617
 0.94163478
 0.93407984
 0.93695883
 0.92377196
 0.92806424
 0.95397702
 0.95976887
 0.96554869
 0.96962539
 0.96849537
 0.96453885
 0.97357998
 0.97207364
  0.9747016
 0.97790748
 0.97938771
 0.97609589
 0.97691051
 0.97986861
 0.97655988
  0.9748003
 0.97132099
 0.97426301
 0.97099507
 0.96810699
 0.96627003
 0.97044002
 0.96283948
 0.96194555
 0.95474198
  0.9556985
 0.95600735
 0.96273878
 0.96267208
 0.95990317
  0.9673994
 0.97213102
 0.97573844
 0.96974522
 0.97197024
 0.97587272
 0.97328306
 0.97144427
 0.97233369
 0.96776313
  0.9685101
  0.9650626
 0.96863853
 0.96921943
 0.96601932
  0.9704373
 0.96318913
 0.94617401
 0.94426427
 0.94074896
 0.93795161
 0.92628886
 0.93065553
 0.92744929
 0.92076527
 0.92166188
  0.9265135
 0.93153672
 0.94427481
 0.95478968
 0.96143397
 0.96097995
  0.9642267
 0.97306826
 0.96895982
 0.96955275
 0.96682316
 0.95955913
 0.95935252
 0.95753511
 0.95292631
 0.95911974
 0.96730083
 0.96746801
  0.9631481
 0.95334262
 0.95115054
 0.95513126
 0.96088144
 0.95617607
 0.95077087
 0.94835308
 0.95508732
 0.95263405
 0.94526327
 0.94151471
 0.93851938
 0.93766762
 0.93875071
 0.92534409
 0.92290383
 0.92595981
 0.92975332
 0.93085228
 0.93346787
  0.9378015
  0.9345976
 0.92919585
 0.93122825
 0.93244459
  0.9311953
  0.9336761
 0.93662535
 0.92624033
   0.923124
 0.91628441
 0.90875557
  0.9001574
 0.89828133
 0.89395729
 0.89080605
 0.89458652
 0.87890961
 0.87420604
 0.87188839
 0.87151526
 0.87538922
 0.88191601
 0.87430433
 0.84748163
 0.83699141
 0.82308894
 0.82144471
 0.82752942
 0.82614274
 0.81964858
 0.83016046
  0.8219117
 0.81436043
 0.80844448
 0.81409685
 0.80323611
 0.82589706
 0.83650816
 0.83078312
 0.83417851
 0.83960038
 0.84709423
 0.84655282
 0.83950012
 0.85219736
 0.85883011
 0.85785677
  0.8641001
 0.86473001
 0.86521029
  0.8573896
 0.85306172
 0.85761128
 0.86479487
 0.87250789
 0.87143751
 0.87255586
 0.87482331
  0.8809443
 0.87269706
 0.85597835
 0.85670367
 0.86972645
 0.86446978
 0.86352994
 0.85229509
  0.8575234
 0.84393151
 0.84381043
 0.85267033
 0.86025943
 0.86927149
 0.85870383
 0.85769601
  0.8503364
 0.85176174
 0.84743608
 0.85138808
 0.85051103
 0.84191071
 0.82852583
 0.82713096
 0.82401414
 0.82614908
 0.82762617
 0.83264576
  0.8394483
 0.84472999
 0.84867227
 0.83980889
 0.83091086
 0.82372992
 0.81784256
 0.81089141
 0.81891959
  0.8241324
 0.81957047
 0.81522166
 0.81533311
 0.81400567
 0.83427556
  0.8386027
 0.85059075
 0.85304688
 0.84107893
 0.84462745
 0.85077571
 0.86119288
 0.85751601
 0.86074043
 0.86669219
  0.8722114
 0.87239369
  0.8670997
 0.86368293
 0.86129049
 0.86771972
 0.87867087
 0.87084882
 0.86823673
 0.88003867
 0.88413681
 0.88232271
 0.88176696
 0.88264064
 0.89040055
 0.89345678
 0.89312395
  0.8917964
 0.89707708
 0.89648229
 0.90139395
 0.90250299
 0.90581796
 0.91091693
 0.91227087
 0.91710595
 0.91750087
 0.90891738
 0.90072752
 0.89983052
 0.90259158
 0.89498946
 0.89574492
 0.89115819
 0.89367288
 0.90289923
 0.90463176
 0.90480282
 0.90869619
 0.90761743
  0.9129465
 0.90652144
 0.91114313
 0.90904958
 0.90667698
 0.89709229
 0.89405664
 0.88868548
  0.8822838
 0.87300111
 0.87814969
 0.87281397
 0.87865956
 0.87631842
 0.87967775
 0.87346001
 0.87448265
  0.8865524
 0.89311286
 0.89848648
 0.90845909
 0.90472669
 0.89442732
 0.89865139
 0.89698833
 0.89694656
  0.8992007
 0.89595364
 0.89537607
 0.89550858
 0.89442913
  0.9000181
 0.89482554
 0.89025868
 0.88511595
 0.89526912
 0.89610746
 0.90219601
 0.89989282
 0.87968531
 0.88652306
 0.88885573
 0.88404519
 0.89265112
 0.89340505
 0.88842131
 0.89071904
 0.89238149
 0.88943601
 0.88856991
 0.89220479
 0.89110961
 0.89012963
 0.87986874
 0.88193855
 0.88270696
 0.88579083
 0.88536333
 0.88139089
 0.87800844
 0.88034559
 0.88017317
 0.87592818
 0.87982178
 0.87386508
 0.87571746
 0.87764226
 0.87654094
 0.88344045
 0.88368668
 0.87750781
 0.88188421
 0.88133678
 0.87734874
 0.87324899
 0.87116902
 0.87224994
 0.86905621
 0.86424399
 0.85969453
  0.8518181
 0.84716237
 0.84246141
 0.84924027
 0.84614357
 0.85433052
 0.86454315
 0.87320259
 0.86982249
 0.87237527
 0.86748487
 0.86746038
 0.86467945
 0.86718021
 0.86984896
 0.86344132
 0.85434239
 0.84803056
 0.84914932
 0.86043372
 0.85897204
  0.8617961
 0.85703895
 0.86352032
 0.86459811
 0.86724197
 0.86214849
 0.87350378
 0.86978967
 0.87171847
 0.86994283
 0.87055005
 0.86986518
 0.86457215
 0.86699989
 0.86904652
 0.86796884
 0.87484503
 0.87839084
 0.87792645
 0.87257683
 0.87746302
 0.87948931
 0.88198872
 0.88196123
 0.88345888
 0.89035305
 0.89431224
 0.88427673
 0.87924514
 0.88447511
 0.88419243
 0.88806907
 0.88644306
 0.88590704
 0.88920254
  0.8887701
 0.88576809
 0.89044648
 0.89547826
 0.89395198
 0.88138836
 0.88349642
 0.87899182
  0.8813733
 0.87673403
 0.87545731
  0.8793339
 0.87748385
 0.87602924
 0.87058437
 0.86823704
 0.87559601
 0.87229812
 0.86316456
 0.87025237
 0.86723226
 0.86587789
 0.86525583
 0.86986126
 0.89076208
 0.89283772
 0.89142219
 0.88450691
 0.88517258
 0.88076589
 0.88342706
 0.88562003
 0.87817409
 0.88189032
 0.88068255
 0.88331262
 0.87324839
 0.87275047
 0.87386792
 0.87277165
  0.8683651
 0.87364166
 0.88513039
 0.89194517
  0.8857165
 0.88256301
 0.87463209
 0.88551059
 0.89017077
 0.88925479
 0.88867329
 0.88491537
  0.8795533
 0.87933037
 0.88153044
 0.87891247
 0.87634602
 0.86372676
 0.86915166
 0.87811119
 0.87716436
  0.8815782
 0.88053369
 0.88884197
 0.88826647
 0.88616162
 0.89059225
 0.88779823
 0.88255299
 0.88433333
 0.88288507
 0.88571855
 0.88033897
  0.8857174
 0.88851627
 0.88599043
 0.88536243
 0.88963472
 0.89121738
 0.88601915
 0.89018658
 0.89476139
 0.89074076
 0.89324459
 0.89016617
 0.89184737
 0.89467398
 0.89437268
 0.89635025
 0.90488497
 0.90251878
 0.89966019
 0.89367424
 0.88963218
 0.88299581
 0.88253072
 0.87816063
 0.87726112
 0.87779504
 0.87247256
 0.86851569
 0.87613796
 0.87070689
 0.86119349
 0.86687978
   0.871652
 0.87089318
  0.8721885
 0.86584302
 0.85484916
  0.8590663
 0.86748704
 0.87459237
 0.87054717
  0.8719789
 0.86672989
 0.87267806
 0.87328106
 0.87993005
 0.87813159
 0.88179231
 0.88895888
 0.88626079
 0.88973639
 0.88594292
 0.88506675
 0.88130115
 0.88676987
 0.88406072
 0.88809895
 0.89069872
 0.89709948
 0.90441793
 0.90632215
 0.90436133
 0.90637635
 0.90879108
 0.91011495
 0.90839639
 0.90175083
 0.89548918
 0.89016527
   0.890669
 0.88884802
 0.89292358
 0.88823513
 0.88955292
 0.88576722
 0.88372684
 0.88399698
 0.88287816
 0.88256523
 0.88201908
 0.87994092
 0.88582574
 0.88694196
 0.89450254
 0.89122943
 0.89472933
 0.89876576
 0.90232473
 0.90314901
 0.90160036
 0.89853712
 0.89908988
 0.90036543
 0.89706398
 0.88673147
 0.89169388
 0.88942943
 0.88751441
 0.89231605
 0.88699192
 0.89070087
 0.89375054
 0.88783924
 0.88127612
 0.88802799
  0.8914501
  0.8927075
 0.88680564
  0.8845133
 0.88111712
 0.88150376
 0.88863394
 0.88818118
 0.88549577
 0.87892752
 0.87305048
 0.88199494
 0.88113543
 0.87789803
 0.88341529
 0.88342874
  0.8795653
  0.8767791
 0.87764523
   0.870064
   0.869794
 0.87135006
 0.85975109
 0.85124801
 0.85741469
 0.85614043
 0.84851252
 0.84439646
  0.8527488
 0.85066215
 0.84876832
 0.85794313
 0.86662088
 0.85917491
 0.84971523
 0.85096687
 0.85581859
 0.86367064
 0.86193138
  0.8637785
 0.86924402
 0.87331332
 0.87624431
 0.87822264
 0.87506307
 0.87304695
 0.87570084
 0.88018441
 0.87641667
 0.87495224
 0.87724034
 0.87975023
 0.87576315
 0.87783042
 0.87461335
    0.87743
  0.8800912
 0.88219095
  0.8863961
  0.8789502
 0.87750894
 0.87928924
 0.87594543
 0.87921277
 0.87677942
 0.87765401
 0.87986104
 0.88306253
 0.88280033
 0.88031509
  0.8750336
 0.87464281
 0.87708945
 0.87762052
 0.87555451
 0.86759789
 0.86204756
 0.85399033
 0.84937507
 0.84669473
 0.85203362
  0.8487614
 0.86028175
 0.86301063
 0.86817254
 0.86292528
 0.86667237
 0.86933948
  0.8654918
  0.8646188
  0.8669056
 0.86535099
 0.86341345
 0.86759841
 0.87207243
 0.87222868
 0.87225703
 0.87081636
 0.86649125
 0.86894275
 0.86126215
 0.87007001
 0.87112856
  0.8752168
 0.87375879
 0.86933454
 0.87539888
 0.87687594
 0.87829484
 0.87398524
  0.8683616
 0.85962136
 0.85849264
 0.85014093
 0.84648226
 0.83653965
 0.84274585
 0.84509632
 0.83733189
  0.8417308
 0.83603832
 0.82760422
 0.83042737
 0.83663543
 0.84250177
 0.83914991
 0.82769309
 0.81783287
 0.81678656
 0.82439974
 0.82447989
 0.82335601
 0.82137306
 0.82446216
 0.82860168
 0.83200988
 0.83348317
 0.82263342
 0.82749585
 0.81930575
  0.8142044
 0.81940924
 0.81861361
 0.81994783
 0.81448303
 0.81166805
 0.80150242
 0.80340334
 0.81699653
  0.8257143
 0.82950531
 0.82262384
 0.81746965
 0.81730219
 0.81810351
 0.81348977
 0.80915878
 0.81908774
  0.8120195
 0.81147842
 0.80385787
 0.80544347
 0.81440272
 0.81684943
 0.81325416
 0.80674867
 0.81359106
 0.81609592
 0.82338415
 0.81951664
 0.81448302
 0.81400556
 0.81782702
 0.81588293
 0.82076121
 0.82247401
  0.8228846
 0.82367833
 0.82850505
 0.82903195
 0.82757726
 0.82975471
 0.82928541
 0.82418188
 0.81665569
 0.82651085
 0.82980028
 0.82977336
 0.82713422
 0.84526565
 0.85295861
 0.85510955
 0.86157277
 0.85744337
 0.86065804
 0.86018716
 0.85831489
 0.86194243
 0.86041868
 0.86304699
 0.86730263
 0.86591354
 0.86846904
 0.86517515
 0.86551748
     0.8603
 0.86062234
 0.86670986
 0.86729395
 0.86787657
 0.86563549
  0.8685961
 0.87100712
 0.87360854
 0.87724507
 0.88031215
 0.88136236
 0.88007266
 0.87492267
 0.88040427
 0.87316836
 0.86985041
 0.86937529
 0.86890139
  0.8658836
 0.87086776
 0.87657217
 0.87650776
 0.87892546
 0.87554899
 0.87255996
 0.87329393
 0.87299563
 0.87668006
 0.87588463
   0.877883
  0.8817405
 0.88639235
   0.885366
 0.89007859
 0.88824041
 0.89405745
 0.89329259
 0.89412702
 0.88998228
  0.8836565
 0.88796802
 0.89440756
 0.90383366
 0.91027014
 0.91095935
 0.90939439
 0.91931321
 0.92003741
 0.92059137
 0.91827447
 0.91711611
 0.91689864
 0.91820531
 0.91671502
 0.91542186
 0.90926457
 0.91580735
 0.91755868
 0.92719598
 0.92579549
 0.92281286
 0.92083409
 0.92502956
 0.92752767
 0.93115072
 0.92929878
 0.92852599
 0.92344447
 0.91991391
 0.91744176
 0.91983241
  0.9166268
 0.90988896
 0.91572654
  0.9146419
   0.905197
 0.90491481
  0.8980399
 0.88932786
 0.89429793
 0.89526612
 0.89036401
 0.89380993
  0.8932732
 0.89276529
 0.89163906
 0.88155414
 0.88231586
 0.87188788
 0.87481049
 0.87394846
  0.8752567
 0.88950398
 0.89545602
 0.90521579
 0.91038073
 0.90007106
 0.90017191
 0.89970477
 0.90834963
 0.91994384
 0.91867218
 0.92695434
 0.93077579
 0.92343134
 0.93006185
 0.93257603
 0.92595348
 0.92032492
 0.92320674
 0.91787096
  0.9184976
 0.91740025
 0.91578791
 0.91023148
  0.9045485
 0.90317909
 0.90418457
 0.90088796
 0.89675403
 0.88993955
 0.89075998
 0.88856609
 0.88889011
 0.90062643
 0.89586428
 0.90698832
 0.90317746
 0.90686549
 0.90729243
 0.91288816
 0.91804831
 0.91772697
 0.91299796
 0.91095836
 0.91316036
  0.8948346
 0.89107806
 0.88835149
 0.89635026
 0.90146849
  0.9062825
 0.91379416
 0.91640963
 0.92041192
 0.91398288
 0.90883948
 0.90866646
 0.91669172
 0.92052959
 0.92402705
  0.9306082
 0.93180026
 0.92231124
 0.91711844
  0.9196974
 0.91099833
 0.91819268
   0.912855
 0.91571427
 0.91695111
 0.91015808
 0.90578562
 0.91375352
 0.90842129
 0.90197325
 0.89641359
 0.88772652
 0.88737251
  0.8909473

