0.014083794
0.011801645
0.012129817
 0.01212227
0.012087428
0.012112246
0.012199672
0.012178122
0.012122528
0.012100575
0.012259943
0.012418916
0.012887295
0.012355793
0.012229564
0.012142914
0.012077347
0.012102186
0.012116715
0.012031806
0.012072772
0.012036592
0.012186994
 0.01243775
0.012606488
0.012791241
0.012922141
0.013265104
0.013829463
0.014101998
0.014639087
0.014788409
0.015215953
0.015549952
0.017088536
0.017163328
0.017479052
0.018194473
0.018034784
0.019203133
0.019179975
0.020330499
0.021249744
0.021414582
0.022496481
0.023025605
0.023876059
0.024842456
0.025565388
0.025929207
0.026492164
0.027388701
 0.02807201
0.029054805
0.029506725
0.030108717
0.030675032
0.031008054
0.031337018
0.031663219
0.031801054
0.032082524
0.032254259
0.032664051
0.033650453
0.033655934
0.033995621
0.034062951
0.033961269
0.035174607
0.035779045
0.035052744
0.035673452
0.036779068
0.037174793
0.038134683
0.038550171
0.038246763
0.038842183
0.040818129
 0.04164954
0.043824805
0.044285777
0.045139313
0.045372328
0.046267154
0.048135761
0.049672371
 0.04979027
0.051250576
0.052082047
0.053995989
0.055355553
 0.05534882
 0.05513877
0.054515101
0.053598898
0.055100072
0.054497145
0.054551727
0.055611853
0.055228801
0.056304696
0.058102176
0.059282551
0.059203892
0.058689862
0.057594195
0.058252989
0.057960275
0.059467326
0.060383403
0.058899313
0.059993123
0.060389314
0.060405799
0.059630096
0.060472692
0.061274319
0.061209484
0.061325539
0.062922208
0.063317908
 0.06392206
0.065721302
0.066596401
0.068555053
 0.07140208
0.070253885
0.073334915
0.074698884
0.076190219
0.075721647
0.079450178
0.081366579
0.083134046
0.083120431
0.084548896
0.085681041
0.085991537
0.086984731
0.088318917
0.088707968
0.089737515
0.089258315
0.087770124
0.088784933
 0.08912486
0.089481142
0.092869143
0.095089364
 0.09800918
0.097949177
0.099256131
 0.10296598
 0.10455856
 0.10442142
 0.10582866
 0.10992189
 0.11085441
 0.11265002
 0.11396766
 0.11376031
 0.11506665
 0.11700319
 0.11694019
 0.12071352
 0.12092935
 0.12208721
 0.12464882
 0.12804359
 0.12757025
 0.12968634
 0.13012367
 0.13385364
 0.13574484
 0.13724899
 0.13890305
  0.1413493
 0.14313892
 0.14316304
 0.14255523
 0.14294452
 0.14152697
 0.14338613
 0.14324463
 0.14236436
 0.14512622
 0.14647386
 0.14976197
 0.15201144
 0.15394305
 0.15365725
  0.1558214
 0.15640159
 0.15770794
 0.15709702
 0.15895451
  0.1598251
 0.15955492
 0.15982601
 0.16082026
 0.16102657
 0.15984923
 0.16075788
 0.16162631
 0.16297775
 0.16174244
 0.16260747
 0.16521326
 0.16487863
 0.16559622
 0.16875474
 0.16987036
 0.17493153
 0.17100977
 0.17445039
 0.17453237
 0.17738324
 0.17707588
 0.17546133
 0.17854286
 0.18336024
 0.18513377
 0.19163306
 0.18726353
 0.19981846
 0.20376845
 0.20625852
 0.21049918
 0.21517077
 0.21723756
 0.21619725
 0.21381667
 0.21927796
   0.221805
 0.22127606
 0.22260865
 0.22327908
 0.22327844
 0.22278327
 0.22307369
 0.22397905
  0.2230704
 0.22452339
 0.22500051
 0.22572622
 0.22631733
 0.22867069
 0.23137474
  0.2309208
 0.23307447
 0.23225332
 0.23357955
 0.23766564
  0.2380142
 0.24111232
 0.24160597
 0.23812234
 0.24093288
 0.24178004
 0.23940932
 0.24176192
 0.24583118
 0.24381915
 0.24089412
 0.24233131
 0.24202239
 0.24015048
 0.23865793
  0.2388132
 0.24213193
 0.24402482
 0.24376398
 0.24640304
 0.24804139
 0.25303993
 0.25499358
  0.2547106
  0.2573846
 0.26241528
 0.26552126
 0.26829553
 0.26366649
  0.2667201
 0.26548317
 0.26547135
 0.26597002
 0.26778932
 0.26726439
 0.27100754
 0.27075228
 0.27864808
 0.27791877
 0.27892715
 0.28004299
 0.28277675
 0.28467692
 0.29082265
 0.29198885
 0.29674301
 0.29759506
 0.30437412
 0.30605888
  0.3100297
 0.31430657
 0.31660462
 0.32057413
  0.3266453
  0.3296998
 0.33310285
 0.33307905
 0.33052238
 0.32891825
 0.33317205
  0.3416555
 0.34901366
 0.35548374
  0.3588849
  0.3625646
 0.36207011
 0.36220197
 0.36477814
 0.36766148
 0.36857998
  0.3705431
 0.37167393
 0.37509301
 0.37377292
 0.37766306
  0.3763727
 0.37671245
  0.3742485
 0.37531222
 0.37771627
 0.37451449
  0.3744624
 0.37802948
 0.38087994
 0.38173832
 0.38167926
 0.37914707
 0.38002628
 0.37984658
 0.38138009
 0.38553854
 0.38506384
 0.38587048
 0.39240113
 0.39160131
  0.3933551
 0.39277407
 0.39629234
 0.39407136
 0.38980686
 0.39124809
 0.39281114
 0.39421233
 0.39233121
 0.39588191
 0.40110376
 0.40417565
 0.40777152
 0.41098332
 0.40476697
 0.41199275
 0.41786895
 0.41709515
 0.42077268
 0.42545718
 0.42333766
 0.42373989
 0.43421782
 0.43842049
 0.43901103
 0.43292991
 0.43048143
 0.42102734
 0.42566486
 0.42257634
  0.4214529
 0.42440534
 0.42100129
 0.41927239
 0.41651055
 0.41952776
  0.4213935
 0.42105168
  0.4181058
 0.41645605
 0.41541589
 0.41848384
 0.42553191
 0.42605197
  0.4267286
 0.42864933
 0.43267716
 0.43185723
 0.43991048
 0.44493193
 0.44616178
 0.45156214
 0.45294374
 0.44868958
 0.46112507
 0.46191606
 0.46843671
 0.46916408
 0.46466727
 0.46655576
  0.4755284
 0.47363023
 0.48617875
 0.49838009
 0.49361239
 0.49233119
 0.49359859
  0.4848618
 0.48354245
 0.48004702
 0.48083896
 0.48945986
 0.49152145
  0.5018833
 0.50511446
 0.50239907
 0.49979078
 0.50182384
  0.4999389
 0.50210008
 0.50353575
 0.50959702
 0.50934179
 0.51005134
 0.51102622
 0.51450924
 0.51304875
 0.51101187
 0.51616527
 0.51290711
 0.51117087
 0.50911643
  0.5113036
 0.51338876
  0.5148548
 0.51392586
 0.51817533
 0.51136511
 0.51387407
 0.51470993
 0.51476134
 0.52019934
 0.52054067
 0.52226891
 0.52416465
 0.52566876
 0.52684652
 0.52802082
  0.5243504
 0.52095488
 0.52869609
 0.52825874
 0.52836883
 0.52908149
 0.52847334
 0.52998467
 0.52166375
 0.52532256
 0.53240877
 0.52857981
 0.52762577
 0.53270016
 0.53428894
 0.53573734
   0.540293
 0.53420927
 0.53907377
 0.54182343
 0.54208464
  0.5417875
 0.53876872
 0.54073851
 0.53986405
 0.53450269
  0.5389475
 0.54308612
 0.54537254
 0.54285774
 0.54971221
 0.53930916
  0.5490712
 0.54644426
  0.5457261
 0.54301881
 0.55284979
 0.54883501
 0.54997518
 0.55482446
  0.5560445
 0.55773091
 0.55001062
 0.55869334
 0.55961039
 0.55963694
 0.55460309
 0.56057416
 0.56407674
 0.55851824
  0.5646836
 0.56877034
 0.57064875
 0.56438939
 0.56229796
 0.56236664
 0.56545902
 0.56432328
 0.57024026
  0.5696473
 0.56984793
 0.56712539
 0.56860995
 0.56471832
  0.5663451
 0.56516066
 0.56525146
 0.56635855
 0.56998637
 0.56034452
 0.56871391
 0.56831557
 0.56636652
 0.58300172
 0.58355445
 0.58164824
 0.59110753
 0.59398816
 0.58680409
 0.58982151
 0.59488034
 0.59700457
 0.59668182
 0.60600434
 0.60052511
 0.61084739
 0.60973094
 0.61141815
 0.60858956
 0.61818426
  0.6190548
 0.61837971
 0.62139567
 0.62314933
 0.62192401
  0.6249447
 0.62585578
 0.62094011
 0.62408634
 0.61631089
 0.62131059
 0.62197062
 0.61429823
 0.61827882
 0.62316471
 0.62227214
 0.62630476
  0.6237491
 0.62433239
 0.62383861
 0.61926331
 0.62322127
 0.62617959
 0.62821528
 0.62987577
 0.62962642
 0.63108058
 0.62800363
 0.62305372
 0.61632341
 0.62323339
 0.62268604
 0.62825901
 0.62254149
  0.6221309
 0.62529079
 0.62243748
 0.62700259
 0.63047319
 0.63784894
 0.63406461
 0.63665641
 0.63165563
  0.6351759
 0.63362721
 0.63173523
 0.62553411
 0.62955611
 0.62896125
 0.63205355
 0.63114757
  0.6300243
 0.62840233
 0.62393237
 0.62185298
 0.62460207
  0.6234561
  0.6270291
 0.62644581
 0.63191932
 0.63623568
 0.62974287
 0.62769143
 0.63150915
 0.63287258
 0.62401645
  0.6251394
 0.61205924
 0.61321283
 0.62016764
 0.62189173
 0.60816953
 0.61170815
 0.60912934
 0.61519601
 0.61802184
 0.62221337
 0.62919247
 0.63563481
 0.62797908
 0.63034665
 0.63297798
  0.6390581
 0.63987622
 0.64300716
 0.63407236
 0.63906007
 0.64055117
 0.63867132
 0.64575987
 0.64820738
 0.65942343
  0.6578252
 0.65705647
 0.65275619
 0.64964668
 0.65473061
 0.65386499
 0.66082737
 0.65770447
 0.66221603
 0.66648337
 0.66662866
 0.67429782
 0.67318057
 0.66925878
 0.67249444
 0.67089689
 0.66782892
 0.67496105
 0.68173048
 0.67811301
 0.67031883
 0.67498522
 0.67477808
 0.67521632
  0.6679197
  0.6639709
 0.66581458
 0.66377116
 0.66494524
   0.657349
  0.6565341
 0.65418265
 0.65385168
 0.66189021
 0.65485777
 0.66100712
  0.6595304
 0.65773996
 0.65681461
  0.6566161
 0.65501193
 0.64716961
 0.64988623
 0.65688029
 0.66107677
 0.66265552
 0.67390675
  0.6688394
 0.66646946
 0.66991377
 0.66711011
 0.66920135
 0.66929065
 0.66603309
  0.6622216
 0.66039427
 0.66319244
  0.6740645
  0.6744319
 0.67948235
 0.68152433
 0.67681318
 0.68380911
 0.68324995
 0.68390476
 0.68671664
 0.69248419
 0.69983553
 0.69453799
 0.69545308
 0.70390894
 0.70157436
 0.70767086
 0.70656695
 0.70560489
 0.71106495
  0.7142145
 0.72064455
 0.73095718
 0.72361619
 0.72061318
 0.71821348
 0.71970518
 0.72752851
 0.73459212
 0.73963395
 0.74002696
 0.74429861
 0.74533634
 0.75023306
 0.74502497
  0.7476582
 0.74686474
 0.74912164
 0.74439688
 0.75691734
 0.75195205
 0.75070262
 0.74758072
 0.75141409
 0.74867179
 0.75136185
 0.74645381
 0.73804152
 0.74115305
 0.73959244
 0.74147526
 0.74498762
  0.7454316
 0.74857813
 0.74241415
 0.74434794
 0.74456477
 0.74919856
 0.74291156
 0.74353612
 0.74617903
 0.75177528
 0.75506343
 0.75338626
 0.75723622
 0.75167503
 0.74943724
 0.74506083
 0.74636888
 0.74772994
 0.74636243
 0.74500287
 0.74855746
 0.75404971
 0.75323589
 0.75685169
 0.75341886
 0.74891723
 0.74902453
 0.74652218
 0.74230481
 0.74715031
 0.74625822
 0.74283052
 0.74621884
 0.74936814
 0.74933814
 0.74660816
 0.74865525
 0.74052009
 0.74878021
  0.7632419
 0.76435134
 0.76142685
 0.77070509
  0.7631532
 0.76166606
  0.7675625
  0.7608613
 0.75700146
 0.76340942
 0.75977126
 0.76261017
 0.76028822
 0.75479524
 0.75604405
 0.76390413
 0.77494071
 0.77804428
  0.7863893
 0.79194082
 0.79857953
 0.79663947
 0.80023053
 0.80107746
 0.80384626
 0.80462251
 0.80608259
 0.80079362
 0.80700682
  0.7963124
  0.7938648
 0.79371754
 0.79453319
 0.79292801
 0.79564913
  0.7917544
 0.79526054
 0.79050666
 0.79757093
  0.8012266
 0.79665944
 0.79662356
 0.79525621
 0.79505749
 0.79248159
 0.79401121
  0.7935127
 0.79511135
 0.79709375
 0.80382536
 0.79522697
 0.79608236
 0.79248132
 0.80077079
 0.80381578
 0.81065397
 0.81254292
 0.80861021
  0.8051315
 0.81158232
 0.81260713
 0.80575506
 0.80134761
 0.80329168
 0.80635901
 0.80354277
 0.80627325
  0.8062172
 0.80030332
 0.80822257
 0.80505716
 0.81322175
   0.800747
 0.79611172
 0.79704747
 0.80088465
 0.79711632
 0.79555429
    0.80242
 0.79907035
 0.81303119
 0.81747332
 0.82187982
  0.8224352
 0.81714214
 0.81729407
   0.817057
 0.81586269
 0.81605734
 0.81994109
 0.82949987
 0.83108412
 0.83119859
 0.83088468
 0.83372741
 0.83622148
 0.83610413
 0.83608505
 0.83447191
 0.83585244
 0.83543332
 0.83256765
 0.82975322
 0.82801211
 0.82356928
 0.82446088
 0.82501042
 0.82609222
 0.82683386
 0.82706392
 0.83532162
 0.83859485
 0.84112795
 0.84321435
 0.84627006
 0.84193141
 0.84536189
 0.84789947
 0.84887984
 0.85003163
 0.84569818
 0.84865469
 0.84752986
 0.84798609
 0.85578274
 0.85352587
 0.84921041
 0.84668555
 0.84782564
 0.84989302
 0.85032638
 0.84832986
 0.84757961
 0.84700624
 0.84531995
 0.84934782
 0.85277185
 0.85495021
 0.85482343
 0.85359802
 0.85970964
 0.85864384
 0.85825786
 0.86257255
 0.85597457
 0.85760499
 0.85984924
 0.86559978
 0.86222043
 0.86599917
 0.86338888
 0.86723141
 0.86878784
 0.86517354
 0.85725842
 0.86310714
 0.86454233
 0.85956523
 0.84891014
  0.8351071
 0.83696097
 0.84177948
 0.84020931
 0.83669599
 0.83724345
 0.82681433
 0.82999787
 0.82822699
 0.83046007
 0.83462741
 0.83125283
   0.835222
 0.83712975
 0.83420746
 0.82831054
 0.83154099
  0.8326359
 0.83474784
 0.83231617
 0.83377488
 0.83391553
 0.83754117
 0.83546239
 0.83420829
 0.82927896
 0.83143319
 0.83440124
 0.83175543
 0.83065146
 0.83864011
 0.84690221
  0.8564731
 0.85441021
 0.85571243
 0.84839825
 0.84910864
 0.85012969
 0.84849411
 0.85240928
 0.85399653
 0.85698312
 0.85442713
 0.84953897
 0.85080598
 0.84845067
 0.85079979
 0.84826051
 0.84747358
 0.84483956
 0.84490894
  0.8427742
 0.83552051
 0.83788331
 0.83408342
 0.83879883
 0.83050927
 0.82967983
 0.83834378
 0.83449367
 0.83669013
 0.82451007
 0.82850657
 0.83512426
 0.83370657
 0.83241199
 0.83394432
 0.83814499
 0.84285103
  0.8412837
 0.85517287
 0.85604131
  0.8635535
 0.86433351
 0.85323214
 0.84331202
 0.85326036
 0.85175461
  0.8564457
 0.85578341
 0.85822928
 0.86048021
  0.8636571
 0.86274436
 0.86414719
 0.85809856
 0.85669409
 0.85381252
 0.85087472
 0.84664062
 0.84016545
 0.84261392
 0.84672783
 0.84813468
 0.84849799
 0.83761211
 0.84567111
 0.82686617
 0.82405929
 0.82253304
 0.82338876
 0.82279899
   0.821994
 0.81418789
  0.8161187
 0.82944123
 0.82135318
 0.82432878
 0.81771416
 0.82141206
 0.82172166
 0.81627869
 0.81830538
  0.8073177
 0.81651471
 0.81300742
 0.82045724
 0.81950775
 0.82353362
 0.83055857
 0.82820838
 0.83257897
 0.83523765
 0.83330568
 0.83388543
 0.82626454
 0.82962224
 0.83560286
 0.82937149
 0.82927161
 0.83286021
 0.83333318
 0.83131013
 0.83471825
 0.83897263
 0.83990645
 0.83585918
 0.83424073
 0.83355626
 0.83091322
 0.83051962
  0.8336541
 0.84258443
 0.83326143
 0.83888752
 0.84694036
 0.84725669
 0.84801802
 0.84574892
 0.84310148
 0.84101933
  0.8302897
 0.83235013
 0.83130082
 0.83937238
 0.84201149
 0.84335618
 0.84702942
 0.84969991
 0.85079802
 0.84639452
 0.85365824
 0.84931408
 0.85198026
 0.85044892
 0.85263864
 0.84580298
 0.84857123
 0.85428401
 0.85384491
 0.85758506
 0.85427094
 0.85961495
 0.85876713
 0.84767427
 0.84900889
 0.84524705
 0.84297286
 0.84447671
 0.84820828
 0.84562962
 0.84623043
  0.8406451
 0.84365146
  0.8480319
 0.84817986
 0.83913302
 0.83801402
 0.83504054
 0.82841973
 0.83337141
 0.83290796
 0.83325494
 0.83495361
 0.81840128
 0.81432505
 0.81711561
 0.81182025
 0.80778603
 0.81620118
 0.80544171
 0.80394938
 0.80915718
 0.80409119
 0.81129574
 0.80549241
 0.80725672
 0.80129087
 0.80358462
 0.79704511
 0.79682257
 0.80747545
 0.81169078
 0.82749628
 0.82679587
 0.83189044
 0.83224943
 0.83953984
 0.85339759
 0.85749088
 0.85400854
 0.85284737
  0.8557212
 0.85411085
 0.85782233
 0.85596451
 0.85951532
  0.8649027
 0.86473198
   0.868392
 0.86987812
 0.86998707
 0.86849502
  0.8691888
 0.87333045
 0.86977512
 0.86854296
 0.86873118
 0.86364769
 0.85969836
 0.85911527
 0.85911948
 0.85782819
 0.85325842
 0.84871619
 0.84813411
 0.84958586
 0.84174682
  0.8464883
 0.83971176
 0.84303343
 0.84333581
 0.84921548
 0.85382932
 0.84926985
 0.84665827
 0.84511506
 0.84809659
 0.84549211
 0.84693033
 0.84931026
 0.84268253
 0.83865504
 0.83783656
 0.83918197
 0.83314083
 0.83822635
 0.83654183
 0.83067049
 0.83402275
 0.84064998
  0.8429258
 0.83827337
 0.84623578
 0.84647139
 0.84296256
 0.83972014
 0.84404772
 0.83639063
 0.83803819
 0.82367785
  0.8240173
 0.82222412
 0.83452287
 0.83300613
  0.8403329
 0.85016051
 0.84321883
  0.8409207
 0.84329505
  0.8368876
 0.83699911
 0.83244441
 0.83211451
 0.83125032
 0.83056804
 0.83309843
 0.84338197
 0.83736586
 0.83900562
 0.83669879
 0.83664979
 0.83543528
 0.83331615
 0.84725219
 0.84363725
 0.84533814
 0.83576065
 0.83630892
 0.83149801
 0.83443161
 0.84272564
 0.83978494
 0.84379895
 0.83866442
 0.83226947
 0.83594441
 0.83505595
 0.84011452
 0.83534665
 0.83980451
 0.84365876
 0.84796901
  0.8408678
 0.83798823
 0.83906354
 0.83265573
 0.83795094
 0.84476036
 0.84851716
 0.84589274
   0.842519
 0.84056743
 0.83785058
 0.83682283
 0.83250281
 0.82909224
 0.82939243
 0.83699152
 0.83157933
 0.83291379
  0.8353197
 0.83470687
 0.83395994
 0.83814676
 0.83896248
 0.83733217
 0.83846946
 0.83267256
 0.83178194
 0.83224239
 0.83525293
 0.82455495
 0.83507437
 0.83319788
 0.83251283
 0.82849369
 0.82741769
 0.83065373
 0.83269133
 0.82717147
 0.83279868
 0.83304982
 0.82577462
 0.82906342
 0.82912413
 0.82440918
 0.82197085
 0.80965158
 0.81696624
  0.8172294
 0.81596478
 0.82257739
 0.81903271
 0.82501395
 0.83225467
 0.83306783
 0.83034508
  0.8235581
 0.82590995
 0.82009778
 0.81589715
 0.81366248
 0.81486821
 0.81160421
 0.81885857
 0.81578475
 0.82105334
 0.81815119
 0.82137348
 0.80617916
 0.80863965
 0.80402053
 0.81286028
 0.80163869
 0.82113947
 0.81522951
 0.81363116
 0.81541922
  0.8122887
 0.81413386
 0.81324074
 0.82255346
 0.82830664
 0.82284366
 0.81145089
 0.81399518
  0.8111255
 0.81141352
 0.80902272
 0.80680818
 0.80962434
 0.79997894
 0.81074426
 0.81412145
 0.80846072
 0.80266806
 0.79887901
 0.80114619
 0.80597877
 0.81005773
 0.81301478
  0.8175198
  0.8141634
 0.81704978
 0.81584116
 0.82549889
 0.82196695
  0.8219311
 0.82186963
 0.82816605
 0.81557916
 0.81830834
 0.81344648
  0.8087215
  0.8065315
 0.79363742
 0.79298574
 0.79547301
 0.79255053
 0.80001937
 0.79765612
  0.7955484
 0.79443615
 0.77266212
 0.77372035
 0.77263523
 0.77136945
 0.79808791
 0.80956566
  0.8143208
 0.80934116
 0.80894538
  0.8143978
 0.81017911
 0.81621818
 0.82536107
 0.81522427
 0.81029807
 0.80544919
 0.80717261
 0.79897706
 0.79959359
 0.81218702
  0.8036384
  0.7985307
 0.79557666
 0.79523797
 0.79015181
 0.78641203
  0.7928938
 0.79586553
 0.80677891
 0.80334321
 0.79580194
 0.79956791
 0.79583643
 0.80700997
 0.80645466
 0.79645198
 0.80785069
 0.80618273
  0.8101221
 0.81256601
 0.81765726
 0.81514991
 0.82020425
 0.82122915
 0.82624177
 0.82740664
 0.82423781
 0.82404146
 0.82288063
 0.82527343
  0.8242113
 0.81945525
 0.82153021
 0.81735606
 0.82474247
 0.82247457
  0.8235816
 0.81632479
 0.81880198
 0.82025673
 0.82157197
 0.82705913
 0.81980632
 0.82162772
 0.82008814
  0.8203266
 0.81678113
 0.81625249
 0.81749695
 0.81768324
 0.81158374
  0.8141621
 0.81076861
 0.81506162
 0.80712225
 0.81697295
 0.81149356
 0.80983055
 0.79729582
 0.78879781
 0.78737596
 0.79371008
 0.79790593
 0.79306032
 0.80149593
 0.80030365
 0.80054516
 0.80639023
 0.80682826
 0.80747115
 0.80260316
 0.80471883
 0.80916214
 0.80960374
 0.80870814
 0.81676782
 0.80655651
 0.81287522
 0.81952937
 0.83002974
 0.81756644
 0.81880546
 0.82314459
 0.81947466
 0.82377776
 0.81807796
 0.82805527
 0.82098721
 0.82437845
 0.81671162
 0.82152755
 0.81307024
 0.82102479
 0.82017778
 0.81655254
  0.8160519
 0.82040574
 0.82776361
 0.82540334
 0.82415157
 0.82287409
 0.81974461
 0.82662421
 0.82166122
 0.82428862
 0.82735182
 0.82523407
 0.82797738
 0.82143692
 0.83111136
 0.82694459
  0.8298235
 0.82729956
 0.81576121
 0.82169103
 0.81528201
 0.82212885
 0.80884554
 0.81427956
 0.80365277
 0.80969259
 0.80827481
 0.80776411
  0.8008296
 0.80163404
 0.81238168
 0.81220087
 0.81638856
  0.8160757
  0.8083704
 0.81186317
 0.81109215
 0.80063589
 0.81108942
 0.82254431
 0.82128497
 0.82591972
 0.83331623
 0.83501108
 0.83476522
 0.84286418
 0.84051056
 0.84384152
 0.84653303
 0.84170579
 0.84563234
 0.84758546
  0.8481194
 0.84817453
 0.85038713
 0.84319364
  0.8471808
 0.85099292
 0.84617473
 0.84647589
  0.8461433
 0.84140778
 0.84016759
 0.84251707
 0.83859452
 0.83637881
 0.83646612
 0.84304579
   0.841037
 0.84206047
 0.84061418
  0.8466276
 0.84339901
 0.84331428
  0.8442217
  0.8419143
  0.8438024
 0.83987432
 0.83859661
 0.83917265
 0.84347054
 0.84473065
 0.84152712
  0.8374231
 0.83254952
 0.82828522
 0.82550108
 0.83273304
 0.83354301
 0.83531033
 0.83171008
 0.83080901
 0.82580926
 0.81994623
 0.82274816
 0.82561634
 0.82054039
  0.8155922
 0.81269618
 0.80724422
 0.81700345
 0.81847465
 0.81320475
 0.81854343
 0.82820794
 0.82812733
  0.8310094
 0.84363501
 0.84201979
 0.83843477
 0.84159161
 0.84359773
 0.84640115
 0.84424179
  0.8461025
  0.8406573
 0.83873465
 0.83546726
 0.84368991
 0.83495328
 0.83701731
 0.84005234
  0.8423061
 0.83655247
 0.83291382
 0.82669097
 0.83148071
 0.82997183
 0.82732986
 0.82789894
 0.83179965
 0.83218107
 0.82643496
 0.83199303
 0.83321934
 0.83311324
 0.83406137
 0.82812627
 0.83333355
 0.83002237
  0.8240245
 0.82324407
 0.82498636
 0.81769171
 0.82918325
 0.82705773
 0.82076825
 0.82484533
 0.82689828
 0.82982944
 0.83458863
 0.83357333
 0.83524802
 0.83055405
 0.82516941
 0.83193515
 0.83163205
 0.83195307
 0.82811164
 0.82983955
 0.83084419
 0.82435458
 0.82357524
 0.82470252
 0.82351524
 0.82922463
 0.82398452
 0.82189863
 0.82276588
 0.82515115
 0.82377193
 0.82651597
  0.8281636
 0.82929861
 0.82968892
 0.82122307
  0.8280503
 0.82144325
 0.82733186
 0.81793776
 0.82219824
 0.82268469
 0.81473595
 0.82437314
  0.8191304
 0.82221207
 0.82129364
 0.82826357
 0.82073537
 0.82557298
 0.81777106
 0.82424646
 0.83177821
 0.83524673
 0.84278231
 0.83663181
 0.83331739
 0.83684153
 0.83736326
  0.8330102
  0.8297975
 0.83267835
 0.84140797
  0.8423373
 0.84982061
 0.84243056
 0.85402788
 0.83862771
 0.84450404
 0.83172478
 0.84473014
 0.83801003
 0.84282802
 0.84409553
 0.85654459
  0.8576527
 0.85224927
 0.85739603
 0.87523235
 0.86195718
 0.86521958
 0.86753143
 0.87237915
 0.85682556
 0.84787744
 0.85050496
 0.85731175
 0.86216277
 0.87052828
 0.87075733
  0.8768502
 0.86899114
 0.86062681
 0.87215926
 0.86690943
 0.85965679
 0.86527331
  0.8623968
 0.85829899
 0.86303074
  0.8617315
 0.86318592
 0.86059031
 0.85621361
 0.85429747
 0.85163214
 0.84383024
  0.8580842
     0.8586
 0.86436304
 0.86142815
 0.85834524
 0.85350455
 0.85268652
  0.8569204
 0.86410398
 0.86638213
 0.86233264
 0.86588741
 0.86728306
 0.87147192
 0.86887205
 0.86864198
  0.8753468
 0.88333732
 0.88261526
 0.88357521
 0.87318482
 0.87304088
  0.8771264
  0.8767628
 0.87875567
 0.88233511
 0.88500605
 0.88073843
  0.8892561
 0.88996019
 0.88616679
 0.88304697
 0.88766406
 0.89008685
 0.89470321
  0.8919906
 0.89723289
 0.89211286
  0.8864405
 0.87690812
 0.87447422
 0.87303108
 0.88439376
 0.87702267
 0.88464292
 0.88761724
 0.88626601
 0.86958006
 0.88470375
 0.87665664
 0.87627329
 0.86831871
 0.87226813
 0.87044844
 0.87613398
 0.86031642
 0.86071986
 0.85796128
 0.86236118
  0.8711497
 0.88228093
 0.87992719
 0.87559263
 0.87628828
  0.8822612
 0.86921816
 0.87687727
 0.87440078
 0.86368476
 0.86338172
 0.86997522
 0.86838051
 0.87812544
 0.88109846
 0.89486733
  0.9018161
 0.89265429
 0.89658964
   0.903097
  0.8953062
 0.89834729
 0.90224801
 0.90123526
 0.90460433
 0.90887237
 0.92049428
 0.91902237
 0.91674194
 0.91587913
 0.91129532
 0.91419065
 0.91279148
 0.90472814
 0.90522337
 0.89663803
 0.89668644
 0.89606915
 0.90059295
 0.90343475
 0.89656967
 0.89651606
  0.8941091
 0.90539757
  0.9119141
 0.90605601
 0.90959992
 0.90771601
 0.90841013
 0.91160362
 0.91202426
 0.90688034
 0.90842073
 0.90805647
 0.90779523
  0.9166274
 0.91913773
 0.91885999
 0.91870994
 0.91549035
 0.91575905
  0.9147449
 0.91375466
 0.91612543
 0.91454346
  0.9153764
 0.90703044
 0.90796486
  0.9162597
 0.90306367
 0.90548585
 0.90303053
 0.89928351
 0.89934541
 0.89846081
 0.90108587
 0.89359751
 0.89003167
 0.88231672
 0.88197694
 0.88048411
 0.88035786
 0.89045178
 0.88447015
 0.88516986
 0.89067925
 0.89367107
 0.89317677
 0.88407972
 0.88562706
 0.88199629
 0.88230923
 0.88766462
 0.88616616
 0.88931394
 0.88715865
 0.89171858
 0.89410636
  0.8991988
 0.90560985
 0.90729875
 0.90943714
 0.90964476
 0.91223664
 0.91741901
 0.92276098
  0.9284184
 0.92471951
 0.91842968
 0.91789993
 0.91482928
 0.91096534
 0.90487194
 0.90434966
  0.9063018
 0.90205384
 0.90106683
 0.90707026
 0.90975797
 0.90013703
 0.90168276
 0.89177308
  0.8826971
 0.88166353
 0.87431527
 0.87718464
 0.88306684
 0.88996176
  0.8951025
  0.8963682
 0.88992822
 0.87827869
 0.87382088
 0.87063336
 0.87135378
 0.86962695
 0.86574686
 0.86366044
 0.86758812
 0.86274623
 0.86154284
  0.8541373
 0.84557674
 0.85556832
 0.85897916
 0.86607128
 0.87048235
 0.87102433
 0.87992136
 0.88552173
 0.88212245
 0.90008827
 0.90434181
 0.90314717
 0.91262159
 0.90769614
 0.90671967
 0.89694062
 0.89938843
 0.89420533
 0.89733564
 0.89723949
 0.89550944
  0.8953637
 0.90043366
 0.89819319
 0.90164425
 0.90722727
 0.90974737
 0.89850792
 0.89493176
 0.90886011
 0.91331998
 0.91209579
 0.90502775
 0.90617385
 0.91113165
 0.91813798
 0.91614776
    0.91869
 0.91521279
 0.91922361
 0.92275449
 0.91955306
 0.91981498
 0.92303146
 0.92271859
 0.92493221
 0.92478724
 0.92099658
 0.91192164
   0.910411
 0.91386997
 0.91000581
 0.91303104
 0.91118796
 0.90367744
 0.90437651
 0.90770213
 0.91925969
 0.92193615
 0.91952929
 0.91768989
  0.9224638
 0.92823748
 0.92998214
 0.92663462
 0.92894235
 0.93353567
 0.92918065
 0.92392442
    0.92307
 0.92766601
 0.92270621
 0.91778498
 0.91843849
 0.90984847
 0.90533192
  0.9015006
 0.90002721
 0.90610911
  0.9055832
 0.90344428
 0.90430112
  0.9000861
 0.89433033
 0.89574072
 0.89585809
 0.88490981
 0.89300511
 0.88770291
 0.89006898
 0.89577253
 0.89638671
 0.89933387
  0.9009401
 0.89423713
 0.90005014
 0.90586495
 0.89794835
 0.88930776
 0.89007293
 0.89584854
 0.89517241
 0.89592776
 0.90121074
 0.89688786
 0.89409253
 0.88646005
 0.88762072
 0.88410585
 0.88162285
 0.88146552
 0.88486288
 0.88858948
 0.88122063
 0.88005667
  0.8759063
 0.86616266
 0.87130335
 0.87165219
 0.87611296
 0.87704562
 0.87329257
  0.8683775
 0.86973637
  0.8639124
 0.86876789
 0.86387044
 0.85693496
  0.8544609
 0.85573611
 0.86361809
 0.86477556
 0.86827426
  0.8780401
 0.87844003
 0.88351028
 0.88155052
 0.88475745
 0.88395892
 0.87910583
 0.87767019
 0.87892031
 0.88309199
 0.88546916
 0.88031951
 0.88671812
 0.89714868
 0.89735752
 0.90690251
 0.90707869
 0.90313329
 0.89941398
 0.90059316
 0.89786504
 0.90107037
 0.89761812
  0.9001593
 0.89771801
 0.90326483
 0.90752487
  0.9101758
 0.90099274
 0.88977192
 0.89327588
 0.90239425
 0.90624814
 0.91040996
 0.91023635
 0.91424463
 0.91285956
 0.91469058
 0.91050586
 0.91249006
 0.91086804
 0.91364444
 0.91437787
 0.91496106
 0.91809165
 0.91731498
 0.91557451
 0.91401763
 0.91573005
 0.91839331
 0.91857741
 0.91843047
  0.9194766
 0.91251875
 0.91161387
 0.91083091
 0.90773293
 0.90237013
 0.90569041
 0.90033537
 0.90506558
 0.90244995
 0.90101391
 0.90091013
 0.90008762
 0.89998928
 0.89392873
 0.89899505
 0.89723336
 0.89127336
 0.89089649
 0.89258101
 0.89116691
 0.89119405
 0.89348036
 0.90123901
 0.90453655
 0.91015169
 0.91448469
 0.91187585
 0.91019438
 0.90873203
 0.90717467
 0.91389463
 0.90894628
 0.90867449
 0.90458727
 0.90913353
 0.90003964
 0.89941052
 0.90555898
  0.9140633
 0.91251244
 0.90699386
 0.90080477
 0.90092385
  0.9011578
  0.9014735
  0.9022259
 0.90293927
 0.89744022
  0.8972896
 0.90362793
 0.90832088
 0.90433015
 0.90493762
 0.90137835
 0.90008643
 0.90435858
 0.91160025
 0.91058544
 0.90965112
 0.91614693
 0.90768934
 0.91643425
 0.91786774
 0.91212743
  0.9103325
 0.90797382
 0.90430712
 0.90394027
  0.9032253
 0.91310343
 0.90729348
 0.91193949
 0.91009821
 0.91040555
 0.90550101
  0.9092214
 0.91666129
 0.91629056
 0.91811561
 0.91664643
 0.91235048
 0.89730938
 0.88872547
 0.89496258
 0.89522322
 0.89656899
  0.8999894
 0.89722177
 0.90174558
 0.89459069
 0.89370176
  0.8897182
 0.88578318
  0.8856511
  0.8865255
 0.88577525
 0.88283976
 0.88198831
 0.88199366
 0.87574638
 0.87416557
 0.87922278
 0.88031006
 0.88266326
 0.88594045
 0.88590829
  0.8776731
 0.87414326
   0.876187
 0.87431191
 0.87653907
 0.87904389
 0.87991955
 0.87878401
 0.87245614
 0.88263087
 0.88575724
 0.88894316
  0.8835874
 0.88006503
 0.88574979
 0.88731392
 0.89012524
 0.90068354
 0.89546344
 0.90478673
 0.90489208
 0.90474524
 0.91137715
 0.91165963
 0.90849443
  0.9027827
 0.90319526
 0.90225426
 0.91563275
 0.91727355
 0.92066774
 0.92201251
 0.92193903
 0.92378035
 0.92033787
  0.9199456
 0.91397551
 0.91313321
 0.91309173
 0.90991074
 0.90924869
 0.91778886
 0.91209039
 0.91062307
 0.91451648
 0.91963694
 0.91407463
 0.91412917
 0.91354024
 0.91831528
 0.90752419
  0.9074648
 0.91870532
 0.92641747
 0.91995504
 0.91182884
 0.91791644
  0.9144708
 0.92214031
 0.92843637
 0.92545233
 0.91852465
 0.92180971
 0.92412911
 0.92404743
 0.93021024
 0.93251323
 0.93416025
 0.93177657
 0.93365277
 0.93376014
 0.93100243
 0.92635699
 0.92506916
    0.92103
 0.92625896
 0.92421634
 0.91767236
 0.91979571
 0.92235698
  0.9265164
 0.92768228
 0.92079775
  0.9155755
 0.91576694
 0.92353399
 0.92766627
 0.92206752
 0.92406834
 0.91915168
 0.92000862
 0.92779462
 0.92908561
 0.92864004
 0.92629212
 0.93110426
 0.92836292
 0.93015539
 0.93133739
  0.9280562
 0.92855446
 0.92371743
 0.91795041
 0.91243592
 0.91440905
 0.90430552
 0.91356806
 0.92162123
 0.92211277
  0.9293274
 0.93179082
 0.93792684
 0.93646566
 0.93039421
 0.92651769
  0.9276928
 0.92674935
 0.93191698
 0.92466443
 0.92740042
 0.92321173
 0.92772044
 0.92788216
 0.92904855
 0.92326791
 0.91626258
 0.91184272
 0.91624397
 0.91529609
 0.92035088
 0.90774507
 0.90614405
 0.89970578
 0.90725649
 0.90290168
 0.90943702
 0.91528064
 0.91827773
 0.91504363
 0.90951961
  0.9166242
 0.91972438
 0.91585938
 0.91330959
 0.91041942
 0.91034033
 0.91261838
 0.91760973
 0.90457638
 0.90946051
 0.90956842
 0.90408083
 0.90054732
 0.90711255
 0.90442194
 0.90750042
  0.9071729
 0.90426823
 0.90600944
 0.90898188
 0.90933205
 0.91244799
 0.91303279
 0.92466773
 0.92580819
  0.9246561
 0.92627553
 0.92820954
 0.92788473
 0.92262434
 0.92695018
 0.92237542
 0.92824587
 0.92592844
 0.92204902
 0.92308202
 0.91529689
 0.90922286
 0.90254823
 0.90131116
  0.9056429
 0.91175884
 0.91596877
 0.91651437
 0.92288289
 0.92046956
 0.92188094
 0.92395545
  0.9233237
 0.91899068
 0.92248897
 0.91353024
 0.91215461
 0.91489348
   0.914611
 0.91070621
 0.91512418
  0.9161691
 0.91268029
 0.90570417
 0.90246389
 0.90106396
 0.90402355
 0.90111201
 0.90587885
 0.90947993
 0.90723678
 0.90522507
 0.90761721
 0.89469477
 0.90118734
 0.89045421
 0.89315487
 0.89577861
 0.90604952
 0.90145774
 0.90074631
 0.89924334
 0.90450561
 0.89997293
 0.90812056
  0.9071679
 0.90404981
 0.89824847
 0.90188167
 0.89574815
   0.886792
  0.8909047
  0.8896335
 0.88873322
 0.88857669
 0.88536394
 0.89080219
 0.88073881
 0.88125325
   0.875809
 0.88526912
 0.87275264
 0.87348577
 0.87472388
 0.88182593
 0.87775225
 0.88363624
 0.88222777
 0.87379591
 0.87412159
 0.87178448
 0.86413034
 0.86558626
 0.85777664
 0.85133065
  0.8371407
 0.84158813
 0.84379948
 0.84404333
 0.84113437
 0.84691067
 0.83789252
 0.85653828
 0.85480877
 0.85639318
 0.85505341
 0.85360516
 0.84952415
  0.8501009
 0.84498754
 0.84984204
  0.8610671
 0.85719041
 0.85868976
 0.85200253
 0.85881176
 0.85966419
 0.85934221
 0.85191919
 0.85254325
 0.85546634
 0.85721062
 0.85466475
 0.86792231
 0.86859987
 0.86848936
 0.86261332
 0.86418991
 0.85860509
 0.86361951
 0.85704589
 0.86014656
 0.85835404
 0.85647648
  0.8571412
  0.8577754
 0.85592878
 0.85388413
 0.85142478
 0.85127096
 0.85963269
 0.86457637
 0.86560021
  0.8746211
 0.87642518
 0.87702521
 0.87719276
 0.88201341
 0.87849385
 0.87486311
 0.87032042
 0.87819874
 0.87068099
 0.86927297
 0.87647519
 0.87776324
 0.87833138
 0.87903478
  0.8719571
 0.88045431
  0.8815389
 0.88708807
  0.8843997
 0.88876035
 0.89189109
  0.8834195
  0.8842538
   0.885992
 0.88799299
 0.88196902
 0.87689721
 0.88288246
 0.88781553
 0.89334069
 0.89786787
 0.89430609
 0.89092185
 0.90452436
 0.90955709
 0.90160022
  0.9057049
 0.91048561
 0.91689704
 0.91576505
 0.92465175
 0.92319279
 0.92528512
 0.92608636
 0.91605569
   0.918237
 0.93073834
 0.93252148
 0.92775838
 0.93472956
 0.93559373
 0.93396025
 0.93362163
 0.93449646
  0.9413157
 0.94029767
  0.9364706
 0.93688724
 0.93232792
 0.93465443
 0.93654305
 0.93505663
 0.93659707
 0.93731623
 0.93211417
 0.93312098
 0.93681631
  0.9411716
  0.9371432
 0.93062056
 0.93890224
 0.93907501
 0.94061743
 0.93782357
 0.93653863
 0.93417963
 0.93020014
   0.929097
 0.93316599
 0.92875189
  0.9352776
 0.93217965
 0.92957246
 0.93078025
  0.9277634
 0.93037354
 0.92660589
 0.92388221
 0.91956968
 0.91529457
 0.91879356
  0.9148076
 0.91798045
 0.91144264
 0.91299131
 0.90932341
 0.90344686
 0.89984811
 0.90072554
 0.89668955
 0.89642615
 0.89900892
 0.90000199
 0.89551315
 0.89770537
 0.89753673
 0.89768277
 0.89900844
 0.89910562
  0.8982942
 0.89834402
 0.90463676
 0.90229968
 0.90254314
 0.89608554
 0.89235703
  0.8988958
 0.90267285
 0.90726863
 0.90576315
  0.9046922
  0.9047757
 0.90795121
 0.90801563
 0.90945143
 0.90915473
 0.91490456
 0.91375435
  0.9235712
 0.93037527
  0.9296753
  0.9231318
 0.92586104
 0.92543053
 0.92631292
 0.92353668
 0.91876167
 0.92023502
 0.91698392
 0.91226327
  0.9141453
 0.91868386
  0.9226335
 0.92521277
 0.92084085
 0.92387599
 0.92700636
 0.92816585
 0.93380699
 0.92909419
 0.93049175
 0.93209657
 0.93449198
 0.93633282
 0.93312799
 0.93446442
  0.9311997
 0.93220623
 0.93238186
 0.92854844
 0.92291567
 0.92321963
 0.92087796
 0.92411135
 0.92933878
 0.93449865
 0.93606939
 0.93837973
 0.92812867
 0.92792637
 0.93572715
 0.93467382
 0.93937529
 0.94283203
 0.94382784
 0.94293721
 0.94043716
  0.9434798
 0.94171205
 0.94420784
 0.95013203
 0.95028149
 0.94552437
 0.94616606
 0.95268658
 0.95013748
 0.95943151
 0.96146154
 0.95786321
 0.96572847
  0.9619979
 0.96179137
  0.9664632
 0.97147667
 0.96965248
 0.97498927
 0.97379572
 0.97029339
 0.95736169
 0.95271819
 0.96353805
 0.96505056
   0.958498
 0.96079193
 0.95886605
 0.95664521
 0.95229883
 0.95266672
 0.94774772
 0.95151015
 0.94922211
 0.95328739
 0.94816968
 0.95400543
 0.95562569
 0.95155573
 0.95496638
  0.9363377
  0.9296546
 0.91942637
 0.90543462
  0.9142421
 0.91483087
 0.91292802
 0.91402997
 0.90168894
 0.90154669
 0.91247953
 0.91850163
 0.91672703
 0.91381661
 0.91292666
 0.91575434
 0.90944842
 0.90139232
 0.90881494
 0.89809563
 0.89731434
 0.89638479
 0.88679531
 0.88630336
 0.88315758
 0.87809534
 0.88843596
 0.88937454
 0.89063435
 0.89202985
 0.88983737
 0.89767953
 0.89468177
 0.90797916
 0.91060458
 0.90543549
 0.89193718
 0.89702598
 0.89976357
 0.89753022
 0.89437021
 0.88499623
 0.88570737
 0.87806648
 0.87389796
 0.87129819
 0.87442917
 0.86939882
  0.8603048
  0.8528147
 0.85642106
 0.84744526
 0.84550384
 0.85277805
 0.85255236
 0.85420645
 0.85749855
  0.8583771
 0.86209668
 0.85939749
 0.85444107
 0.84649788
 0.84348957
  0.8461557
 0.84423102
 0.84973545
 0.85575289
 0.85464409
 0.85518528
 0.85235954
 0.85796156
 0.86211089
 0.86250824
 0.86977616
 0.86969248
 0.86404583
  0.8586699
 0.86145038
 0.84647961
 0.85166847
 0.85209798
 0.84407638
 0.84629504
  0.8527988
 0.85916667
  0.8680441
 0.85436733
 0.85391278
 0.86551297
 0.87390054
 0.87331291
 0.87291897
 0.87891796
 0.88427418
 0.88618069
 0.87834694
 0.87307624
  0.8765499
 0.88137995
  0.8781648
 0.87636235
 0.87346747
 0.88299072
 0.87239367
 0.87316924
 0.86594824
 0.85694406
 0.85234963
 0.85104638
 0.85486848
 0.85115106
 0.84787749
 0.84875205
 0.85163074
 0.86445984
  0.8641601
 0.87086632
 0.85571391
 0.85961186
 0.85924876
 0.85953517
 0.86431338
 0.85995404
 0.86093323
 0.85884722
 0.86809215
 0.86827881
 0.86773709
  0.8660766
 0.86581408
 0.86609737
 0.86788472
 0.86326894
 0.86226634
 0.85514532
  0.8514808
 0.85034893
 0.86434922
 0.87605553
 0.86983379
 0.86964816
 0.86556166
 0.86566945
 0.86491146
 0.86022725
 0.85886047
 0.86371206
 0.87330799
 0.87334939
 0.86555174
 0.86145108
  0.8648246
 0.86760205
 0.86197286
 0.87209495
 0.87465887
 0.86563933
  0.8703871
  0.8787773
 0.87274417
 0.87695527
 0.87260525
 0.87408399
 0.87377454
 0.87483127
 0.87768192
 0.88099789
  0.8824879
  0.8839868
 0.88880481
 0.88616385
 0.88475868
 0.87914563
 0.87405942
 0.86798249
 0.86904918
 0.87149142
  0.8703871
 0.87590806
 0.88174279
 0.88020849
 0.87864873
 0.88601243
  0.8956292
 0.89318199
 0.88949912
 0.89136179
 0.89020623
 0.89085333
  0.8917141
  0.8901297
 0.90116242
  0.9090329
 0.91285565
 0.91198798
 0.91054519
 0.91037855
 0.90935046
  0.9034597
  0.9037422
 0.90076083
 0.90252035
 0.90627717
 0.90457473
 0.90298588
 0.89965989
 0.90058743
 0.90327103
 0.89732385
 0.89491944
 0.89694327
 0.90199611
 0.89212094
 0.89341813
 0.88721446
  0.8832739
 0.88324999
 0.89176519
 0.89025852
 0.88964898
 0.89923833
 0.90295221
 0.90669393
  0.9007111
 0.90368404
 0.90224464
 0.89160522
 0.89883688
 0.89671709
 0.90198361
 0.90579595
 0.89969893
 0.90548573
 0.90871438
 0.91239698
   0.915048
 0.91387716
 0.91707154
 0.91682355
 0.90739842
 0.91097378
 0.91791112
  0.9130516
  0.9182274
 0.91653453
 0.91845148
 0.91971056
 0.92330248
 0.92775479
 0.92916976
 0.93400148
 0.93673009
 0.94105275
 0.94260622
  0.9448755
 0.94741167
 0.94570857
 0.94326871
 0.93429239
 0.93415917
 0.93398572
 0.92747583
 0.92264282
 0.92071333
 0.91585603
 0.91635479
 0.91826532
 0.91161351
  0.9125161
 0.90834086
 0.91423763
 0.91310282
 0.91903753
 0.91475094
 0.91470901
 0.91217109
 0.89893287
 0.89877925
 0.89929391
 0.90504642
 0.90062832
 0.90702692
 0.89351437
 0.88923951
 0.89132723
 0.88480999
 0.89628996
 0.89523951
 0.88250091
 0.89437506
 0.90005686
 0.91027211
 0.91542044
 0.91013052
  0.9056535
 0.90451306
 0.90155128
 0.89890936
 0.89225617
 0.87673703
 0.88166213
 0.89592649
 0.89857838
 0.89647302
 0.89507485
 0.90084689
  0.8954187
 0.89568451
 0.89626281
 0.90200018
 0.89098925
 0.89724278
 0.89426271
 0.88279392
 0.87864637
   0.871183
 0.87302687
 0.87801175
 0.87596854
 0.87794491
 0.87417264
 0.87780033
 0.88085606
 0.88815642
 0.88871683
 0.88896976
 0.88702132
 0.88694918
 0.88310386
 0.88354779
 0.88212426
 0.89114352
 0.88791965
 0.88733378
 0.89531284
 0.89470477
  0.8972192
 0.89499653
 0.89613815
 0.89600493
  0.8973917
 0.89270297
 0.89588536
 0.89314388
 0.89270931
 0.88806817
  0.8873735
 0.88874064
 0.89225907
  0.8957161
 0.89452608
 0.89006188
 0.89322438
 0.88338454
 0.88643329
 0.88372869
 0.88959554
 0.88523741
 0.88492967
 0.87439147
 0.87802032
 0.87441095
 0.87149239
 0.87638585
 0.87751548
 0.87698442
 0.86922901
 0.87060862
 0.86475076
 0.86612582
 0.86643417
 0.86675792
 0.86457598
 0.86831498
 0.87863782
 0.87272606
 0.87549307
 0.87859559
 0.87485912
 0.86876827
 0.87727678
 0.86689702
 0.86648377
 0.85956061
 0.85917721
 0.85740871
 0.84784501
 0.85539746
  0.8608016
 0.86426224
 0.86503738
  0.8595247
  0.8564912
 0.85352643
 0.84856678
 0.84563734
 0.84987918
 0.85789268
 0.85188554
  0.8442269
 0.85166591
 0.85288802
 0.84637289
 0.85183495
 0.84952818
  0.8453943
 0.83180947
 0.83142252
 0.83110521
 0.82211955
 0.82605694
 0.82192491
 0.82765017
 0.82741876
 0.82673607
 0.82314144
 0.80955182
 0.80221651
 0.80425866
 0.81095403
 0.80692194
 0.80432036
 0.80570453
 0.80134928
 0.80405297
 0.80894592
 0.80024567
 0.79779734
 0.79589589
 0.78922799
 0.79616788
   0.790486
 0.79099191
 0.79918231
  0.7923532
 0.79079416
 0.78933943
 0.78559247
 0.78546314
 0.78247586
 0.78337332
 0.78388716
 0.77974013
 0.77182994
 0.75936547
 0.75832365
 0.75709345
 0.76952509
 0.76015076
 0.74343879
 0.73981641
 0.74827322
   0.759794
 0.75655092
 0.76807946
 0.76508326
 0.77368042
 0.76871821
 0.76615099
  0.7585271
 0.74806015
 0.75081569
 0.75499409
 0.77047628
 0.77626257
 0.78656749
 0.79384608
 0.79502803
 0.79771266
 0.78597127
 0.79802575
 0.79314793
 0.79141227
 0.78577642
 0.78303185
 0.77837961
 0.77376853
 0.76583245
 0.76736513
 0.76807021
 0.76580613
 0.77385967
 0.76390967
 0.77004149
 0.76674829
 0.76413944
 0.75664186
 0.75529042
 0.76134403
 0.76129867
 0.76301137
 0.78444234
 0.76341035
 0.77457243
 0.79585506
 0.79403224
 0.79739409
 0.80085147
 0.79851315
 0.80408039
 0.79891098
 0.78763326
 0.79825858
 0.79694576
 0.79928959
 0.79570505
 0.80070525
 0.78989133
 0.79237718
   0.797383
 0.79443741
 0.79522697
 0.79498153
 0.79916264
 0.80520658
 0.80582323
 0.79763719
 0.80791373
 0.81717045
 0.81156562
 0.81304881
 0.82009832
 0.81237398
 0.81884734
 0.82108967
 0.82057586
 0.82179838
 0.82136284
 0.82644065
 0.82817155
 0.83176579
 0.82679506
 0.82446742
 0.82389041
 0.81719651
 0.81983321
  0.8209038
 0.81945912
 0.81830662
 0.81519275
  0.8261191
 0.82349987
  0.8281097
 0.82114659
 0.81616085
 0.82285027
 0.82152857
  0.8156623
 0.81275874
 0.80920054
 0.81148761
 0.80994111
 0.81067011
 0.81264008
 0.81690166
 0.82048036
  0.8130303
 0.82488708
 0.81784843
 0.82449754
 0.83321168
 0.83421724
 0.84014166
 0.83634455
 0.83625768
 0.83929186
 0.83552839
 0.84241455
 0.83744259
 0.83935784
 0.84919258
 0.84981545
 0.84052639
 0.84626819
 0.84302885
 0.84041557
 0.84256378
 0.84925595
 0.84178326
 0.83961328
 0.84841108
 0.85211271
 0.85078682
 0.85145405
 0.84819004
 0.84322491
 0.84740635
 0.85417209
 0.85178682
 0.85135572
  0.8538973
 0.85855154
 0.85130732
 0.84955446
 0.84893954
 0.84927389
 0.85059062
 0.85904426
 0.86111895
 0.86301339
   0.862834
 0.85709678
  0.8640568
 0.85365961
 0.85946322
 0.85816352
 0.86006883
 0.85747005
 0.85411938
 0.84862382
 0.85611529
 0.85964485
 0.85942094
 0.86132278
 0.86542067
 0.86539284
 0.86558051
 0.87042074
 0.86187311
 0.86480575
 0.85968754
 0.85269925
 0.84859782
 0.84541594
 0.85392495
 0.85079714
  0.8542409
   0.853405
 0.84497161
 0.85210575
 0.84752532
 0.85169091
 0.85152783
  0.8428288
 0.84413786
  0.8467017
 0.85606412
 0.86148237
 0.86618917
 0.86476782
 0.86368818
 0.86355326
 0.86964941
 0.86456177
 0.86161193
 0.85956964
 0.85484866
 0.85514318
  0.8465661
 0.85343087
 0.85849277
 0.85841551
 0.85959405
 0.86948993
 0.86226826
 0.86181054
 0.85936434
 0.85766314
  0.8528393
 0.85109566
  0.8515322
 0.85442587
 0.85069609
 0.84503772
 0.84959358
 0.84182759
  0.8418585
  0.8436245
 0.83478213
 0.83906321
 0.83561436
 0.84443682
 0.84035525
 0.84096147
 0.84448169
 0.84953491
 0.85947141
 0.85219456
 0.86405486
 0.85925297
 0.85638992
 0.86234957
 0.86738418
 0.87543348
 0.87715434
 0.87345136
 0.88121688
 0.87976054
 0.88292837
 0.87672784
 0.88170172
 0.88369191
 0.88818902
 0.88572685
 0.88448458
 0.88543377
 0.88545626
 0.88014794
 0.87646838
 0.87267398
 0.87180855
 0.86404895
 0.87482011
 0.86942192
 0.87086926
 0.86988437
 0.86912849
 0.85831359
 0.85604777
 0.85558396
 0.85380711
 0.85577633
 0.85390265
 0.85699594
 0.84988836
 0.84333891
  0.8378604
 0.83979055
 0.83494344
 0.84088637
 0.83821965
 0.83849635
  0.8400342
 0.83394116
 0.84295614
 0.84323551
 0.85032833
 0.84752816
 0.83596481
 0.83565506
 0.83721165
 0.84083607
  0.8402985
 0.84604005
 0.84175059
 0.83570638
 0.83068764
 0.83413044
 0.84254823
  0.8483894
 0.84676299
 0.84833544
 0.84364062
 0.85108652
 0.84457957
  0.8413825
 0.83173359
 0.83955285
 0.84422477
 0.84651942
  0.8522269
 0.84985819
 0.84421042
 0.84907493
  0.8467883
 0.84615467
 0.84352501
 0.84568534
 0.84694458
 0.85610249
 0.85958137
 0.85650334
   0.853143
 0.85131802
 0.84745457
 0.84738295
 0.84080942
 0.84649404
 0.84106563
 0.83560478
 0.83261518
 0.83641142
 0.84031033
 0.83640603
 0.83735442
 0.83131909
 0.83878264
  0.8370179
 0.83176838
 0.82991663
 0.84268329
 0.83389391
 0.83486077
 0.82688764
  0.8372893
 0.84620301
 0.84303084
 0.84442334
 0.83804933
 0.83722866
 0.83245549
 0.83362975
 0.83576151
 0.83541556
 0.83010319
 0.82285974
  0.8226312
 0.82445732
 0.83153738
 0.83303332
 0.83423159
 0.82901302
 0.83755488
 0.83931719
 0.84116481
 0.83573037
  0.8423819
 0.84585767
 0.84735285
 0.86119436
 0.86665728
  0.8588636
 0.85802891
 0.86740416
 0.85166947
 0.86123197
 0.86929086
 0.88103964
 0.88638102
  0.8818899
 0.88644555
 0.88734866
 0.88949654
 0.88938951
 0.88389892
 0.88338755
  0.8833992
 0.87815698
 0.86801941
 0.85304694
  0.8534433
 0.84461579
 0.83636604
 0.84539106
 0.85277484
 0.85736826
 0.85346247
 0.86166035
 0.86034446
 0.85409707
 0.86067392
 0.85652959
 0.86186501
  0.8637154
 0.86672581
 0.85882431
 0.85272593
 0.85376008
 0.84085095
 0.84290102
  0.8535896
 0.85786138
 0.85616506
 0.85288387
  0.8559656
 0.84154719
 0.83779923
 0.84437907
 0.85274974
 0.85908942
 0.85967138
 0.85540543
 0.86577482
 0.87273289
 0.87294997
 0.88236969
 0.86981672
 0.88216928
 0.87527189
  0.8780492
 0.87341814
 0.86238839
 0.87477896
 0.87142031
 0.87702723
 0.88385937
 0.88762717
 0.89274468
 0.88546667
 0.88473903
  0.8826261
 0.88672497
 0.87791608
 0.87928168
 0.87670519
 0.88440661
 0.88485474
 0.88455603
 0.88646439
 0.88493959
 0.89453617
  0.8967433
 0.89701137
 0.89278919
 0.89243279
 0.89367033
 0.89017061
 0.87883711
 0.87830467
 0.87739745
 0.87727135
  0.8829916
 0.87968682
  0.8851341
 0.88107513
 0.88202467
 0.87858207
 0.87603286
 0.87869991
 0.88454162
 0.87432984
 0.88454923
 0.88956578
 0.89048006
 0.89389838
 0.89098699
 0.89669879
 0.89309684
 0.89366651
 0.89246922
 0.89674581
 0.89748817
 0.89700809
  0.8983538
 0.89889401
 0.89474751
 0.89926221
 0.90030175
 0.89912793
 0.89451198
 0.88971659
 0.88733887
 0.88609301
 0.88218843
 0.87893818
 0.88017881
 0.87713742
 0.87910826
 0.87039714
 0.87466999
 0.87547176
 0.87788239
 0.87213575
 0.87240183
 0.87408413
 0.87188181
  0.8739902
 0.87403399
 0.87196496
 0.87723842
 0.87267687
 0.87234957
 0.86095178
 0.85554621
 0.84534647
 0.82866335
 0.84010009
 0.82926281
 0.83524955
 0.84731252
 0.85048994
 0.85095508
 0.84331253
 0.84569376
 0.84306306
 0.85462291
 0.85210547
 0.86247245
 0.87498107
 0.87321034
 0.88004139
 0.87989991
 0.88873388
 0.88394576
 0.88855915
  0.8926564
 0.88789452
 0.88885709
 0.88875623
 0.88839064
 0.89266047
 0.89386516
  0.8944855
 0.90022788
 0.90625583
 0.90582541
 0.90750909
 0.90400232
  0.9010678
 0.89054797
 0.87809835
 0.85966387
 0.87473292
 0.88277267
 0.89025663
 0.89754709
 0.90769054
 0.91270041
 0.91669369
 0.91775627
  0.9171879
 0.91645861
 0.91640876
 0.91575567
 0.91913007
 0.91690051
  0.9172197
 0.91804725
 0.91984761
 0.91955943
 0.90917753
 0.90112368
 0.89843367
 0.90443898
 0.91028241
 0.90832207
 0.91343469
 0.91127906
 0.91092872
 0.91181992
  0.9143279
  0.9096806
 0.90692338
  0.9034098
 0.90633699
 0.90404926
 0.91064387
 0.90097229
  0.8987449
 0.90541111
 0.90909849
 0.90614437
 0.90107047
 0.90594022
 0.90004389
 0.90340673
 0.90663604
 0.91300378
 0.91527686
 0.91561072
 0.92123516
 0.91809069
 0.91312104
 0.91162993
 0.90448959
 0.89036493
  0.8845473
 0.89244165
 0.90236478
 0.90779624
 0.90363384
 0.89084815
 0.89001331
  0.8776693
 0.86113144
 0.85990011
 0.86501017
 0.86605348
 0.85763092
 0.85376768
 0.86374415
  0.8679855
 0.87490375
 0.87429199
 0.87914719
 0.88036661
 0.88129884
 0.87968603
 0.88504177
 0.88208223
 0.87251558
  0.8868505
 0.89094254
 0.88609621
 0.88082853
 0.87746415
 0.87478628
 0.86835777
 0.87163533
  0.8590004
 0.85312231
 0.87070865
 0.86353314
 0.85077098
 0.85795716
 0.84874369
 0.84776097
 0.84809501
 0.84482292
 0.84301083
  0.8542597
 0.86002836
 0.86332949
 0.87741769
 0.88159365
 0.87715198
 0.86882219
 0.87437331
  0.8716186
 0.86336556
 0.86596487
 0.86198024
 0.85336532
 0.85124118
 0.85246673
 0.84489419
 0.84523981
 0.84468774
 0.84205758
   0.844263
 0.84392296
 0.83768214
 0.83914457
 0.83402062
 0.83535076
 0.84560181
 0.83528228
 0.84435148
 0.84945823
 0.84363363
 0.83906327
 0.84061626
 0.84097268
 0.83650394
 0.83543694
 0.83243642
 0.82355482
 0.82592233
 0.83187431
 0.82583502
 0.82601021
 0.82295231
 0.81713379
 0.81618391
 0.81097185
 0.81184543
 0.79964084
 0.79669102
 0.79705268
 0.80892418
 0.81536631
 0.81400151
 0.80507049
 0.81145221
 0.80947268
 0.80249446
 0.79983787
 0.79778953
 0.80181919
 0.80008544
  0.8177228
 0.81667646
  0.8251156
 0.83187963
 0.83020267
 0.83925707
 0.83818461
 0.83845116
 0.83488303
 0.83605513
 0.83395253
 0.83347882
 0.82761127
 0.82995986
 0.82664166
 0.82898157
 0.82684973
 0.82222988
 0.82505761
 0.82849923
  0.8289344
 0.83054534
  0.8297943
 0.83088646
  0.8258807
 0.82403113
 0.81865253
 0.82287703
  0.8304286
 0.83590967
 0.83810037
 0.83683777
 0.84130684
 0.84138023
 0.83929255
 0.84207174
  0.8354305
 0.83786224
 0.83008219
 0.84057281
 0.83270003
  0.8363959
 0.83094102
 0.84121535
 0.84147969
 0.84379881
 0.83895382
 0.83782434
 0.83365234
 0.82133585
 0.80831087
 0.80553284
 0.80780955
 0.81101391
 0.82488202
 0.81540702
 0.82923957
 0.83092672
 0.83518042
 0.83241458
 0.83544682
   0.837319
 0.83541387
 0.83340274
 0.84432301
 0.84214667
 0.84294141
 0.83776864
 0.83809306
 0.83560331
 0.83759114
 0.83475696
 0.83486408
 0.83577721
 0.83536981
 0.82956664
 0.82707433
  0.8333196
 0.83134637
 0.83184833
 0.83512996
 0.84580088
 0.85080547
 0.85308049
  0.8554178
 0.85671213
 0.84858615
 0.84755533
 0.84679162
 0.84036573
 0.83099855
 0.83388591
 0.83547201
 0.83486354
 0.83323709
 0.83372188
  0.8361197
 0.83791185
  0.8397332
   0.831853
 0.83603001
 0.83625183
 0.83917985
  0.8377392
  0.8366389
 0.84606875
 0.84658136
 0.84632541
 0.83962933
 0.84764018
 0.85366743
 0.86337503
 0.86337762
 0.87005353
 0.87042541
 0.87018232
 0.86484017
  0.8671377
 0.86727138
  0.8616255
 0.86070676
 0.86789337
 0.87520721
 0.87716369
 0.88023735
  0.8778586
 0.88395981
 0.87949474
 0.88548746
 0.88636975
 0.88957972
 0.88478039
 0.88740403
  0.8864705
 0.88491654
 0.88550244
 0.88563698
 0.89188151
 0.88350475
 0.88307649
 0.88997647
 0.89668683
 0.90313078
 0.90640084
 0.90415015
 0.90442033
 0.90709065
 0.90018863
 0.90152018
 0.90018615
 0.89540414
  0.8814197
 0.86917846
 0.87020236
  0.8552793
 0.86495435
 0.87565932
 0.87720564
 0.87599352
 0.87938258
 0.88674584
  0.9002215
 0.90398452
  0.9011951
 0.89786128
 0.90363325
 0.90511112
 0.90787309
  0.9063224
 0.90773986
 0.91339246
 0.91156042
 0.90678854
 0.90528458
 0.90519819
 0.90510828
 0.90721784
 0.90632427
 0.90174507
 0.89850845
  0.8986444
 0.90077111
 0.89825994
 0.90135367
 0.90156692
 0.90028705
 0.90045941
  0.9023237
 0.90641499
  0.9028122
 0.90272735
 0.90128839
 0.90240074
 0.89914279
  0.8964732
 0.89520179
 0.89706355
 0.89978871
 0.89916833
 0.89927596
 0.89837646
 0.90274618
 0.90387424
 0.90687197
 0.90602476
 0.90895104
 0.90971241
 0.91364902
 0.90932361
 0.91100279
 0.90952397
  0.9079453
 0.90480761
 0.90611185
 0.90698896
 0.90406278
 0.90506926
  0.8989316
 0.89461696
 0.88451463
 0.87088672
 0.86108987
 0.87813531
  0.8855022
  0.8908745
 0.89234609
 0.89134552
  0.8968157
 0.90163373
 0.90014299
 0.89735403
 0.89321068
 0.89705057
 0.89945805
 0.89578302
 0.89392465
 0.89626555
 0.90264284
 0.90049852
 0.89694049
 0.89822503
 0.90146934
 0.90743021
 0.90996002
 0.90863654
 0.90655022
 0.90753268
 0.90221354
 0.89878853
 0.89898058
 0.90303628
 0.90929056
 0.91266671
 0.90850032
 0.91264766
 0.91515896
 0.91508393
 0.91227603
 0.91107701
  0.9112627
 0.91284038
 0.90716346
 0.91129127
  0.9090355
 0.90349284
 0.90196194
 0.90090738
 0.90856449
 0.90553363
 0.90599682
 0.90244451
 0.90392969
 0.90134798
 0.90309223
   0.896866
 0.89399872
 0.89289047
  0.8898759
 0.88805161
 0.89043472
 0.88660278
 0.88879719
 0.88562014
 0.87433228
 0.87527685
 0.85610091
 0.87619121
  0.8810392
 0.88511399
 0.89371108
 0.89623128
 0.90012071
  0.9144769
 0.91298182
 0.91464153
 0.90510365
 0.89984638
  0.8923432
 0.90125087
 0.90127716
 0.90477606
 0.89784061
 0.89933503
 0.89228973
 0.89734333
 0.89934009
 0.90910122
 0.90795107
 0.89932553
 0.90303387
 0.89970226
 0.91437611
 0.90519181
 0.90700005
 0.90610509
 0.90637689
 0.90145631
 0.90210632
 0.89892309
  0.8980803
  0.8940635
 0.89565887
   0.893894
 0.89224829
 0.89683107
 0.90544044
 0.90717919
 0.89780836
 0.87997955
 0.89537518
 0.90483925
 0.91573567
 0.91460262
 0.91765494
  0.9221943
 0.91906567
 0.91921105
 0.91855076
 0.92215906
 0.92168947
 0.92918529
 0.93201672
 0.93326755
 0.93369392
 0.93435607
 0.93156644
 0.93033876
 0.93023248
 0.93297221
 0.93565394
 0.93332785
 0.92851085
 0.92629886
 0.92712799
 0.91549953
 0.91123379
 0.91892815
 0.91907701
 0.91962774
  0.9179422
  0.9130074
 0.90870242
 0.91066372
 0.90434373
 0.90151144
 0.89691078
 0.89377986
  0.9029392
 0.90779219
 0.90994553
 0.90636117
 0.89836253
 0.89195321
 0.88794262
 0.88567359
 0.89199938
 0.89870209
 0.90543567
 0.89757453
 0.89220647
 0.88901392
 0.87487763
 0.86443378
  0.8669427
 0.87460556
 0.86936991
 0.86270554
 0.87744351
  0.8775601
 0.87572772
 0.87877848
 0.87804695
 0.87486277
 0.87549813
 0.88008089
 0.87999964
 0.87805154
 0.87590656
 0.87435249
 0.87187487
 0.86648005
 0.86716901
 0.87347035
 0.87442904
 0.86847619
 0.87538825
 0.87501185
 0.86922569
 0.86953665
  0.8630395
  0.8666766
 0.86294419
 0.84857256
 0.85546759
 0.86252355
   0.865488
 0.87552149
 0.87609811
 0.87463638
 0.87080536
 0.87047721
 0.87081676
  0.8748742
 0.87760348
 0.87966109
 0.87791948
 0.87973305
  0.8771591
 0.87321297
 0.87744482
 0.87767743
 0.87870509
  0.8817069
 0.88355004
 0.88354099
 0.88516067
 0.88379471
 0.88544232
 0.88211139
 0.88602276
   0.884782
 0.88795459
 0.88925755
 0.88706995
 0.88864972
 0.88281385
 0.88805686
  0.8846581
 0.88909696
 0.89166206
 0.88787858
 0.88728095
 0.89363943
  0.8921941
 0.89036332
 0.89000256
 0.88762697
 0.88979592
 0.88602657
 0.88297835
 0.87624073
  0.8666882
 0.85679009
 0.86075817
 0.86147862
 0.86690471
 0.87004049
 0.87303348
 0.87281039
 0.88068777
 0.88412032
 0.88622266
 0.88258422
 0.88378064
 0.88659558
 0.88591161
 0.88437632
 0.88437532
 0.88782026
 0.88524305
  0.8862435
 0.88017761
 0.88855819
 0.88894684
 0.88377295
 0.88421393
 0.88034823
  0.8757517
 0.87600621
 0.87559668
 0.87222434
 0.87660707
 0.87000078
 0.87322852
 0.86690737
 0.87065579
 0.87172325
 0.87594483
 0.87527958
 0.87517023
  0.8717738
 0.86923119
 0.87131833
 0.87613654
 0.87449668
 0.87521794
 0.87243417
 0.87456722
 0.86656706
 0.86169471
 0.86860606
 0.87145443
 0.87160391
 0.88260362
 0.87941584
 0.87593523
 0.87882657
 0.88002459
 0.87602055
 0.88369854
 0.88115161
 0.88448639
 0.88720432
  0.8797599
 0.88367581
  0.8784331
 0.88135624
  0.8818248
 0.88359902
 0.89217191
 0.88712123
 0.88455658
 0.88352536
 0.87651458
 0.88055276
 0.87361295
 0.87701015
 0.87964882
 0.89240809
 0.89297697
 0.89089462
 0.88740167
 0.88770735
 0.89066994
 0.88674996
 0.89069851
 0.89096781
 0.88858145
 0.88089349
 0.87965887
 0.88189057
 0.88284532
 0.86884328
 0.85263994
 0.85265225
 0.83525444
 0.82769465
 0.82948167
 0.82031909
 0.82247803
 0.82616501
 0.82432464
 0.80838856
 0.79494163
 0.81019268
 0.81173121
 0.77883972
 0.76701537
 0.77230956
 0.78540013
  0.8170753
 0.81679071
 0.81189391
 0.81778692
 0.81896873
 0.81840343
 0.82134536
 0.81242259
 0.80520109
 0.80095343
  0.7974541
 0.79746016
 0.81292902
 0.80365353
 0.80841721
 0.83106851
 0.83012317
 0.83095593
 0.82203445
 0.83389922
 0.83052995
 0.83477303
 0.82284624
 0.82575563
 0.82152202
  0.8206496
 0.81770327
 0.81973565
 0.83495974
 0.83274485
 0.83844885
 0.82787048
 0.81609168
  0.8169879
 0.81186104
 0.81396928
 0.80523006
 0.81731556
 0.81692671
 0.82277723
 0.83138965
 0.82940933
 0.82524837
 0.82819673
 0.82623525
 0.83502881
  0.8338289
 0.83660765
 0.83357309
 0.83613647
 0.83113706
 0.82868512
 0.82887854
 0.83278755
 0.83371119
 0.84347594
 0.85287767
 0.84837928
  0.8445185
  0.8428001
 0.84210681
 0.84107819
 0.83811936
 0.83333048
 0.83269388
 0.83260019
 0.82706058
 0.83081452
 0.83158829
 0.83339329
 0.83547706
 0.82808682
 0.83137664
 0.83418712
 0.84066041
 0.83719429
 0.83499854
  0.8393877
 0.83581214
 0.82964702
 0.83080042
 0.83023326
  0.8361437
  0.8428698
 0.83989061
  0.8304502
 0.82834089
 0.82821002
 0.83225507
  0.8276015
 0.82907687
 0.82479379
  0.8244963
 0.82460768
 0.82339837
 0.82935494
 0.82866244
 0.83094858
 0.82924388
 0.83160652
  0.8344415
 0.83106437
 0.83245817
   0.831598
 0.82907941
 0.83050227
 0.83666515
 0.83743923
  0.8363064
  0.8366196
 0.84344786
 0.84112296
 0.84478408
  0.8446205
 0.84406472
 0.85034091
 0.85368794
 0.85425439
 0.84964451
 0.84643749
 0.84921351
 0.85259267
 0.84989184
 0.84537721
 0.84913709
 0.85226727
 0.84982058
 0.84200232
 0.83882029
 0.84317682
 0.84183614
 0.84322086
 0.84122176
 0.84210742
 0.84323738
 0.84103421
 0.84253009
 0.83503858
 0.83074672
 0.83483462
 0.84334915
 0.84594846
 0.84802031
 0.85005888
 0.84338205
 0.83634598
 0.84034721
 0.84081174
 0.82841069
 0.82545924
 0.83284524
 0.84178698
 0.83687473
 0.83758444
 0.84516018
 0.84277268
 0.85154627
  0.8491401
 0.85633809
 0.85340895
 0.85958347
 0.85750707
 0.86106532
 0.85698938
 0.85518961
 0.84872294
 0.84160702
   0.845057
  0.8386413
 0.83500816
 0.83751827
 0.84128011
   0.840763
 0.84695605
 0.84466185
 0.84026926
 0.82975199
 0.82705703
 0.81799173
 0.81780385
 0.82052941
 0.81804817
 0.82200374
 0.81807473
 0.82506826
 0.82705876
 0.82189098
 0.82459702
 0.82556002
 0.82874616
 0.83107016
 0.83631499
 0.83862426
 0.84447061
 0.85053981
 0.84613363
 0.84786461
 0.84512456
 0.84563474
 0.84802368
 0.84972304
 0.84961249
 0.85232155
  0.8550199
 0.85466914
  0.8517204
 0.84509646
 0.83611564
 0.82765175
 0.82939325
  0.8312881
 0.83337916
  0.8181431
 0.81768734
 0.82244413
 0.82191434
 0.82087236
 0.82640216
 0.83532144
  0.8371296
 0.83936784
 0.83975933
 0.83734155
  0.8383311
 0.83052368
 0.83418076
 0.84500939
 0.85097204
  0.8502933
 0.85256341
 0.85583858
 0.85606081
 0.84872718
 0.84280445
 0.84208466
 0.84264776
 0.83724547
 0.83146276
 0.83208927
 0.83667886
 0.83828991
 0.83926406
 0.83959397
 0.84247841
 0.84046208
 0.83889389
  0.8390053
 0.84416972
 0.84386344
 0.83318679
  0.8418793
 0.83516079
 0.83331864
 0.84282851
 0.84532626
 0.85152879
 0.84073116
 0.84490488
 0.84442575
 0.84984709
 0.84628932
 0.84477662
 0.84587213
 0.83536972
 0.83387344
 0.83316352
 0.83360164
 0.83645665
 0.83176508
  0.8305349
 0.82801065
 0.82391341
 0.82907638
 0.82827902
 0.82759522
 0.83578824
 0.83880737
 0.83804725
 0.84140514
 0.84204231
 0.84313069
 0.84829277
 0.85171008
 0.85093093
 0.84485096
 0.84786246
 0.83898443
 0.83727715
 0.83149342
  0.8234988
 0.82055094
 0.81783259
 0.81726496
 0.81463274
 0.81804621
 0.82216054
 0.81822249
  0.8247957
 0.82796524
 0.82249965
 0.82257875
 0.81530569
 0.80668128
 0.80764463
 0.80203325
 0.80531276
 0.81357241
 0.80761775
 0.81074496
  0.8154272
 0.81172926
 0.81349742
  0.8112921
 0.80761296
 0.80203038
 0.80110412
 0.78251786
 0.78041101
 0.78368417
 0.78229899
  0.7812208
 0.78235988
 0.78227166
 0.77622295
 0.78011496
 0.78166442
 0.77661486
 0.78261441
 0.78211662
 0.78438926
 0.79516891
 0.79858318
 0.80262656
 0.80394216
 0.80105079
 0.79969834
 0.80655971
  0.8083383
 0.81795986
 0.82866539
 0.82586375
 0.82420511
  0.8275064
 0.82865119
 0.82422395
 0.82266143
 0.82892045
 0.82994143
 0.83008792
  0.8174739
 0.81644774
 0.81063976
 0.80687386
  0.8146958
 0.81806289
 0.82085335
 0.82718672
 0.82716372
 0.82384833
 0.82161727
 0.81584463
 0.81842909
 0.82055323
 0.81908377
 0.81945808
  0.8219408
 0.82589058
 0.82182568
 0.81764472
 0.81320085
 0.81504592
 0.80734679
 0.80369226
 0.81069988
 0.81347142
 0.81113043
  0.8114289
 0.81588111
 0.81597454
 0.81687609
 0.82108273
 0.82177297
 0.82363439
 0.81895229
 0.81764919
 0.82015199
 0.82364941
 0.82192346
 0.82348355
 0.82705695
 0.82819754
  0.8249891
 0.82184364
 0.81296482
 0.81359924
 0.81742578
 0.81430402
 0.82234793
 0.83007908
 0.83461236
 0.82967805
 0.82786723
  0.8303383
 0.83188885
 0.83267128
 0.83267039
 0.82684469
 0.82472197
 0.82857104
 0.83344708
 0.82798022
  0.8220126
 0.82541305
 0.82503402
 0.83004555
 0.83430353
 0.82432894
 0.81922287
 0.81765064
 0.81850181
 0.80853195
 0.80783298
 0.81235012
 0.81698312
 0.81223651
 0.81146826
 0.82348075
 0.81633739
  0.8148494
 0.82022161
 0.82327627
  0.8162019
 0.81596265
 0.81978599
 0.82745128
 0.82003034
 0.81560714
  0.8088507
  0.8115581
 0.79809483
 0.79613434
 0.79002862
 0.78174563
 0.78893517
  0.7995935
 0.80250005
 0.79665579
 0.79012131
 0.79135609
 0.80389118
 0.78206374
 0.78066647
 0.78725086
 0.80037802
 0.80307075
 0.80375596
 0.80504376
 0.81282999
 0.81390014
 0.81185308
 0.81458883
 0.81192815
  0.8116114
 0.81901031
 0.82397734
 0.82729771
 0.82254693
  0.8180784
 0.81229639
 0.81031325
 0.81251039
  0.8099198
 0.80371211
 0.80694787
  0.8054478
 0.80828318
 0.81526128
  0.8119014
 0.81598568
 0.81180642
 0.81748212
 0.81525249
 0.81735797
  0.8279881
 0.82859597
 0.83098865
 0.82824478
 0.83279676
 0.82738876
 0.83003809
 0.83569991
 0.83090964
 0.82887305
 0.82349197
  0.8321452
   0.829384
 0.83339467
 0.83389194
 0.82369703
 0.82953467
 0.82497994
 0.82203532
 0.82446984
 0.81387509
 0.81713205
 0.82283982
 0.82882646
 0.83111512
 0.83839803
 0.83964141
 0.83758343
 0.84658721
  0.8497836
 0.84943822
 0.85234584
 0.84721658
 0.84604813
 0.84947845
 0.85313062
 0.83987676
 0.83740592
 0.83849774
 0.83899257
 0.84004216
 0.84308383
 0.83602741
 0.82542644
 0.83301903
 0.83311964
 0.84618957
 0.84667288
 0.84511161
 0.84506142
 0.84235929
 0.83692881
 0.84073213
 0.84287835
 0.84742853
 0.84817368
 0.84132327
 0.82990607
  0.8354015
 0.84811946
 0.84918951
 0.84615524
  0.8467203
 0.85548481
 0.86722436
 0.86569161
  0.8667943
  0.8642771
 0.86234294
 0.86014395
 0.85871997
 0.86273369
 0.86517865
 0.86393938
 0.85463176
 0.84406353
 0.85378725
 0.85183225
 0.84423554
  0.8441596
 0.84733239
 0.85012552
  0.8464502
 0.84788004
 0.84522844
 0.84244987
 0.84156318
 0.84844175
 0.85919704
 0.86131066
 0.85679828
 0.85305822
 0.84989089
 0.85322722
 0.85735334
 0.86275012
  0.8559712
 0.86498779
 0.86294656
 0.86071949
 0.86128501
  0.8514734
 0.84950345
 0.85104169
  0.8548834
 0.85915338
 0.86429445
 0.86093606
 0.86254981
 0.86478169
 0.86484587
   0.866672
 0.85448155
 0.85192559
 0.85187789
 0.85545165
 0.84770718
 0.84299735
 0.82802114
 0.82909502
 0.82576635
 0.84247734
 0.84964393
 0.86991928
 0.86772457
 0.86070123
 0.85979947
 0.85696456
 0.85916598
 0.85637055
 0.86152006
 0.86608637
 0.85778147
  0.8592895
 0.86565672
 0.87075215
 0.87683746
 0.87932101
 0.88458666
 0.88122668
 0.87661709
 0.87397441
 0.86495094
 0.86886975
 0.87663406
 0.87860449
 0.87709669
 0.87046968
 0.87870386
 0.87741892
 0.87087044
 0.87249167
 0.87115218
 0.86770356
 0.87203139
 0.87766487
 0.88738021
 0.88965554
 0.88882606
 0.89400406
 0.89199367
 0.88651751
  0.8911983
 0.89226622
 0.89793586
 0.90051831
 0.90050132
 0.89860772
 0.89572226
 0.89759814
 0.89991466
 0.89656412
 0.89532658
 0.89204561
 0.88679813
 0.88792347
 0.89435487
 0.89765918
 0.89491733
 0.88877411
 0.89078122
 0.88815439
 0.88029988
 0.89089014
 0.88947058
 0.88820663
  0.8852186
 0.89505916
 0.89776707
 0.88682743
 0.89133686
 0.88976978
 0.88790381
 0.89041869
   0.885718
 0.88313649
 0.88608011
 0.88290015
 0.88630476
 0.89705985
 0.90263958
  0.9020927
 0.91093811
 0.90358492
 0.90151502
 0.89414762
 0.89455246
   0.904044
 0.89838818
  0.9019284
 0.89144804
 0.88989306
 0.88808347
 0.89826052
 0.89148115
 0.88432185
 0.88815329
 0.88913257
 0.89603592
 0.89875932
 0.89543124
 0.89859475
 0.89801946
 0.90194005
 0.90334048
 0.91110576
 0.91276849
  0.9166715
 0.91471578
 0.91334222
 0.91610672
 0.91547209
  0.9216787
  0.9198596
 0.92175977
 0.91988682
 0.92134056
 0.91884069
 0.92402879
 0.92049292
 0.91795985
 0.91398556
 0.91143289
 0.91834797
 0.91272244
   0.914458
 0.91146995
 0.89960835
 0.90250482
 0.91266691
 0.91470552
 0.91192362
 0.90645277
  0.9048863
 0.90971179
 0.91200606
 0.91494637
 0.90414989
  0.9070064
 0.91018298
 0.91076996
 0.90200535
 0.91055291
 0.91134844
 0.91359218
 0.91118896
 0.91121371
 0.91341743
 0.91607352
 0.91099169
 0.91139139
  0.9050834
 0.90291937
 0.90083852
 0.89743127
  0.9040591
 0.90317384
 0.89841679
 0.89509797
 0.89013448
 0.89550722
 0.89782814
 0.89272429
 0.88767676
 0.88043472
 0.88610925
 0.89046394
 0.89683755
 0.90031918
 0.89819318
 0.89445368
 0.88926417
 0.88199934
 0.88859616
 0.88695871
  0.8842724
  0.8831391
  0.8757963
  0.8758156
 0.88134502
 0.87892089
 0.88522539
 0.87954821
 0.87223958
 0.86493009
 0.86475147
 0.86235955
 0.86498818
 0.87133231
 0.88015346
 0.88002008
 0.87951159
 0.88565542
 0.88939995
 0.88012973
 0.88690554
 0.87919488
 0.87701714
 0.87388934
 0.87328484
 0.87239054
 0.87300849
 0.86764277
 0.86652416
 0.86690632
 0.85787427
 0.85216665
  0.8577792
 0.87241263
 0.87363113
 0.87175074
 0.87028037
 0.87529075
 0.87315007
 0.87532314
  0.8775169
 0.87281841
 0.87143088
 0.87522682
 0.86928596
  0.8629232
 0.86978369
 0.87323804
   0.876685
 0.88042037
 0.87816088
 0.88157711
 0.87902082
 0.88501352
 0.89235008
  0.8891173
 0.89295204
 0.88780734
 0.89456548
 0.89638749
 0.90362173
 0.89998231
 0.90738781
 0.91003239
 0.90330493
 0.91170956
 0.91593157
 0.91814527
 0.92022973
  0.9198932
 0.91607933
 0.91621029
 0.91301367
 0.91444596
 0.91313407
 0.91618199
 0.92015839
 0.92400704
 0.91561473
 0.92679556
 0.92779805
 0.93248471
 0.92084056
 0.92149123
 0.92145745
 0.92233583
 0.92049403
 0.92489202
 0.92572979
 0.92915679
 0.93437251
  0.9358374
 0.93434154
 0.93241209
  0.9342353
 0.92655164
  0.9313761
 0.94024523
 0.93771133
 0.93917289
 0.93434396
 0.92988835
 0.93092418
  0.9281266
 0.92900388
 0.92215915
  0.9286127
 0.93013881
 0.92596666
 0.92977346
 0.93304657
 0.93856365
 0.94066684
 0.93723529
 0.93905262
 0.94339186
 0.94398054
 0.93956955
 0.94707345
 0.93891212
 0.94201556
 0.94677064
 0.94973736
 0.94573912
 0.94778205
 0.94327979
 0.93879165
 0.93233807
 0.92913176
 0.92667419
 0.92316804
  0.9183327
  0.9235999
 0.92874109
 0.93616621
 0.93880362
 0.93980831
 0.93680782
 0.93606726
 0.93160743
 0.93624368
 0.94155368
 0.93931694
 0.93722388
 0.93761965
  0.9371854
 0.93591975
  0.9391488
 0.94003709
 0.93645908
 0.93387309
  0.9334393
 0.93785073
   0.926191
 0.93295546
 0.93415093
 0.93688414
 0.93476326
 0.93034723
 0.92927989
 0.93225997
 0.93258168
 0.92795301
 0.92876441
 0.92832033
 0.92713761
 0.93214285
 0.93264407
 0.92658681
 0.92145856
 0.93170722
 0.93264735
 0.93477105
 0.93306413
 0.93023321
 0.92623439
 0.92838992
 0.92528599
 0.92644699
 0.92864364
 0.93078777
 0.92951709
 0.92817193
  0.9217209
 0.92191612
 0.92318588
 0.91981684
 0.91668897
 0.91296576
 0.91010528
 0.92119527
 0.92219368
 0.92205811
 0.92513503
 0.92564603
 0.92250871
 0.91865094
 0.91487057
 0.91357784
 0.91662478
 0.91684047
 0.91629291
 0.91385845
 0.91399062
 0.91556898
 0.91889695
 0.91395727
 0.91019237
 0.90453564
 0.89880461
 0.89807322
 0.89314245
 0.90516971
 0.90530225
 0.91240797
  0.9174175
 0.91441066
 0.91722204
  0.9161491
 0.90909146
 0.90754036
 0.90736826
 0.91073119
 0.90507243
 0.91082798
 0.90499238
  0.9015709
 0.90569521
 0.90769487
 0.90251114
 0.91176065
 0.91964889
 0.91974184
 0.91861075
 0.90943314
 0.90408354
 0.89861251
 0.90150452
 0.91233066
 0.90756169
 0.90095807
 0.91102344
 0.91044584
 0.91170265
  0.9122438
 0.90387072
 0.90702904
 0.90431449
 0.90368225
 0.90513015
 0.90221156
 0.90112542
 0.89610674
 0.89123994
 0.90228191
 0.89132046
 0.89885774
 0.89373277
 0.89548072
 0.89978286
  0.9008918
 0.89815312
 0.89880216
 0.89863132
 0.89353814
 0.89864914
 0.89670331
 0.90098913
 0.90760428
 0.91087148
 0.91068983
 0.91029423
 0.90431899
 0.89936352
 0.89229064
 0.89359233
 0.90305183
  0.8924488
 0.88320526
 0.88399186
 0.88265301
 0.88309473
 0.88658482
 0.87798098
 0.88759695
 0.89223179
 0.89048595
 0.89579452
 0.88937244
 0.90063243
 0.90034316
 0.89973629
 0.89845122
 0.89145211
 0.88844419
 0.89339149
 0.89836185
  0.9072585
 0.91093556
 0.91085972
 0.91216347
 0.90668685
 0.90614885
 0.90353949
 0.90195372
 0.90083373
 0.89926665
 0.90163319
 0.90341943
 0.90176882
 0.90479027
 0.90514788
 0.90750277
 0.90291352
 0.89883103
 0.90058934
  0.8966543
 0.89851809
 0.90210656
 0.90176304
 0.90454873
 0.90106426
 0.90397586
 0.90220541
 0.90115225
 0.89701825
 0.89948479
 0.88955542
 0.88873969
 0.88918158
  0.8813551
 0.88723292
 0.89439256
 0.89623924
 0.88974676
 0.88815204
 0.89544655
 0.89354058
 0.89710323
 0.89425951
  0.9017219
 0.89681922
 0.89782717
 0.89962972
 0.89561194
 0.88974498
 0.87596803
 0.88749518
  0.8853387
 0.87208219
 0.87544115
   0.873194
 0.87294501
  0.8721651
 0.87370726
 0.87872818
 0.88448501
  0.8815972
  0.8805256
 0.88204695
 0.88453888
 0.88039597
 0.87166995
 0.86392359
 0.87470807
 0.86620102
 0.86700435
 0.84606375
 0.85647746
 0.86025573
 0.86385689
 0.86565486
 0.87827733
 0.87652749
 0.87608951
 0.87926004
 0.87555454
 0.88272916
 0.87977713
 0.89640613
 0.89958147
 0.89547198
 0.89475488
 0.90033267
 0.89514872
 0.89719315
 0.89118845
 0.89117825
 0.88930796
  0.8924363
 0.88581121
   0.882786
 0.87929562
 0.88571841
 0.87938167
 0.88870517
 0.87699608
 0.87712315
 0.87628021
 0.87595559
 0.87304629
 0.88439754
 0.88360731
 0.89481151
 0.90145745
  0.9017734
 0.89657081
 0.89445364
 0.88595054
 0.88873175
 0.88547971
 0.87861965
 0.88624431
 0.89424553
 0.89674727
  0.8997159
 0.90044673
 0.89520757
 0.90255203
 0.89640187
 0.88701981
 0.88180751
 0.87667295
 0.88211447
 0.88702906
 0.88294924
 0.87665207
 0.88061624
 0.87707207
 0.87412641
 0.87150155
 0.86830126
  0.8631371
 0.87607901
 0.88001667
 0.87465639
    0.87773
 0.88893813
 0.89240587
 0.89953737
 0.89665968
 0.89400109
 0.90029019
 0.89565434
 0.89691845
 0.89481315
 0.88895867
 0.89355431
 0.88173864
 0.88821057
 0.88337249
 0.88763929
 0.89705142
  0.9057845
 0.90291117
 0.90083227
 0.90050654
  0.8969613
 0.89453971
 0.88801191
 0.88938394
 0.89751526
 0.89949094
 0.89721769
 0.89104373
 0.88944578
 0.89115698
 0.89612373
 0.88717891
 0.88939203
  0.8935789
 0.89431654
 0.89370815
 0.90223716
 0.89042842
 0.89109623
 0.88949551
 0.88514044
 0.89268419
 0.88780538
 0.89150421
  0.8936606
 0.88744801
 0.88556308
 0.88484664
 0.87094289
 0.87146441
 0.88013448
 0.89715739
 0.90143567
 0.89813174
 0.89759817
 0.89415676
 0.90072922
 0.91017426
 0.89663825
   0.895795
  0.8958626
  0.8990155
 0.90387263
 0.89766696
 0.90174384
 0.90410354
 0.89623406
 0.89398149
 0.89513315
 0.89279879
 0.88616005
 0.88940505
 0.89068598
 0.89036277
 0.89007992
 0.88682564
 0.88105593
 0.88567111
 0.88464747
 0.88278833
 0.87796111
  0.8767113
 0.87754773
 0.87366527
 0.87872095
 0.88452696
 0.88531365
 0.87756679
 0.88046526
 0.88192994
 0.87198949
 0.87538715
 0.86827689
 0.87533835
 0.87725994
 0.88251347
 0.87893016
 0.88120625
 0.88617076
 0.87904129
 0.88319537
 0.87467517
 0.86679233
 0.86802864
 0.86943524
 0.86976249
 0.86834328
 0.87087031
 0.86961778
 0.87543034
 0.87800991
 0.87833267
 0.88292198
 0.88209298
   0.871564
 0.87431943
 0.86715885
 0.87136998
 0.87422871
 0.87047112
 0.86373819
 0.86175636
 0.86602955
  0.8609925
 0.86487547
 0.87072579
 0.87460152
 0.87552406
 0.87163932
 0.87412025
 0.87010053
 0.87314094
 0.87728941
 0.87942472
 0.88032771
 0.88691082
 0.88417901
 0.87972202
 0.87246207
 0.87126737
 0.86133369
 0.86561989
 0.86364459
 0.85717115
 0.85850051
 0.85628267
 0.84294318
 0.84135602
 0.83852873
 0.83890342
 0.84101964
 0.83579469
 0.83714864
 0.84195899
 0.84457872
 0.84476994
 0.84267101
  0.8394713
 0.83562949
 0.83379514
 0.82806141
 0.83348906
 0.83686756
    0.83898
 0.83753411
 0.84226224
 0.84766587
 0.84669686
 0.84303322
 0.84752071
 0.85123122
 0.84801552
 0.85398394
 0.85360611
 0.84951476
 0.84062944
 0.83421292
 0.84542081
 0.84982488
 0.85034748
 0.85542365
 0.85392544
 0.85070412
 0.85583965
 0.85200975
 0.85528946
 0.84868153
 0.85089303
 0.85704312
 0.85986879
 0.85969232
 0.86979764
 0.86303128
 0.85946507
 0.85988851
 0.86473986
 0.85725725
 0.85704102
 0.85740544
 0.85970361
 0.85457145
  0.8594223
 0.86756595
 0.85533787
 0.85223944
 0.84223972
 0.84423438
 0.85131027
 0.85317691
 0.85836799
 0.85126304
 0.86642115
 0.86378416
 0.87047691
  0.8721581
 0.87101091
 0.86790842
 0.86222584
 0.86689759
 0.86673139
 0.86235491
 0.86799368
 0.86492476
  0.8640744
 0.87131444
 0.87555637
 0.87431308
 0.87371842
 0.87303609
 0.87140344
 0.87585807
 0.87353909
 0.87576329
 0.87712185
 0.87434662
 0.87316074
 0.86835165
 0.86692231
 0.87871998
 0.87286869
 0.87269542
 0.86507785
 0.86588477
 0.86008284
 0.86157322
 0.86525856
 0.87590185
 0.87050958
 0.86994981
 0.87153416
 0.87162047
 0.86772068
 0.87312564
 0.86753614
 0.86862572
 0.86339196
 0.86653916
 0.86378065
 0.86269585
 0.86204883
 0.86811559
 0.86028191
 0.86279529
 0.85691733
  0.8625917
 0.86535622
  0.8689233
 0.86751351
  0.8609491
 0.86397905
 0.86537615
 0.86222068
 0.86855883
 0.87126274
 0.86994585
 0.87125125
 0.86795131
 0.86794993
 0.87388194
 0.87387991
 0.87296006
 0.87246343
 0.87833006
 0.88343325
 0.88272564
 0.88551685
 0.88982446
 0.89207227
 0.88866273
 0.88954369
 0.88429355
 0.88437241
 0.87807595
 0.86766969
 0.87665645
 0.88043865
 0.87915369
 0.88044609
 0.88089582
 0.88183989
 0.87663117
 0.86942486
 0.87013795
 0.87119036
 0.87269487
 0.86893439
 0.86755171
 0.86456728
 0.86286446
 0.86416904
 0.86081185
 0.86062258
 0.86199921
 0.84814306
 0.86198647
 0.86533277
 0.86176214
 0.86504323
 0.86988645
 0.87397846
 0.87278563
 0.88035044
 0.88508179
 0.87661434
 0.88063366
 0.88216582
 0.88234467
 0.88476202
 0.88548314
 0.87989744
 0.88141428
 0.87821416
 0.88000577
 0.88256575
 0.87935924
 0.87862559
  0.8820656
  0.8813175
 0.87838605
  0.8760636
 0.87438561
 0.87365014
 0.87633237
 0.86820981
 0.86467063
 0.87469916
 0.87716157
 0.88224577
 0.88496485
  0.8869858
 0.87542041
 0.87900296
 0.88254491
 0.88333155
 0.88076182
 0.88446875
  0.8850115
 0.89613605
 0.89464465
 0.88387013
 0.88373347
 0.87636673
   0.891781
 0.88848586
 0.89449784
 0.90182368
 0.89808354
 0.89782045
 0.89966275
  0.8997363
 0.90828535
 0.90657156
 0.90898149
  0.9134625
 0.91565613
 0.91137647
 0.91468389
 0.91678901
 0.91594292
 0.92008955
 0.91860938
 0.91933619
 0.92247676
 0.91937083
 0.91263384
 0.91229584
 0.91309718
 0.90978435
 0.91545205
 0.90324294
 0.90553024
 0.90153671
 0.88844413
 0.89341779
 0.89506022
  0.8937205
 0.88250275
 0.88237596
  0.8822736
 0.88171447
 0.87830637
 0.87561638
 0.86567705
 0.86959304
  0.8743824
 0.87810882
 0.86560548
 0.83964333
 0.84540846
 0.84232379
 0.83990988
 0.84727636
  0.8428229
 0.84827363
  0.8454453
 0.85137695
 0.84866651
 0.84076856
 0.84812603
  0.8600354
 0.86517227
 0.85952378
 0.86296442
 0.85348736
 0.85229752
 0.85226482
 0.86083929
 0.85664935
 0.84187733
 0.85296816
 0.84653972
 0.83670122
 0.84115398
 0.83526334
 0.84990523
 0.85285122
 0.85013165
 0.84833863
 0.85638197
 0.85649351
 0.85305911
 0.85460915
 0.85989532
 0.85808835
 0.85659944
 0.84817419
 0.84635252
 0.85858171
 0.85513558
 0.84880802
 0.83162898
 0.84018768
 0.84381294
 0.85664244
 0.84529121
  0.8374819
 0.83205948
 0.81318638
 0.80154999
 0.80165807
 0.81497071
 0.82355134
 0.81211399
 0.81293992
 0.80864489
  0.8111504
 0.81639565
 0.82428164
 0.82098737
 0.80846174
 0.81478029
 0.80786438
 0.80932816
 0.80262572
  0.8085059
 0.80771833
 0.80913221
 0.79831759
 0.79503024
   0.792825
 0.79055407
 0.78946037
 0.78881433
 0.80056908
 0.81151826
 0.81370924
 0.81833691
 0.81184296
  0.8098963
 0.81599381
 0.81365404
 0.82023444
 0.81993944
 0.82503682
  0.8273696
 0.82368712
 0.83295218
 0.83118757
  0.8301001
 0.82588365
 0.82543765
 0.82175264
 0.80588676
 0.80392615
 0.79466931
 0.80550113
  0.8128784
 0.80541219
 0.80000805
 0.81131941
 0.81512477
 0.80823945
  0.8080004
 0.80553371
 0.81388273
 0.81694184
  0.8133417
 0.80681115
 0.80838005
 0.80551827
 0.80942347
 0.81712341
 0.81295553
 0.80988376
  0.8096954
  0.8128082
 0.81577133
 0.82080648
 0.82262886
 0.82463692
 0.82503173
 0.81989563
 0.81784388
 0.81894896
 0.81583117
 0.80580859
 0.80932662
 0.81364361
 0.81299517
 0.81783293
 0.82147796
 0.82410212
 0.82587129
 0.82406159
 0.82904371
 0.82565277
  0.8231142
 0.81439604
 0.80857002
 0.79852508
 0.80884599
 0.81369802
 0.81633292
 0.82183816
 0.82131243
 0.82005947
 0.81951885
 0.81122561
 0.81132728
 0.81550992
 0.81995074
 0.82212789
 0.81891183
 0.81099048
 0.79964423
 0.79992025
 0.81513676
 0.81840316
 0.82532671
 0.83470113
 0.83795767
  0.8398248
 0.84253947
  0.8408672
 0.84209625
 0.83992238
 0.83992732
 0.83301568
 0.83627024
 0.84057579
 0.84371854
 0.84147499
 0.84190611
 0.84080415
 0.84196963
 0.85361524
  0.8494466
 0.84828922
 0.84545715
 0.84277891
 0.84238506
  0.8405108
 0.84130159
 0.84327745
 0.83769434
 0.84072534
 0.83971345
 0.83711781
  0.8346864
 0.83337346
 0.83504281
 0.83170091
 0.83821914
 0.84709591
 0.84414787
 0.83306428
  0.8422971
 0.83958297
 0.83238554
 0.83100971
 0.82950278
 0.83707604
 0.83185431
 0.84057862
 0.83304823
 0.83613895
 0.82709509
 0.81467717
 0.81568986
 0.82724982
 0.82010545
 0.82949876
 0.83136104
 0.82453401
 0.82904241
 0.83412658
 0.83172893
  0.8286581
 0.82633896
 0.82035201
 0.81411063
 0.82135915
 0.80832974
 0.81156586
 0.81671863
 0.81507763
 0.82045076
 0.82301869
 0.82350023
 0.82366233
 0.81448433
 0.82382238
 0.81707267
 0.81255468
 0.81717651
 0.81306283
 0.81028368
  0.8110253
 0.81818054
 0.81287016
 0.81690411
 0.81246748
 0.80532612
 0.80015266
  0.7976127
 0.80344481
 0.80823189
  0.8115917
 0.81425716
 0.82720956
 0.83218957
 0.82506736
 0.82146977
 0.81757437
 0.83266979
 0.82973295
 0.82974745
 0.82781028
 0.83228816
 0.83604434
  0.8301567
 0.82816055
 0.84321202
 0.84204126
 0.84319021
 0.83723282
  0.8390422
  0.8398058
 0.83755885
 0.83719372
 0.83263284
 0.83429397
  0.8374279
 0.83694546
 0.83876633
 0.84311564
 0.83582236
 0.83005589
 0.83823888
 0.84200909
 0.83742262
 0.83435478
 0.83285538
 0.84044276
 0.84372888
 0.84482509
  0.8351433
 0.82872129
 0.82961573
  0.8325083
 0.83517294
  0.8355412
 0.83245478
   0.825023
 0.82292848
 0.82613163
 0.82282865
 0.81883867
 0.81364098
 0.81505031
 0.81752658
 0.82069498
 0.82349541
 0.81876579
 0.81419329
 0.81982611
 0.82291952
 0.82249591
 0.82566125
 0.82484033
 0.82184833
 0.82543962
 0.81793539
  0.8122878
 0.81684785
 0.81841999
 0.82104981
 0.82361307
 0.81956574
 0.81917433
 0.82927658
 0.83953699
 0.83979294
 0.83537059
 0.83590879
  0.8396052
 0.84635804
 0.84319156
 0.84685011
 0.84392465
 0.83749079
 0.83803787
 0.83142126
   0.829482
 0.82839402
 0.82225573
  0.8315886
 0.84088804
 0.84234583
 0.83049183
 0.84258585
 0.84250831
 0.83383052
 0.83875524
 0.83232397
 0.84820245
 0.84003086
 0.83644571
 0.84275347
 0.84502561
  0.8420252
 0.83001644
 0.84141619
 0.84017292
  0.8359406
 0.83232895
 0.83269967
 0.83852997
 0.84064889
 0.83878647
 0.83499416
 0.82282636
 0.83095805
 0.83091339
 0.83139566
 0.83624346
 0.83501182
 0.83831166
 0.83077153
 0.84924282
 0.85027414
 0.84119752
 0.84427467
 0.84537855
 0.84545075
 0.85084385
 0.84921556
 0.84448149
 0.85119511
 0.86002148
 0.85922207
 0.86130636
 0.85386178
 0.84976463
 0.84741622
 0.84508475
 0.84799931
 0.84938927
 0.84924468
 0.85203692
 0.85691358
 0.85434887
  0.8532442
 0.84627346
 0.84990086
 0.85127953
 0.84780883
 0.84574233
 0.84766251
 0.84236698
 0.84340481
 0.83948383
 0.84147404
 0.84172381
 0.83733086
 0.84065155
 0.83469544
 0.82737359
 0.82214804
 0.82882137
 0.83533458
 0.84162531
 0.83606457
 0.84144438
 0.84648637
  0.8415628
  0.8381045
 0.84016133
 0.83741092
 0.83386501
 0.83768417
 0.83486897
 0.83241932
 0.83027553
 0.83138627
 0.82658774
 0.82983976
 0.81666766
 0.80692263
 0.80815374
 0.80357572
 0.79430093
 0.80555617
 0.80697183
 0.80850964
 0.80990441
 0.81927237
 0.81656716
 0.81650017
 0.81566445
 0.80956151
 0.81008166
 0.81259259
 0.81315093
 0.80441824
 0.80336693
 0.81272367
 0.81584217
 0.81856781
 0.82106789
 0.81507477
 0.80966582
 0.81245013
 0.81236979
 0.81007518
  0.8143906
 0.81571468
 0.81322339
 0.80887483
 0.79886203
 0.80671038
 0.81268587
 0.81710055
 0.81311674
 0.81978714
 0.81738737
 0.80840379
 0.80612698
 0.81143355
 0.81182379
 0.82096837
 0.81976728
 0.83537256
 0.83519362
 0.83706438
 0.83695604
 0.83503341
 0.83751315
 0.83419298
 0.83598735
 0.83164066
 0.82706133
  0.8273081
  0.8295839
 0.82334717
 0.83330157
 0.82530634
 0.82928545
 0.81684629
 0.81349818
 0.80769219
 0.81742366
 0.82721782
  0.8352313
 0.82505227
 0.81531703
 0.81917217
 0.81482595
 0.81952349
 0.81845137
 0.81808947
 0.80464586
 0.79984335
 0.80121195
 0.80982467
 0.82245855
 0.81802315
 0.81177704
 0.81053793
 0.80036335
 0.80771273
 0.80857637
 0.81439004
  0.8108854
 0.81834939
  0.8212862
 0.81095145
  0.8131553
  0.8171828
  0.8206527
 0.81971799
 0.81960789
 0.82077169
 0.82676916
 0.82942588
 0.82673161
 0.82089967
  0.8242773
 0.82455713
 0.82992324
 0.83405989
 0.83184073
   0.827435
 0.82595241
 0.82676074
   0.814156
 0.81120861
 0.80713742
 0.80777773
 0.81027574
 0.80030034
 0.80715949
 0.81412808
 0.81773743
 0.81292929
 0.81785764
 0.81763393
 0.81464436
 0.81694191
 0.81378917
 0.81379518
 0.80809999
 0.81606156
 0.81885339
 0.82553267
 0.82023656
  0.8258921
 0.83681015
 0.83993482
 0.83973808
 0.84212859
 0.83837555
   0.832568
 0.82807231
 0.82546923
 0.82424154
 0.82260439
 0.81496169
 0.81515301
 0.81372415
 0.82257989
 0.81906805
 0.81966664
 0.82287579
 0.80498822
 0.81173766
 0.81940529
 0.82141252
  0.8251923
 0.82054868
 0.82753121
 0.82470385
 0.81411687
 0.81765913
  0.8253319
 0.83256061
 0.82354055
 0.82021482
 0.82336728
 0.81661955
 0.81347875
 0.81458892
 0.81566994
 0.80619956
  0.8027726
 0.80429568
 0.80737907
 0.81605518
 0.81368498
 0.80997238
 0.80733132
 0.80482962
 0.80806485
  0.8102685
 0.80433554
  0.7920369
 0.79375889
 0.79698905
 0.80224137
 0.79677241
 0.79117456
   0.792571
 0.79007178
 0.79727401
 0.79186973
 0.81166829
 0.80721297
 0.80361608
 0.79864342
 0.80701293
 0.81412969
 0.81950644
 0.80723849
 0.80465142
 0.79876058
 0.81067274
 0.81657228
  0.8105444
 0.79732728
 0.80618104
 0.80356472
 0.79759554
 0.80486494
 0.80055882
 0.81901435
 0.80997868
 0.81187431
 0.80379955
  0.8107407
 0.80677094
 0.81263486
 0.80783688
 0.81174694
 0.81904513
 0.82039851
  0.8278608
 0.82200113
 0.82118786
 0.82043465
 0.82346243
 0.83247248
 0.82568308
 0.82312762
 0.81780949
 0.80832587
 0.81637657
  0.8191537
 0.81764269
 0.81319669
  0.8048346
 0.81344389
 0.80917141
 0.81822568
 0.82437708
 0.82850365
 0.82226184
 0.81402938
 0.82416482
 0.82133619
 0.81774372
 0.82313295
 0.82859327
 0.81312528
 0.83414125
 0.83525956
 0.83117934
 0.83888405
 0.83834306
  0.8398114
 0.84716422
 0.84160351
 0.83176375
 0.84114426
 0.83941796
 0.84194956
 0.83550715
 0.84065591
 0.85019707
 0.84906256
 0.85425524
 0.84938191
 0.84496594
 0.84191398
 0.84995043
 0.83690089
  0.8225955
  0.8108007
 0.81234045
 0.81995309
 0.82247481
  0.8208555
 0.82256959
 0.82336985
 0.82371003
 0.82224907
 0.82650703
 0.82622106
  0.8277139
 0.83159036
 0.82301576
 0.82156224
 0.82336098
 0.81900751
 0.81920337
 0.81881278
 0.81034092
 0.80537559
 0.79598834
 0.79697279
 0.80143124
 0.79659881
 0.78966005
 0.78833394
 0.79290754
 0.79409998
   0.794234
 0.79244826
  0.7858669
  0.7904947
 0.78509277
 0.79067843
 0.79329317
 0.79294468
 0.78863011
 0.79151332
 0.79677272
 0.79333869
 0.79425552
 0.79622849
 0.79004674
 0.78823382
 0.79445604
 0.79190076
 0.79880307
 0.79199808
 0.80254801
 0.80868444
 0.81166182
 0.81411401
 0.81544889
 0.81276178
 0.81173029
 0.80787318
 0.80478707
 0.80933543
 0.80564392
 0.80471043
 0.80669305
 0.80385191
 0.80887142
 0.80739492
 0.81355174
 0.81401152
 0.81392804
 0.81361668
  0.8130614
 0.81650452
 0.82023656
 0.82498024
 0.82502926
 0.82406842
 0.81951531
 0.82250806
 0.82208953
 0.82743852
  0.8258552
 0.82433283
 0.82729919
  0.8223905
 0.82420013
  0.8237672
 0.82427042
 0.82258933
  0.8244768
 0.82005389
 0.82367573
 0.81498791
 0.81755506
 0.82040248
 0.81803678
 0.81948946
 0.81533823
 0.81629542
 0.81558384
 0.80972591
  0.8146188
 0.80766328
 0.80754332
 0.81846006
 0.81991226
 0.82258373
 0.82089487
 0.81978323
  0.8147078
 0.81092538
 0.80458773
 0.80158628
 0.80512555
 0.81269933
 0.81033893
 0.81554502
 0.82079988
 0.82125007
 0.82370527
 0.82586637
 0.81789423
 0.83358739
 0.83387724
 0.83070945
 0.83667239
 0.84956969
 0.85674478
 0.85060789
 0.85112259
 0.86110123
 0.85742014
 0.86182761
 0.85377153
 0.85987431
 0.85628053
 0.86164833
 0.86089922
 0.86253413
 0.86195476
 0.86974461
 0.86900858
 0.87685149
 0.87031084
 0.87297661
 0.87460322
 0.87170024
 0.86701042
 0.85725935
 0.85435301
 0.85766511
 0.85183884
 0.85501653
 0.85446742
 0.83430512
 0.84317003
  0.8455255
 0.85399983
 0.85640778
 0.86067816
 0.86526822
 0.86074106
 0.86092072
 0.85517873
 0.84930414
 0.85403278
 0.86049161
 0.86051104
 0.85386384
 0.85879649
 0.86582528
 0.86438653
  0.8578739
 0.85617097
 0.86097446
 0.86438693
 0.86453103
 0.87011978
  0.8680692
 0.87185325
 0.87908067
 0.87097914
 0.87289301
  0.8795083
 0.87956971
 0.88033883
 0.87599264
 0.87137604
 0.87466213
 0.87508554
 0.87499496
 0.87815709
 0.87644922
 0.87703209
 0.86453172
 0.84781211
 0.84798311
 0.85623229
 0.85117153
 0.84545985
 0.84567855
 0.84905566
 0.84341954
 0.85384198
 0.84868837
 0.86279738
 0.86203379
 0.86531475
 0.87156398
 0.86839737
 0.87140504
 0.86635343
 0.86669125
 0.85853896
 0.85501213
 0.85220379
 0.85821305
 0.85958885
 0.85695845
 0.86024446
 0.85520725
 0.84832206
 0.85181746
 0.86484964
 0.85604786
 0.85489213
 0.84593691
  0.8515201
 0.84300232
 0.84182393
 0.85230672
 0.85259303
 0.85759081
 0.86190404
 0.85896051
 0.86748487
 0.86524521
 0.86885043
 0.87047996
 0.86834775
 0.86729029
 0.87519511
 0.87670064
 0.87268411
 0.87146817
 0.87260435
 0.87398764
  0.8733137
 0.87374688
 0.88169825
  0.8852268
 0.88927641
 0.88635625
 0.88940278
 0.88233148
  0.8833411
 0.87733417
 0.88429459
 0.88083209
 0.88082798
 0.87970887
 0.87813505
 0.87282563
 0.87063093
 0.86737209
 0.87164019
 0.87452783
 0.87304081
 0.87043118
 0.87361424
 0.86510795
 0.86900247
 0.86498087
  0.8544988
 0.86652277
 0.86841284
 0.85742495
 0.85626485
 0.84926288
 0.85833095
 0.85968912
 0.86053896
  0.8541004
  0.8479503
 0.85079658
 0.83723706
 0.83558553
 0.83984297
 0.84947758
 0.85557116
 0.85119981
 0.84954474
 0.84274454
  0.8325617
 0.83799329
 0.82398716
 0.82866382
 0.83601854
 0.83409621
 0.84791436
 0.83854138
 0.82822239
 0.83978029
 0.82477649
 0.82286808
 0.81277813
 0.79215735
 0.79760584
 0.80420102
 0.81567511
 0.82251619
 0.81853428
 0.81159365
 0.81514903
 0.82575923
 0.82805296
 0.83788984
 0.83399919
 0.82669459
 0.82972156
 0.83066686
 0.81791929
 0.82445587
 0.82443312
 0.80458852
 0.81171343
  0.8031431
 0.80098424
 0.81028913
 0.80987423
  0.8086065
 0.80481094
 0.81743255
 0.81465832
 0.82196935
 0.81919039
 0.81484114
 0.81142501
 0.80120977
 0.80410587
 0.81995281
 0.81964826
 0.81730658
 0.81174373
 0.82822639
 0.82966936
  0.8346044
 0.84601194
 0.85028724
 0.85597038
  0.8659141
 0.86876493
 0.86354741
 0.86560955
 0.86676953
 0.86977711
 0.87513533
 0.87770538
 0.87663085
 0.87779015
 0.86575185
 0.87087768
 0.87670237
 0.88385408
 0.88397202
 0.89130906
 0.90697659
 0.90898763
 0.91162661
 0.90802024
 0.89944084
 0.89777504
 0.90483461
  0.9120152
 0.91552393
 0.92196292
 0.92503747
 0.92930807
 0.93099095
 0.91670984
 0.92224466
 0.91778603
 0.90155189
 0.90606469
 0.90432279
 0.90375241
 0.90657483
 0.89894558
 0.90736542
 0.89887265
 0.90055574
 0.89265026
 0.90254097
 0.90016088
  0.9046272
 0.90213692
 0.90177175
  0.8972941
 0.89203938
 0.89587706
 0.89084188
 0.89849348
 0.89742068
 0.89526936
 0.89408722
 0.89020983
 0.89314586
 0.89877446
  0.8996785
 0.89791743
 0.90196797
 0.89547118
 0.89765928
 0.91138996
 0.90185445
 0.90323913
 0.90747937
 0.90523945
 0.90124581
 0.90621593
 0.89757917
  0.8948917
 0.89015464
 0.90123637
 0.90284378
 0.90403206
 0.90268796
 0.90480121
 0.90192451
 0.90314748
 0.89823129
 0.90218413
 0.90179233
 0.89781935
 0.89675017
 0.89099957
 0.89688155
  0.9007444
 0.89360655
 0.89261856
 0.89180338
 0.89242627
 0.89171231
 0.89232923
 0.89314498
 0.88902798
 0.88543058
   0.885928
 0.87787016
 0.89035473
 0.89284563
 0.88758675
 0.88987804
 0.88221069
 0.88517867
 0.88973098
 0.88348007
 0.88415623
   0.886279
 0.88538525
 0.88338059
 0.88448378
 0.89106113
  0.8880862
 0.89060694
 0.88806904
 0.89188248
  0.8875304
 0.88434756
 0.88242529
 0.87578231
  0.8685998
 0.87623573
 0.87819218
 0.87124864
 0.87618403
 0.88230852
 0.88766285
 0.88822274
 0.88536432
 0.88895879
 0.88899487
  0.8843001
  0.8917605
 0.89506367
 0.89487614
 0.89569076
 0.90404459
 0.90611308
 0.90540915
 0.90482948
 0.90222056
 0.90350017
 0.90148949
 0.90610104
 0.90359261
 0.90182321
 0.90065028
 0.89759401
 0.89644351
 0.89711112
 0.89708059
 0.89070921
  0.8921817
 0.89204988
   0.896788
 0.89573557
 0.89901993
 0.90409905
 0.90315214
 0.90300698
 0.89792488
 0.89036119
 0.88719976
 0.89087038
 0.89072664
 0.88827934
 0.88599326
 0.88948873
 0.88703039
 0.89441577
 0.89885857
 0.89500567
 0.89627298
 0.89403037
 0.89688607
 0.89804668
 0.89275882
 0.88878857
  0.8842742
 0.88012563
 0.87844572
 0.87762005
 0.88526006
 0.88939887
 0.90360599
 0.90299472
 0.90420468
 0.89881399
  0.9029251
 0.90395263
  0.9013623
 0.89299412
 0.89839238
 0.89696099
 0.90082779
  0.9005697
 0.88724255
 0.89798244
 0.89991028
 0.90181299
 0.90247255
 0.91168903
 0.91456578
 0.91679372
 0.91493635
 0.91572701
 0.91628491
 0.91767427
 0.92059001
   0.927116
 0.92236989
 0.92333999
 0.91335735
 0.91937024
 0.92276071
 0.92430259
 0.92819717
 0.92620338
 0.92595249
 0.92280562
 0.92151503
 0.92899013
  0.9296069
 0.92639845
 0.92201537
 0.92656353
 0.92904677
 0.92184421
 0.92384542
 0.92521038
 0.92771807
 0.92676183
 0.92527116
  0.9222737
 0.92128567
 0.91900718
 0.91222132
 0.91365168
 0.90066248
 0.89082108
 0.88992739
 0.88694191
 0.88349151
 0.89335003
 0.89927258
 0.90481882
 0.90017572
  0.8958193
  0.8984542
 0.89572615
 0.89163443
 0.88689493
 0.88562785
 0.87495927
 0.86703775
 0.87337498
 0.86803485
 0.87622921
  0.8714191
 0.87970751
 0.88053867
 0.88082646
 0.88334984
 0.88005347
 0.86758682
 0.86168401
 0.87021144
 0.86413898
 0.87353492
 0.87152166
 0.86525134
  0.8629991
  0.8553947
  0.8582331
 0.85726436
 0.87611696
 0.87443189
 0.86729714
 0.86964275
  0.8710808
 0.87597592
 0.87267475
 0.87110873
 0.86923953
 0.87277136
 0.86671148
 0.85812406
   0.861896
 0.85067781
 0.84304646
 0.83425264
 0.82658415
 0.82233975
 0.81997142
 0.80556612
  0.8001786
 0.79374663
 0.80161771
 0.80474534
 0.79424951
 0.78596719
 0.78983009
 0.79339249
 0.78749519
 0.77964465
 0.77912312
 0.78229355
 0.78362237
 0.78687852
 0.78995167
 0.79501554
 0.79698166
 0.79111011
 0.79821045
 0.79190753
 0.79236553
 0.79463031
 0.78748036
 0.79130698
 0.77913295
 0.79204214
 0.78575448
 0.78728798
 0.78666599
 0.79190801
 0.78823843
 0.78742669
 0.78306485
  0.7753901
 0.77404888
 0.78637533
  0.7945248
 0.79837403
 0.81354788
 0.82565046
 0.83296678
 0.83582381
 0.83520945
 0.83293061
 0.83634608
 0.83579531
 0.83316138
 0.83923687
 0.84214962
 0.83221104
 0.82785518
 0.81254963
 0.81252823
 0.81144536
 0.81306821
 0.81626727
 0.81032132
 0.81003564
 0.81618051
 0.81947039
 0.82370099
 0.81998134
 0.82764242
 0.82036533
 0.82813237
 0.83016817
 0.83247376
 0.83880044
 0.83400422
 0.83088296
 0.82444875
 0.82626169
 0.82518114
 0.82474661
 0.81883891
 0.81686295
 0.82100805
 0.81871335
 0.82569906
 0.82977513
 0.82999389
 0.83044756
 0.82929449
 0.83408571
 0.83298251
 0.83819493
 0.83385618
 0.84667205
 0.85705515
 0.84442213
 0.85024699
 0.84033825
 0.84411623
 0.84796114
 0.84379436
 0.85014251
 0.85388241
 0.84773202
 0.84898712
 0.85376438
  0.8605647
 0.86508405
 0.86538449
 0.86174044
 0.86645011
 0.86091032
 0.85323168
  0.8485359
 0.84041918
 0.84263868
  0.8316181
 0.82574567
 0.81888373
 0.82063528
 0.81467474
 0.81443127
 0.81485341
 0.80803585
 0.80863044
 0.81398078
 0.81230621
  0.8055509
 0.80722261
  0.8060661
 0.80553255
 0.79322939
 0.80098302
 0.79126019
 0.78121837
  0.7831988
 0.78031355
 0.77240141
 0.77654456
 0.77471909
 0.76932856
 0.76554111
 0.77726359
 0.77372038
 0.77776621
 0.77458711
 0.76832953
 0.75551963
 0.74951999
 0.75759252
 0.76645883
 0.77357544
 0.77221648
 0.77687122
 0.78311721
  0.7826776
 0.76652151
 0.76773579
 0.75874706
 0.75769748
 0.75115126
 0.75701752
 0.75865725
 0.76512178
 0.76976933
  0.7620625
 0.75945802
 0.75578743
 0.77877696
 0.78651743
 0.78865339
 0.76761802
 0.76512347
 0.76623625
 0.76731392
 0.76568424
 0.76394623
 0.76372065
 0.76701077
  0.7598533
 0.75830166
  0.7523568
 0.76370989
 0.76188562
 0.76234431
 0.76803091
 0.77076295
 0.77303251
 0.77154331
 0.77426379
 0.77070329
 0.77158989
 0.77209228
 0.76851812
 0.77301144
 0.76933407
 0.76812583
 0.76647984
 0.76977628
 0.76660777
 0.76657983
 0.76372285
 0.76477588
 0.76417262
  0.7665991
 0.76920713
 0.76778978
 0.77254192
 0.77411998
 0.77945939
 0.78132806
 0.78942766
 0.78917344
 0.78877351
 0.79339942
 0.79775268
 0.79887349
 0.79887035
 0.80186292
 0.78951956
 0.79583494
 0.78624283
 0.79860671
 0.79561164
 0.79562597
 0.79030183
 0.79307917
 0.79421657
 0.79915738
 0.79520565
 0.78653463
 0.79476672
 0.77689935
 0.78154464
 0.77831334
  0.7745053
 0.77852614
 0.77516522
 0.78024753
 0.77984085
 0.77777402
 0.77829067
 0.78354055
 0.77899303
  0.7867439
 0.78821434
 0.78461208
 0.77938072
 0.77670922
 0.77975619
 0.77012262
 0.76904815
 0.77128255
 0.77221681
 0.77374602
 0.76107243
  0.7586346
 0.76477185
 0.76225043
 0.76354421
 0.75882469
 0.76286262
 0.75878229
 0.76304627
 0.76950598
 0.77594643
 0.77812374
  0.7734601
 0.77231136
 0.78192138
  0.7836119
 0.77383853
 0.77726489
 0.77285295
 0.77764556
 0.77880597
 0.78107675
 0.77799577
 0.77349421
 0.78191116
 0.78285435
 0.78520836
 0.77952693
 0.78033699
  0.7790375
 0.77365963
 0.79003278
 0.78786784
 0.79380794
 0.79825793
 0.80159866
 0.80243946
 0.80522662
 0.80516033
  0.8076364
 0.80770496
 0.79988453
 0.81101876
 0.80996714
 0.81074833
 0.81537583
 0.81586784
 0.81124822
 0.80546445
 0.80837564
 0.81139534
 0.80768581
 0.81066077
 0.81411865
 0.81321144
 0.80954586
 0.80936729
 0.80068375
 0.79932402
 0.79111351
 0.78225141
 0.78187462
  0.7762772
 0.77808399
 0.77607435
  0.7786208
 0.78572409
 0.78406584
 0.79026971
 0.79528724
 0.79347816
 0.79257001
 0.78981173
 0.79184575
 0.78653936
 0.78853136
 0.78887649
 0.78573692
  0.7923985
 0.79537838
 0.79447506
 0.79285817
 0.79117648
 0.78799654
 0.78359356
 0.78682802
 0.78459914
 0.78781579
 0.79266191
 0.79365174
 0.79145459
 0.79946176
 0.80537174
 0.79712109
 0.79665737
 0.79568731
 0.80136478
 0.79668771
 0.80419572
 0.80692597
 0.80918195
 0.81254757
 0.81342068
 0.81113118
 0.81212082
 0.81538439
 0.81486008
 0.81496865
 0.81513278
 0.81277597
 0.81092722
 0.80115633
 0.80568566
 0.81002509
 0.81043771
 0.81072941
 0.80866065
 0.80967948
 0.81169668
 0.80874573
 0.80998491
  0.8178341
 0.81542131
 0.81867299
  0.8165519
 0.81521803
 0.81588558
 0.81095987
 0.81602616
 0.80955644
 0.80976161
 0.81049664
 0.81158746
 0.81812804
 0.81770413
  0.8180713
 0.81650277
 0.81561504
 0.81461403
 0.81174724
 0.80545629
 0.80414364
 0.80667611
 0.80813569
 0.79951514
 0.80650635
 0.80782815
 0.80689728
 0.81172488
 0.81223036
 0.81583551
 0.81186263
 0.80922817
 0.81036578
 0.81332325
  0.8093822
 0.81568405
 0.81505684
 0.81196596
 0.81498403
 0.81182602
 0.80066498
 0.80239159
 0.80956053
 0.80843122
  0.8078098
 0.81113378
 0.80964522
  0.8143234
 0.81217018
 0.81003601
 0.80863907
 0.80284628
  0.8139882
 0.81060223
 0.81363062
 0.81057628
 0.81224049
 0.80767841
 0.80590536
 0.80236993
 0.79686798
 0.80265649
 0.80385473
 0.80401269
 0.80104749
 0.80245424
 0.80245308
  0.8095667
 0.80672034
 0.80633531
 0.80665096
  0.8173617
 0.81597199
 0.81895995
 0.81638836
 0.82424514
 0.81993199
 0.82000456
 0.82626244
  0.8292934
   0.827269
 0.82559095
 0.82938724
   0.827576
  0.8276242
 0.82625203
  0.8282771
 0.82785666
 0.82990808
 0.83299427
 0.83303002
 0.83579438
 0.84451942
 0.84204393
 0.83674114
 0.83765539
 0.83409959
 0.83381611
 0.83144647
 0.83253957
 0.83706295
 0.83024961
 0.82987389
  0.8244928
 0.81752432
 0.80827289
 0.81102902
 0.80689221
 0.80909661
 0.81525535
 0.81936918
 0.81228482
 0.81262853
 0.81642885
 0.81145816
 0.81058731
 0.81609687
   0.811324
 0.81363372
 0.81062711
  0.8134511
 0.80610138
 0.80795896
 0.81347708
 0.81089046
 0.82108629
 0.82886047
 0.83346668
 0.83257818
 0.82827899
 0.83019094
 0.83186461
  0.8295445
 0.82609364
 0.82480321
 0.83561473
 0.83011734
 0.82496269
 0.82396445
 0.82911476
 0.83012835
  0.8365919
 0.83903082
 0.83571396
 0.83716481
 0.84397058
 0.84479938
 0.84073155
 0.84484298
 0.84558148
  0.8451832
 0.84960913
 0.84904419
 0.84725285
 0.85026777
 0.85181757
  0.8583729
 0.85309761
 0.85558823
 0.85532734
  0.8488503
 0.84785504
 0.84305779
 0.84914559
 0.84801585
 0.85739514
 0.85990451
 0.85791103
 0.85578111
  0.8486721
 0.84839469
 0.84194672
 0.83615822
 0.83691307
 0.83168774
  0.8371873
  0.8374968
 0.84399097
 0.85470307
 0.85856157
 0.86189293
 0.86719386
 0.86942318
 0.87140988

