0.016938725
0.015017783
0.014082464
0.013731805
0.013768734
0.013842431
0.013790354
 0.01371707
0.013682269
0.013673867
0.013562969
0.013515018
0.013417294
0.013496555
0.013700881
0.013822668
0.013826852
0.013706443
 0.01374339
0.013784725
0.013951635
0.013871311
0.014061585
0.014362626
  0.0146099
0.014700821
0.014605653
0.014846835
0.015116079
0.015470983
0.015378871
 0.01583946
0.016914842
0.016939037
0.017324133
0.018490278
0.018885829
0.019088656
0.019768698
0.020831614
0.021982563
0.022436097
0.023438071
0.023963108
0.024240302
0.024986985
0.025120433
0.026208548
0.026304869
 0.02683573
0.027373332
0.027525837
0.028051946
0.029036951
0.029288473
0.029864172
 0.02990392
0.029919278
0.030044229
0.030518884
0.030430619
0.030186609
0.030197152
0.031359979
0.031476833
0.031812431
0.032750796
0.033362138
0.034348122
0.035423377
0.035651186
0.036108323
0.036636457
0.038022857
0.038515535
0.039698431
0.040101138
0.040828517
0.043301948
0.045829455
0.047152024
0.047230878
 0.04762964
0.048156156
0.048834591
0.049822223
0.050450003
0.050696951
0.052127627
 0.05332051
0.055229549
0.059383724
 0.06018722
0.061385549
 0.06207852
0.062928357
0.063082631
0.063015632
0.065385446
0.067470204
0.067896049
0.070199641
  0.0729279
0.073447177
0.075717209
0.074208827
0.074239609
0.074697397
0.076062584
0.076717023
 0.07566507
0.075696721
0.076300941
0.076883896
0.077552938
0.077651552
0.079630789
 0.07977555
 0.08102092
0.080844796
 0.08000628
0.080224575
0.081699037
0.082936803
0.083782928
0.083805687
0.085565911
0.085692295
0.086757095
0.087824622
0.090545872
0.093231697
   0.098387
 0.10465996
 0.10832458
 0.11091951
 0.11298524
 0.11601896
 0.11965012
 0.12389122
 0.12608683
 0.12323882
 0.12382316
 0.12686835
 0.12874847
 0.12839582
 0.13096807
 0.13096884
 0.13140115
 0.13493801
 0.13233226
 0.13295196
 0.13537995
 0.13427123
 0.13663476
 0.13460458
 0.13529063
 0.13637122
 0.13563619
 0.13482798
 0.13596385
 0.13658169
 0.13912223
 0.13851096
  0.1394903
 0.14161043
 0.14136318
 0.14449267
 0.14451517
 0.14532709
  0.1476579
 0.14967599
 0.15118086
 0.15387749
 0.15837865
 0.15698855
 0.15756479
 0.16038345
 0.16014799
 0.15975081
 0.16089005
 0.16276224
 0.16234828
 0.16342401
 0.16384461
  0.1624229
 0.16250172
   0.162216
 0.16474931
 0.16401556
 0.16498242
 0.16692531
 0.16737961
 0.16904893
 0.17002327
  0.1720905
 0.17220046
 0.17220695
 0.17053953
 0.17216541
 0.17404179
 0.17554753
 0.17841244
  0.1749219
 0.17524012
 0.17493258
 0.17684863
 0.17449994
 0.17395575
 0.17238163
 0.17339226
 0.17482874
 0.17727746
 0.17564441
 0.17661375
 0.17869843
 0.18002771
 0.18319446
 0.18013734
  0.1793373
 0.18001134
 0.18457727
 0.18633636
 0.18505845
 0.18609553
 0.18389141
 0.18662296
 0.19236662
 0.18899574
 0.19268572
 0.19121313
 0.19819729
 0.19604832
 0.19520985
 0.19842817
 0.19750569
 0.20293874
 0.20395066
 0.20588183
  0.2074111
 0.20735551
 0.20668568
 0.20641358
 0.20431015
 0.20513543
 0.20208205
 0.20371039
 0.20467469
 0.20490322
 0.20684631
  0.2089883
 0.20803489
  0.2055715
 0.20803065
 0.20663568
 0.20384402
 0.20303192
 0.20715877
 0.21203785
 0.21337077
 0.21650224
 0.21464285
 0.21744693
 0.22205487
 0.22241292
 0.22550672
  0.2277904
 0.22933447
 0.22747596
 0.22493801
 0.23028462
 0.23282859
 0.23262563
 0.23187755
 0.23733141
 0.23792749
 0.23993514
 0.23958867
 0.23848488
 0.23747002
  0.2390582
 0.23961607
 0.24225153
 0.24144782
  0.2427082
 0.24402179
 0.24277688
 0.24516672
 0.24718331
 0.24724404
 0.24903834
 0.24706199
 0.24882613
 0.24956267
 0.24766107
 0.24720945
 0.24898998
 0.24858675
 0.25064621
 0.25217195
 0.25332154
 0.25538902
 0.25347261
 0.25544059
 0.25370607
 0.25938725
 0.26122313
  0.2660307
 0.26968885
 0.27105681
 0.27553864
 0.27811155
 0.27104532
 0.26926416
 0.27342377
 0.27446618
 0.27850978
 0.27757718
 0.28041251
 0.28609445
 0.28306668
 0.28606593
 0.28085697
 0.28009748
 0.28322145
 0.28705568
 0.28496745
 0.28805682
  0.2910876
 0.29182026
 0.28893603
 0.28936399
  0.2847787
 0.28556856
 0.28572829
 0.28657063
 0.28667366
 0.28790704
 0.29085629
 0.29658355
  0.3002907
 0.29920913
 0.30388909
 0.31049282
   0.311799
 0.31120325
 0.30913811
 0.31583214
 0.31409369
 0.31684333
 0.31341137
 0.31054412
 0.31134928
 0.31385487
 0.31017973
 0.31058234
  0.3107518
 0.31389673
 0.31299485
 0.31181827
 0.30877417
 0.30591924
  0.3020226
 0.30389017
 0.29764925
 0.30507577
 0.30628544
 0.30698458
 0.30623152
 0.31342503
 0.31952946
   0.327606
 0.33839537
  0.3365592
 0.34885095
 0.35049429
 0.36871066
 0.37333443
 0.37617722
  0.3815488
 0.38110416
 0.37873201
 0.37986335
 0.37846585
 0.38040786
 0.38841787
 0.38653605
 0.38644954
 0.38941556
 0.39017566
 0.39470745
 0.39644574
 0.40026266
 0.39495208
 0.39524014
 0.40185532
  0.3993265
 0.40523949
 0.40591605
 0.40748807
  0.4063796
 0.40814571
 0.40765831
 0.41404855
 0.41082611
 0.41437093
 0.41511248
 0.41266158
  0.4177173
 0.42945146
 0.42501301
 0.43449708
 0.43686609
 0.44507942
 0.45088596
 0.45436963
 0.45706939
 0.46796601
 0.46867779
 0.47143411
 0.46860255
 0.47157873
 0.46503629
 0.46862326
  0.4680511
 0.46663156
 0.47544839
 0.47715669
 0.47111087
 0.47212833
 0.47635077
 0.47227869
 0.47861903
 0.47109589
 0.47505824
 0.48732682
 0.48907639
 0.48897613
 0.49159236
 0.49290425
 0.49374252
 0.49530895
 0.49078721
 0.50231799
 0.50938853
 0.50712396
 0.50443194
 0.51311138
 0.51213883
 0.51750661
 0.51261244
 0.51267364
 0.51814293
 0.51105234
 0.51143867
 0.51506886
 0.51858812
 0.53016656
  0.5320157
 0.54031361
 0.54247253
  0.5449614
 0.54788253
 0.54482795
 0.54294332
 0.54439268
 0.54378382
 0.53926607
 0.53019412
 0.53694576
  0.5396681
 0.54367264
 0.54610852
 0.54525035
 0.54533261
 0.54434099
 0.54463946
 0.53953882
 0.53847182
 0.53612469
 0.54055467
 0.54082582
 0.54021723
 0.54102578
    0.54094
 0.54266455
 0.54719606
  0.5514894
 0.54869833
 0.55166099
 0.54694393
 0.55221605
 0.54609055
 0.55024562
 0.55451332
 0.55033706
 0.55043812
 0.54897655
 0.54885531
  0.5548182
 0.55027972
 0.54819115
 0.54799781
 0.55223288
 0.55255065
 0.55008312
  0.5523844
 0.55320244
 0.55196852
 0.54850638
 0.55040789
 0.54858662
 0.54699713
 0.55084579
 0.55193563
 0.54892054
 0.54727317
 0.54383185
 0.54881733
 0.55183233
  0.5601933
  0.5534851
 0.55387403
 0.55405205
 0.55238008
 0.55714091
 0.55837418
 0.55481169
 0.55754594
 0.55668338
 0.54924146
 0.55511211
  0.5574622
 0.55787937
 0.56314912
 0.56220171
 0.56174488
 0.56059761
 0.57039295
 0.56474269
 0.56695117
 0.56858687
  0.5687885
 0.57169035
 0.57417198
 0.56961761
 0.56510527
 0.56261805
 0.56522936
  0.5663305
 0.56805958
 0.56646894
 0.56554519
 0.57492053
 0.57597184
 0.57597943
 0.57397143
 0.57051185
 0.57173374
 0.57093797
 0.57518814
 0.57401522
  0.5708075
 0.56617277
 0.57536915
 0.56846764
 0.56840628
 0.56994303
 0.57422126
 0.57631146
 0.56978074
 0.57142959
 0.57398327
 0.56691686
 0.56459622
 0.56618508
 0.56779588
 0.57097019
 0.57407578
 0.58056346
  0.5832995
 0.58545691
 0.58448899
 0.58057247
 0.58402911
 0.58974526
 0.59979614
 0.59323411
  0.5868943
 0.58079296
 0.58962883
 0.58827151
   0.582309
 0.58521653
 0.58911638
 0.59337303
 0.59244054
 0.59602969
 0.59416775
 0.59021662
 0.58678193
 0.59676545
 0.60005189
  0.5966079
 0.59903797
 0.59934416
 0.59900657
 0.60538585
 0.61240125
 0.60919653
 0.60541539
  0.6067569
 0.60966097
 0.61016997
 0.60590908
 0.60781586
 0.60890015
 0.60955343
  0.6061472
 0.60449999
 0.60787182
 0.61075371
 0.61753437
 0.62028015
 0.62066447
 0.61750417
 0.61229354
 0.61561951
 0.62669153
 0.62429457
 0.62346462
 0.61990361
 0.62333559
   0.623276
 0.62258375
 0.62942495
 0.62516286
  0.6314038
 0.62742018
 0.62650899
 0.62879073
 0.63113261
 0.63153366
 0.63119161
 0.63783523
 0.63488852
 0.63078789
 0.63613194
 0.63421623
 0.63437146
 0.63661317
 0.63568529
 0.64232811
 0.64656831
 0.63291892
 0.63729581
 0.64730894
 0.64970476
 0.63568628
 0.64826288
 0.65834142
 0.66059646
 0.65295866
 0.65421676
 0.65984829
 0.66261787
 0.66082284
 0.65860166
 0.65118908
 0.64529555
 0.64543371
 0.66223322
 0.66553426
 0.66025743
 0.66735522
 0.66067558
 0.66177838
 0.66329641
 0.66148947
 0.65200734
 0.65743796
 0.66553615
 0.66225237
 0.65716127
 0.65838005
 0.65677956
 0.66299454
 0.66660813
  0.6675509
 0.65525217
 0.65525697
 0.64258277
 0.64640749
 0.63181379
 0.64542437
 0.63337949
 0.64208765
 0.64692454
 0.64541252
 0.65114862
 0.67225805
 0.66604583
 0.66752929
 0.66741137
 0.66673898
 0.67092566
 0.66146769
 0.66131617
 0.66907058
  0.6657295
 0.66853468
 0.67568784
 0.67294926
 0.66756291
 0.67757482
 0.67942532
 0.68216983
 0.68175904
 0.69663922
  0.6955266
 0.68776561
 0.68601588
 0.68239156
 0.68839644
 0.68578313
 0.68804693
 0.67838123
 0.68725674
 0.68199441
 0.67582377
 0.67288705
 0.68432814
 0.66963876
 0.66950204
 0.66429437
 0.66123946
 0.66399204
 0.67230506
 0.67019172
 0.67161777
 0.67008731
 0.67010602
 0.68251853
 0.67673948
 0.68462781
 0.68774006
 0.68440583
 0.68946658
  0.6912661
 0.70438038
 0.70726432
 0.69937997
 0.70257213
 0.70229437
  0.6975785
  0.6965601
 0.69468969
 0.70607557
 0.69816713
 0.71012891
  0.7109435
 0.70954773
 0.72192015
 0.71488837
 0.71708116
 0.71696434
 0.72160675
 0.72802552
 0.72471455
 0.73736288
 0.73772418
 0.73393434
 0.74627821
 0.74268046
 0.74381049
 0.74560317
 0.75614496
 0.75553395
 0.75381958
 0.74893292
 0.74666753
 0.75134436
 0.75055934
 0.75531294
 0.75602079
 0.75377064
 0.74837628
 0.75214795
 0.74862569
 0.74497785
 0.74955575
 0.74331715
 0.73867168
 0.74161039
 0.74530105
 0.73465584
 0.74446256
 0.73511566
 0.74867485
 0.74412999
 0.74933846
 0.74992251
 0.74783059
 0.74398262
 0.74908618
 0.74535353
 0.74462809
 0.74077862
  0.7416379
 0.73810558
 0.73856511
 0.74702374
 0.74013127
 0.73446362
 0.73096094
 0.73874161
 0.74563811
 0.73979117
 0.73988931
  0.7332699
 0.74361432
 0.73132442
 0.72225829
 0.72523565
 0.71466992
 0.71984627
 0.73333251
  0.7258488
 0.74304902
 0.74555655
 0.75818525
 0.74766061
 0.73477518
 0.74137494
 0.74103812
 0.73995365
 0.74140013
 0.74628376
 0.74618674
 0.75024407
 0.74986782
 0.75588971
 0.74923183
 0.74857315
 0.74866901
 0.75039612
 0.74859874
  0.7554243
 0.75591808
 0.75335702
 0.75515604
 0.75969433
 0.76027847
 0.75508262
 0.75102914
 0.74851029
 0.75429639
 0.74937851
 0.75076609
 0.75282715
 0.74931429
 0.76108223
 0.75163221
 0.75393618
 0.74805016
 0.75099186
 0.75320066
 0.75998176
 0.76012931
 0.76091556
  0.7593156
 0.76444349
 0.76186134
 0.75791815
 0.75023671
 0.75034408
  0.7588114
 0.76178736
 0.75565095
 0.75634627
 0.75723088
 0.75451233
 0.75262706
  0.7550606
 0.74991298
 0.74898254
  0.7463482
 0.74609087
 0.74969101
 0.75199342
  0.7561567
 0.75079295
 0.75595634
 0.75209074
 0.75774282
 0.75136461
 0.75472091
 0.75100003
 0.74059339
 0.73957545
 0.74302136
 0.74279666
 0.74404571
 0.74854433
 0.74398163
 0.73803417
 0.73586289
 0.73832195
 0.74208147
 0.73937529
 0.74243901
 0.74293628
 0.74476373
 0.74940346
 0.74847438
  0.7498646
 0.75030683
 0.75027801
 0.75207385
 0.74873134
 0.75036335
 0.74592604
 0.75072911
 0.74717946
 0.75159634
 0.75593481
 0.75370919
 0.75987895
 0.76232801
   0.762269
 0.76094189
 0.75730434
 0.75823609
 0.75194713
 0.75360434
 0.74082981
 0.74182732
 0.73616972
 0.73304646
 0.73545557
 0.73975416
 0.73268025
 0.73149942
 0.73443138
 0.74016246
  0.7444255
 0.74802409
 0.74780466
 0.74977281
 0.74478242
 0.74327775
 0.74714069
 0.75152473
 0.74977169
 0.75455711
 0.75951873
 0.75935147
 0.75836354
 0.75593485
 0.75678864
 0.76163894
 0.76465571
  0.7593901
 0.74839407
 0.75677029
 0.76187973
 0.75678922
 0.76109194
 0.76566409
 0.77669425
 0.77472363
  0.7750036
 0.77624528
 0.77577255
 0.77797704
 0.77083752
 0.77718998
 0.77126303
 0.77719919
 0.78442457
 0.78604039
 0.78797268
 0.78432795
 0.78517377
 0.78697358
 0.78454636
 0.78452288
 0.79317903
 0.79109448
 0.78742832
 0.78486008
 0.78428937
 0.79098976
 0.78970319
 0.78595542
 0.78267668
 0.78568685
 0.78761874
  0.7908425
 0.78926389
 0.78620773
 0.79011485
 0.78821862
 0.78621416
 0.78832066
 0.78721019
 0.78076074
 0.78076554
 0.78376364
 0.77995919
 0.78353982
 0.78830787
  0.7848256
 0.78456381
 0.78022669
 0.79081839
 0.79260976
 0.79654118
 0.79031647
 0.79108685
 0.78558389
 0.78797975
 0.78802452
 0.79037576
 0.79237726
 0.78238079
 0.78121045
 0.77702234
 0.77014022
 0.77458453
 0.77508563
 0.77458607
 0.77643083
  0.7776405
 0.77857497
 0.78054062
 0.78242504
 0.78464992
 0.77970768
 0.77152694
 0.77821421
 0.77505744
 0.77670172
 0.76434976
 0.77640602
 0.77920801
 0.77458182
 0.76687146
 0.77101844
 0.77911662
 0.78267161
 0.78094021
 0.77836907
 0.77527796
 0.77515864
   0.773399
 0.78290013
 0.78526516
  0.7810339
 0.78725148
 0.79215342
 0.79539304
 0.78120029
 0.78276845
 0.78287026
 0.78925293
 0.78922566
 0.80040256
 0.80148708
 0.80037391
 0.79145587
 0.78423996
 0.78541834
 0.78389218
 0.78035573
 0.78401547
 0.78303134
 0.77690829
 0.78046814
  0.7823366
 0.78945801
 0.78559018
 0.78382905
 0.78391993
 0.77790231
 0.77656529
 0.77798083
 0.77746398
 0.78160623
 0.78818697
 0.79510754
 0.79936122
  0.8031171
 0.79702634
 0.79789839
 0.80204151
 0.80076461
  0.7955605
  0.7999419
 0.80039146
 0.79642565
  0.8002047
 0.79647879
 0.80160585
 0.81080103
 0.81159826
 0.80533714
 0.80176073
 0.78515438
 0.78582306
 0.77744021
 0.77279984
 0.78408913
 0.80198324
 0.79964285
 0.79498959
  0.7867789
 0.78271043
 0.79413828
 0.79196144
 0.78601368
 0.77271277
 0.76466616
  0.7565691
 0.76549824
 0.76209298
 0.76152729
  0.7654163
 0.78727371
  0.7920352
  0.8036933
 0.81738507
 0.82682814
 0.83092329
 0.82728493
  0.8292345
 0.83090491
 0.82093068
 0.82353472
 0.83036456
 0.82568945
 0.83089668
 0.82294225
  0.8213334
 0.81633415
 0.81815524
 0.81356167
 0.82488652
 0.82617961
 0.81698453
  0.8178908
 0.82041743
 0.81087085
 0.81770029
 0.81342954
 0.80741164
 0.80051164
 0.80977762
 0.80769277
 0.80764405
 0.79861922
 0.78679276
 0.77902647
 0.77231407
 0.76958901
 0.77335543
 0.76997132
 0.77262934
 0.77429116
 0.77165544
 0.78220599
 0.77976507
 0.78143941
 0.78607808
 0.79887621
 0.80585394
 0.80169482
 0.80466008
 0.81119425
 0.82215023
 0.82426586
 0.82221961
 0.80977123
  0.8208429
 0.82084137
 0.82581385
 0.81116427
 0.80656418
 0.79184647
 0.79328864
 0.79233829
 0.77810534
  0.7767158
  0.7845133
 0.77931858
 0.77725894
 0.78572363
 0.79464751
 0.79408626
 0.78993902
 0.78973913
 0.80132307
 0.79293559
 0.77972984
 0.78572155
 0.77775825
 0.78105337
   0.779907
 0.78213098
 0.78485574
 0.77650888
 0.77188615
 0.77367812
 0.77501731
 0.77014596
 0.76994797
 0.77862455
  0.7877511
 0.78674591
  0.7879037
 0.78800615
 0.78920406
 0.78028789
 0.77988127
    0.78803
 0.79550185
 0.79136684
 0.78974184
 0.79524904
 0.79553224
 0.79775529
 0.80175939
 0.80305576
 0.79376066
 0.78391912
 0.78847083
 0.78921824
 0.77804917
 0.78069739
 0.78301593
 0.78151601
 0.78471575
 0.78419566
 0.78224956
 0.77575783
 0.77358773
 0.77062665
 0.76848589
 0.77716081
 0.77290972
 0.77430983
 0.77050534
 0.77718326
 0.78296483
  0.7669372
  0.7651228
 0.75767249
 0.76364689
 0.76880667
 0.76636249
  0.7646432
  0.7688901
 0.77283344
 0.76511891
 0.75980725
 0.75333091
 0.74696877
 0.75477798
 0.75285838
 0.75232284
 0.75273516
 0.76104204
 0.76692461
 0.76805243
 0.75862602
 0.76803943
 0.77339472
 0.76955929
 0.77098446
 0.77063119
 0.79009624
 0.78735395
 0.78880948
 0.79486386
 0.80125197
 0.79988502
 0.80344769
 0.79865002
 0.78487322
 0.78528934
 0.78839835
 0.80504701
 0.80195785
 0.79665088
 0.78476225
 0.77069165
 0.74928759
 0.74288246
 0.74277517
 0.73783297
  0.7473223
 0.74601398
 0.74091874
 0.73757519
 0.76312987
 0.76577161
 0.74598849
 0.74563776
 0.72772816
  0.7262362
 0.72533013
 0.73043089
 0.72570296
 0.71811246
 0.71011566
 0.71361532
 0.71231072
 0.71790838
 0.72855907
  0.7330654
  0.7352465
 0.73128338
 0.72570164
 0.72599932
 0.72882362
 0.72680024
 0.73385674
 0.74362792
 0.73504982
 0.73173755
  0.7329077
 0.73784615
 0.73473572
 0.73226771
 0.73302805
 0.73060174
 0.73296855
 0.72871453
 0.72999265
 0.72939382
 0.73336848
 0.74405765
 0.74717714
 0.74494403
 0.74373853
 0.74635189
 0.75134551
 0.75326794
 0.75022301
 0.74768611
 0.75040201
 0.74563457
 0.74497684
 0.74324334
 0.73603271
 0.73255208
 0.72244153
 0.71723414
 0.71968157
 0.71770314
 0.71480161
 0.71961398
 0.71868239
 0.71738807
 0.72354076
 0.71836164
 0.71962359
 0.71532389
 0.71288067
 0.72359141
  0.7369842
 0.73981263
 0.72978386
 0.72869142
 0.72610376
  0.7292843
 0.73158272
 0.73448962
  0.7436333
 0.74279075
 0.74913005
  0.7517556
 0.75849349
 0.76574097
 0.77220174
 0.76394966
 0.77228671
 0.77516339
  0.7696958
 0.77151757
 0.77038118
 0.77950654
 0.79233469
 0.78689824
 0.78691381
 0.77690153
 0.79657787
  0.7831217
 0.78267183
  0.7780712
  0.7727275
 0.77522406
 0.78404269
 0.77858687
 0.77476597
 0.78525053
 0.78573456
 0.79116512
 0.79620679
 0.78747599
 0.77983254
 0.77618598
 0.77586716
 0.77709508
 0.77515914
 0.76701949
 0.77612573
 0.77598849
 0.77256974
 0.77060785
 0.76524283
 0.77348843
 0.77170595
 0.77283453
 0.76748893
 0.76889259
 0.77007041
 0.78099682
 0.78176689
 0.78286033
 0.79205197
 0.78388948
 0.78783331
 0.78977932
 0.79950197
 0.78965889
 0.78573548
 0.78490028
 0.78917135
 0.77689619
 0.78050778
 0.79564131
 0.81204205
 0.81229771
 0.81011696
 0.81761309
 0.82569022
 0.82000089
 0.82414539
  0.8212629
 0.81914605
 0.81436391
 0.81434945
 0.80916417
 0.80769407
 0.81650208
 0.82563965
 0.82500568
 0.82631643
 0.82088452
 0.81751069
   0.815169
 0.81659421
 0.81252121
 0.81059602
 0.81117384
 0.80953081
 0.80725032
 0.80208993
 0.80104203
 0.80450245
 0.80646968
 0.80242784
 0.80013619
  0.8023097
  0.8030108
 0.80261193
 0.79261711
 0.79756926
 0.78842359
 0.77577622
 0.77535621
 0.77043716
 0.76861322
 0.77119179
 0.76938064
 0.77357245
 0.78274141
 0.78092075
 0.76556447
 0.77636277
 0.79110461
 0.79484384
 0.79699673
 0.79698769
 0.79480873
 0.79304022
 0.78684286
 0.78834232
 0.78927981
   0.786541
  0.7796557
 0.77173778
 0.77242404
 0.77791934
 0.77872922
 0.78422015
  0.7851673
  0.7806974
 0.77621012
 0.77905476
 0.78050838
  0.7827242
  0.7857308
 0.79178495
 0.79005493
  0.7940204
 0.79752718
 0.79776018
 0.79170692
 0.78592916
 0.78663551
 0.77544581
 0.77418014
 0.77318654
 0.77941633
 0.77450232
 0.78175599
 0.78031872
 0.77861099
  0.7912011
 0.79648493
 0.79973409
 0.79803777
 0.78831763
 0.78869273
 0.78311797
 0.78633813
 0.77853625
 0.77975211
 0.78618505
 0.78789744
  0.7902165
 0.79611624
 0.79491357
 0.79654308
 0.80053435
 0.79910217
 0.80946725
 0.80705353
 0.81410994
 0.81500319
 0.81840663
 0.81817561
  0.8228033
 0.82291935
 0.82710978
 0.82499133
 0.82238966
 0.81812672
 0.81160256
  0.8197652
 0.81041961
 0.81264943
 0.81023715
 0.80835115
 0.81539315
 0.80425575
 0.80326744
 0.79748706
 0.79216762
 0.79354994
 0.78678158
 0.78489122
 0.78924472
  0.7873051
 0.78045504
 0.78545636
 0.78315035
 0.79138222
 0.80059244
 0.79368316
 0.79833572
  0.7935139
 0.79101692
 0.79465739
 0.79145796
 0.79202888
 0.79354947
 0.78959858
 0.78423908
  0.7803696
 0.78661678
 0.78670564
 0.77123866
 0.78681294
 0.79647115
 0.78497255
 0.77368531
 0.78056237
 0.77909758
 0.78233615
 0.78214492
 0.78835281
 0.79512867
 0.79026628
 0.79026202
 0.78235194
 0.77256292
 0.78217066
 0.78110639
 0.77848962
 0.78026247
 0.77959459
 0.78431622
  0.7819203
 0.79284131
 0.79707526
 0.79425211
 0.79452849
  0.7946287
 0.78951017
 0.78684369
 0.78787547
  0.7940684
 0.79045628
 0.79030005
 0.80044944
 0.80733425
 0.80966058
 0.81099107
 0.81161894
 0.81398922
 0.81931018
 0.81713454
  0.8200498
 0.80943657
 0.80042846
 0.79681923
 0.80416818
  0.8118008
 0.81695914
 0.82364132
 0.81809611
 0.81805282
 0.81913196
 0.81452617
 0.82591109
 0.82263857
 0.82394283
 0.82741134
 0.83157913
 0.82785486
 0.83109695
  0.8291577
 0.84182947
 0.84281301
 0.84326489
 0.83790881
 0.84545144
 0.84571617
 0.85345665
 0.85454802
 0.85173216
 0.84441237
 0.84440373
 0.85014373
 0.84829212
 0.85347022
 0.85676065
 0.86604607
 0.86687196
 0.87397169
 0.87119303
 0.87184218
  0.8688284
 0.86489628
 0.86032439
  0.8729479
 0.87084934
 0.86835608
 0.87346496
  0.8773142
 0.87988669
 0.88180263
 0.87925791
 0.87179042
 0.87059901
 0.88026233
 0.87964345
 0.87530658
 0.86907256
 0.86439347
 0.86726892
 0.87144505
 0.86737056
 0.87110311
 0.86671268
 0.87648478
 0.88268365
 0.88143014
  0.8857409
 0.89383295
 0.89108044
 0.89358838
  0.8879573
  0.8841493
  0.8836348
 0.88381289
 0.88571307
  0.8828432
 0.88196024
  0.8835668
 0.88767903
   0.895142
 0.89679279
 0.89236602
 0.88581534
 0.88823445
  0.8899746
 0.88976255
 0.87898475
 0.88227782
 0.87860632
  0.8769229
 0.87917115
 0.86721852
 0.87659538
 0.87628719
 0.86996348
 0.87105012
 0.86498351
 0.85892961
 0.86138741
  0.8668821
 0.86813067
 0.87634982
 0.87508229
 0.87139768
 0.87377667
 0.87603016
 0.87546777
 0.88213295
 0.88044508
 0.87510508
 0.86876128
 0.86479628
 0.86006812
 0.85480225
 0.84646547
 0.84478852
 0.83570286
 0.84106354
 0.84739308
 0.85393561
  0.8531859
 0.83874329
 0.83222385
  0.8415219
 0.84473213
 0.84282457
 0.83389558
 0.83442015
 0.83791703
 0.83256256
 0.82798055
 0.82941467
 0.82154976
 0.81565168
 0.81586274
 0.82362258
  0.8233394
 0.82094285
 0.82068898
 0.82587866
 0.81263819
 0.81603611
 0.82389399
 0.82279979
 0.82752379
 0.83124326
 0.83733115
 0.83740348
 0.84033256
 0.83915772
 0.84021716
 0.84729479
 0.85191999
 0.84916623
 0.84811313
 0.84601265
 0.84069386
 0.83395869
 0.83648665
 0.83857967
 0.84231805
 0.83797198
 0.83562992
 0.83676854
 0.83718365
 0.84246839
 0.84794085
 0.85390136
 0.85398745
 0.85428265
 0.85561836
 0.84923332
 0.85459757
 0.85646429
 0.85673361
 0.85625102
 0.85385192
 0.84485235
 0.85173593
 0.84573981
 0.84004123
 0.82828598
 0.82393779
 0.81964349
 0.82765999
 0.83841316
 0.84340707
 0.84653806
 0.84470885
 0.83946531
 0.83912003
 0.84404053
 0.84771733
 0.84852195
 0.85343253
 0.84811943
 0.85334032
 0.84356875
 0.83904147
 0.83738474
 0.83730208
 0.83812363
 0.84243706
 0.84426391
 0.84430922
 0.85128422
 0.85457546
 0.84964544
 0.84125929
 0.83750235
 0.83820253
 0.83487714
 0.83375892
 0.83477649
 0.84289665
 0.83955542
 0.83034338
 0.84258596
 0.83643825
 0.84496214
  0.8499839
 0.86154321
 0.85635762
 0.86345195
 0.86301073
 0.86082741
 0.85916843
 0.85835085
 0.85170421
 0.86177612
 0.86858945
 0.87822936
 0.88167857
 0.89045411
 0.89126992
 0.88999062
  0.8865199
 0.88997629
 0.89598851
 0.89362014
 0.89408009
  0.9056446
 0.89699871
 0.89543531
 0.89701487
 0.90283658
 0.89650089
 0.90230334
 0.90518567
 0.90073413
 0.89998447
 0.89276812
 0.88724305
 0.88690448
 0.88618804
 0.88202804
 0.88259965
 0.88908742
 0.89989348
 0.89143472
 0.89179411
 0.90333228
 0.90576381
 0.90869549
 0.90376002
 0.90204789
 0.90353873
 0.90028451
 0.90186672
 0.90163333
 0.90329742
 0.90549822
 0.88905842
 0.89468975
 0.88971379
  0.8940674
 0.90293052
 0.89696601
 0.89067332
 0.88847178
 0.88517832
 0.88751829
 0.88770201
 0.89386401
 0.89360526
 0.89215299
 0.89251445
 0.87587854
 0.86842889
   0.863012
 0.84964288
 0.86393152
 0.86373687
   0.852779
 0.85521814
 0.84954773
 0.85150755
 0.85016603
 0.83413928
 0.83799224
 0.82135931
 0.82285749
 0.82522548
 0.82203976
  0.8290723
 0.83576312
 0.84464768
 0.83611497
 0.83496045
 0.82744641
 0.82863855
 0.83828971
 0.83960063
 0.84547615
 0.84538751
   0.849522
 0.85081019
 0.84805834
 0.84925068
 0.84737642
 0.84560441
 0.84455608
 0.84367691
 0.84352072
 0.83429716
 0.83018161
 0.82409529
 0.82264718
 0.82639782
  0.8363605
 0.83359167
 0.83247535
 0.83165272
 0.83366093
 0.82924759
 0.82788127
 0.82842655
 0.82387153
 0.83611762
 0.84322562
 0.84375634
  0.8427628
 0.84112412
  0.8439196
 0.84759474
 0.85252248
 0.84559001
 0.85218554
 0.85256948
 0.85251093
 0.82632873
 0.83674536
 0.83672161
 0.84022784
 0.83581355
  0.8313551
 0.84194776
 0.84512913
 0.84538182
 0.85942591
 0.85331551
 0.85042351
 0.85131016
 0.85256786
  0.8523862
 0.85351737
 0.84811154
 0.83434044
 0.83269304
 0.83217593
 0.83708715
 0.83533623
 0.84199859
 0.84619125
 0.85934975
 0.85587885
 0.85630463
 0.85018664
 0.86551839
  0.8699096
 0.87981849
 0.87981393
 0.88494771
 0.89005326
  0.8843781
 0.87423948
 0.88189585
 0.87979662
 0.88428291
 0.87702634
 0.86705398
 0.86883189
 0.87020661
 0.87511936
 0.87660071
 0.88213616
  0.8738278
 0.86536822
 0.86911076
  0.8644043
 0.86609789
 0.86659591
 0.87340939
 0.86970309
  0.8720004
 0.87235806
 0.87772154
 0.87454129
 0.87853911
 0.87363768
 0.87065204
 0.86406251
 0.86654791
 0.87163171
  0.8818222
 0.88091626
 0.88547377
 0.88933712
 0.88931488
 0.88713885
 0.88100845
 0.87538093
 0.87211695
   0.873176
 0.86984018
 0.86965479
 0.86465231
 0.86580982
 0.86492265
 0.85774486
 0.85975098
 0.87010784
 0.86339001
 0.86865849
 0.86150129
 0.86457893
 0.86185718
 0.85147912
 0.84825302
 0.85426299
 0.85927885
 0.85884824
 0.85107064
 0.84707232
 0.83903044
 0.84829603
 0.86281055
 0.86102933
 0.85856984
 0.85207971
 0.86137304
 0.86096275
 0.85314209
 0.85210459
 0.84123474
 0.84363983
 0.84951239
 0.84704618
 0.85306515
 0.85277993
 0.85106079
 0.84909147
  0.8495705
 0.85122211
 0.85325615
 0.85600103
 0.84877976
 0.85180903
 0.85174268
 0.85746183
 0.86060703
 0.85775244
 0.85979958
 0.85994674
 0.85064819
 0.84827325
 0.84581025
  0.8532956
 0.84847421
 0.84981144
 0.84451452
 0.84688457
 0.84912432
 0.85121968
 0.84578906
 0.84846217
 0.85616792
 0.86105352
  0.8582366
 0.85258029
 0.85226147
 0.85120478
 0.84546289
    0.84037
 0.83397558
 0.83225983
 0.84181776
 0.83890076
 0.84489271
 0.84870019
 0.85495157
 0.85212837
 0.84850405
 0.85006024
 0.84572882
 0.84889202
 0.84980635
 0.83972161
 0.85539289
 0.85745823
 0.84951302
 0.84614471
 0.84888205
 0.85182418
 0.84929218
 0.85360984
 0.84707962
 0.84529155
 0.84722708
 0.83918738
 0.83661534
 0.84146716
 0.84782231
 0.84806652
 0.85186227
 0.85682758
 0.84571257
 0.84838573
 0.83928326
 0.84794992
  0.8522671
 0.85400358
 0.85649422
 0.85973701
  0.8599055
 0.86318294
 0.85582011
 0.86136501
 0.85913354
 0.85655726
 0.85488422
  0.8483059
 0.84355089
 0.84374123
 0.84978388
 0.84763002
 0.85215285
 0.85075097
 0.84672266
 0.85126721
 0.85534838
 0.85783161
 0.85736771
 0.85081057
 0.85772671
 0.86597644
 0.86460852
 0.85760899
 0.85948452
  0.8626716
 0.85676233
 0.85662885
 0.85428309
 0.84732864
 0.83688323
 0.83792055
 0.83855492
 0.84454492
 0.84240265
 0.84594846
  0.8493204
 0.85473986
 0.85997485
 0.86685138
 0.86594109
 0.86492912
 0.86588255
 0.86684117
 0.86790481
 0.87636714
 0.87735832
 0.87874031
 0.87432438
 0.87466987
 0.86819088
 0.87174869
 0.87486875
  0.8767888
   0.878212
 0.87604491
 0.87227242
 0.87242346
  0.8706077
   0.875657
  0.8715578
 0.87096057
 0.88206623
 0.87680725
 0.88164491
 0.88119664
 0.88058392
 0.87807709
 0.88037525
  0.8841118
 0.88208951
 0.87966435
 0.88188952
 0.88036212
 0.88472744
  0.8846794
 0.88552763
 0.88790691
 0.88563517
 0.88877518
 0.88297861
 0.88320684
 0.88266494
  0.8753397
 0.87121401
 0.86780959
 0.87350321
 0.87604809
 0.87147949
 0.87475525
 0.87773399
 0.88224058
 0.88406834
 0.87931037
 0.87074994
 0.86959011
 0.86585037
  0.8648205
 0.87655303
  0.8842321
  0.8822833
 0.88705823
 0.88825795
 0.88407116
 0.88889722
 0.89362472
  0.8977916
 0.90102129
 0.90382808
 0.90506318
 0.90393263
 0.90430692
  0.9064045
 0.90414232
 0.90324854
 0.90181434
 0.90242342
 0.89539247
 0.89061074
 0.89037585
 0.88434371
 0.87639279
 0.86966759
 0.86777814
  0.8582219
 0.86820686
 0.87804651
 0.88453427
 0.89225081
 0.89487716
 0.88976484
 0.88276308
 0.88630931
 0.89206382
 0.88521848
 0.88343724
 0.88060678
 0.88525123
 0.88429309
 0.88155916
 0.87884534
 0.87172185
  0.8770482
 0.87907581
 0.87510883
 0.87632946
 0.87464646
 0.87520048
 0.87103701
 0.85815545
 0.85448319
 0.85118093
 0.85304388
 0.85467022
 0.86018575
 0.87291952
 0.87568495
 0.87401141
 0.87743633
 0.88346049
 0.88049783
 0.88297405
 0.88801383
 0.88388419
  0.8886484
 0.88378937
 0.88900126
 0.88733504
 0.89100048
 0.89435941
 0.89891022
  0.9006116
 0.90130937
 0.90160754
 0.89474644
 0.90014828
 0.89454718
 0.89239126
 0.88892672
 0.88804935
 0.88386277
 0.88773182
 0.90707191
 0.91035019
 0.91015671
 0.90890816
 0.90111899
 0.90666537
 0.90753981
 0.90920981
 0.91420915
 0.91828351
 0.92008354
  0.9214656
 0.92182728
 0.92044501
 0.92003095
 0.92375695
 0.92278662
 0.91939653
 0.92367271
  0.9164949
  0.9138434
 0.92122219
 0.92517098
 0.91451468
 0.92013576
 0.92121076
 0.91009382
 0.91191335
 0.91386337
 0.92618909
 0.92997385
 0.93657602
  0.9278396
 0.92602869
 0.92986896
 0.93662949
 0.93750743
 0.93902213
 0.93523926
 0.94199616
 0.93805023
 0.92882394
 0.92818919
 0.92671077
 0.91920745
 0.90232914
 0.90424593
 0.89089751
 0.90222591
 0.90522725
 0.90261088
 0.89082518
 0.89519347
 0.88873465
 0.88537231
 0.90141301
 0.91031063
 0.91016003
 0.90615752
 0.90835367
 0.91758011
 0.91953386
 0.92126093
 0.92296007
 0.92616397
 0.93799181
 0.93887371
 0.94056022
 0.94387863
 0.93796769
 0.94075453
 0.94687205
 0.95697747
  0.9520259
 0.94314509
 0.93636046
 0.93739897
 0.94486082
 0.94841684
 0.94956911
 0.95139366
 0.94995637
 0.95077024
 0.94989038
 0.95307845
 0.95069893
 0.94557939
  0.9538977
 0.96073236
 0.96373914
 0.96541995
 0.96710979
 0.96990701
 0.96145951
 0.95807536
 0.95415233
 0.94893591
 0.94760606
 0.94989873
  0.9522743
 0.94708259
 0.94485941
 0.94569265
 0.93370281
 0.94019328
 0.94173339
 0.94510672
 0.94426838
 0.93548706
 0.93373727
 0.93084277
 0.93050553
 0.93017352
 0.92054479
 0.91530991
 0.91018123
 0.90892034
 0.90431994
  0.9082053
 0.90758601
 0.90721552
 0.91032669
 0.91251735
   0.918319
 0.92364596
 0.91644357
 0.91965446
 0.92391925
 0.92984674
 0.93326304
 0.93015133
 0.92071793
 0.92266587
 0.92276577
 0.93427349
 0.92895505
 0.93261314
 0.93146874
 0.93634116
  0.9262609
 0.92301303
 0.91934171
 0.91552947
 0.91516492
  0.9120282
 0.90459824
 0.90091923
 0.89372838
 0.89356735
 0.89387465
  0.9051255
 0.91909762
 0.92876477
 0.92736594
  0.9135717
 0.90929462
  0.9140885
 0.91455967
 0.91141115
 0.92012719
 0.92278765
 0.91959013
 0.91494544
 0.91414985
  0.9232596
 0.92913568
 0.93135448
 0.92816247
 0.92028792
 0.92727411
  0.9266908
 0.91955669
 0.92229914
 0.91903601
 0.92158742
   0.919403
  0.9176471
   0.923006
 0.91622107
 0.91742584
 0.91081673
 0.90555165
 0.89879826
 0.91465404
 0.91913992
 0.91781703
 0.92292734
 0.92436648
 0.92099552
 0.92183392
 0.92592552
 0.92215525
 0.91977585
 0.92365922
 0.92102769
 0.92051808
 0.92288342
 0.92001498
 0.92245655
 0.91564645
 0.91452531
 0.91275366
 0.91113883
 0.92193811
 0.91904884
 0.91982494
 0.91537897
 0.91073684
 0.91352732
 0.92415399
  0.9221864
 0.92329108
 0.92328757
 0.92609082
 0.92536305
 0.92682006
 0.93396459
 0.94390195
 0.95031209
 0.94672558
 0.93734001
  0.9367307
 0.93874389
 0.93554759
 0.93683937
 0.92890411
 0.92895243
 0.92782937
 0.92266758
 0.91544619
 0.90833058
 0.91491266
 0.91162792
 0.91221246
 0.90216125
 0.90807919
 0.89950782
 0.90630574
 0.90597551
 0.90551143
 0.90439345
 0.89587739
 0.89706651
 0.89946933
  0.8989995
  0.8940952
 0.89532184
 0.88517689
 0.89004551
  0.8792009
 0.87529977
 0.88983908
 0.88780552
 0.89314526
 0.88896656
 0.88764158
 0.89075534
 0.89455468
 0.89094021
 0.89640006
 0.89392763
 0.89767595
 0.90246337
 0.90058245
 0.90549957
 0.90516342
 0.89807975
 0.90015932
 0.89711631
 0.91248538
 0.90710392
 0.90036465
 0.89825232
 0.90060787
 0.90482233
 0.90511469
 0.90185347
  0.9079921
 0.91698169
 0.92448464
 0.91922669
 0.91887437
  0.9169203
 0.91876608
 0.92018044
 0.91868739
  0.9202361
 0.91549698
  0.9108364
 0.90933714
 0.90495451
 0.91362337
  0.9142306
  0.9195364
  0.9146191
 0.91348815
 0.91378959
 0.90905408
 0.91640367
 0.91312273
 0.91895111
 0.91138801
 0.91952919
 0.92286648
 0.91853608
 0.92062475
 0.92619455
 0.92025992
  0.9220641
 0.91117491
 0.90965931
 0.90613591
 0.89673942
 0.89208195
 0.88493192
 0.89609712
 0.89714063
 0.90051253
 0.89935317
 0.88540979
 0.89244775
  0.8866094
 0.87477267
 0.88052842
  0.8764435
 0.88077821
 0.88625831
 0.89701988
 0.90046137
 0.90394374
 0.90655083
 0.89897714
 0.89567177
 0.89449042
 0.90274729
 0.90275543
 0.89979023
 0.89538983
 0.89947385
 0.89564891
 0.90110408
 0.89601326
 0.89034376
 0.89539269
 0.89994259
 0.90292337
 0.90688609
 0.90939061
 0.90789237
 0.90539109
 0.90692388
 0.91032469
 0.90298392
 0.89893466
  0.9000485
 0.89977238
 0.89938164
 0.90293828
  0.9061791
 0.89815333
 0.90382857
   0.903471
 0.91051597
 0.91174281
  0.9100677
 0.90857799
 0.90693816
 0.91112419
 0.91154961
  0.9081385
 0.90393514
 0.90915357
 0.90644542
 0.90396435
 0.90705224
 0.90713968
 0.89667923
 0.90313465
 0.91118298
 0.91383382
 0.90896788
  0.9128647
 0.91488391
 0.91769026
 0.91223697
 0.91503129
 0.90908595
 0.90079071
 0.90689386
 0.91040287
 0.90442045
 0.89773004
 0.89683497
 0.90713481
 0.90976203
  0.9077912
 0.90151508
 0.90552994
 0.90065648
  0.8967581
  0.8850962
 0.88457393
 0.89439978
  0.8947043
 0.88978974
 0.88567398
 0.87807717
 0.87651562
 0.87943809
 0.88946064
 0.89073313
  0.8958004
 0.89400753
 0.90691224
 0.90607763
 0.90637475
 0.90543677
  0.9052223
 0.90925785
 0.90569842
 0.91064751
 0.90401278
 0.90549178
  0.9017391
 0.90124687
  0.9014592
 0.90197692
 0.89451432
 0.89005028
 0.87925616
 0.88659123
 0.88456412
 0.88064418
 0.89431055
 0.89891643
 0.90277939
 0.90607543
  0.9011904
   0.906774
  0.9062366
 0.90944168
 0.90882595
  0.8936297
 0.89315607
 0.90012951
 0.90248183
 0.90467179
 0.89956755
 0.89908691
 0.89899477
 0.90185182
 0.89603055
 0.90173629
 0.90864717
 0.90983483
 0.91198949
  0.9084801
 0.90973428
 0.90588217
 0.91671532
 0.91767238
  0.9195567
 0.91095868
 0.91529905
 0.91190215
 0.91071074
  0.9148132
 0.90843856
 0.91741473
 0.92375485
  0.9261887
 0.92061757
 0.91544197
 0.91397493
 0.90809019
 0.89518216
 0.90226431
  0.9036885
 0.90004881
 0.91689174
 0.91231757
 0.91881549
 0.91262152
 0.90631341
 0.90937386
  0.9033655
 0.91086138
 0.90179297
 0.90383382
 0.89954279
 0.89927763
 0.90465234
 0.90345497
 0.89823384
 0.88984354
 0.90379967
 0.89743448
 0.89910113
 0.90160425
 0.90720022
 0.90893924
 0.90027315
 0.90798042
 0.90772128
 0.91985294
 0.93329097
  0.9337759
 0.92088464
 0.92879553
 0.92500004
 0.92965237
 0.92903494
 0.91731134
 0.91130335
 0.91751409
 0.92864267
  0.9325227
 0.92494234
 0.92120834
 0.92668853
 0.92507944
 0.91642859
 0.91258028
 0.91851905
 0.92540815
 0.92281284
  0.9315333
 0.92928041
 0.92354728
 0.91920142
 0.91567135
 0.91657868
 0.91079243
 0.90157082
 0.89351022
 0.89614346
 0.90375704
 0.90632815
 0.91731888
 0.91377354
 0.90905121
 0.91843051
 0.92629688
  0.9310376
 0.92369895
 0.93424485
 0.93032223
 0.92976898
 0.93524369
 0.92859828
 0.93022977
 0.93237621
 0.92501767
 0.93152242
 0.92909701
 0.92274729
 0.92477717
 0.92816852
 0.93420126
 0.93416483
 0.93209351
  0.9389572
 0.94220389
 0.94634696
 0.94072013
 0.93831938
 0.93447001
 0.93717905
 0.93924538
 0.95234456
  0.9471845
 0.94795556
 0.94142875
 0.94122456
 0.93617828
 0.93919577
 0.94387155
 0.95258286
 0.95326373
 0.94791034
 0.95153333
 0.94803656
 0.95096012
 0.95390961
 0.94840872
 0.94801371
 0.94372306
 0.94291254
 0.93807114
 0.94275965
 0.93946909
  0.9396318
 0.93685421
 0.93503738
 0.93068343
 0.92876574
  0.9403056
 0.93693831
 0.93471763
 0.93531704
 0.93496913
 0.93828391
 0.94508252
 0.94235353
 0.94101857
 0.92784858
  0.9254196
 0.91384298
 0.90665544
 0.91598286
 0.91297891
  0.9227591
 0.91937206
 0.92703299
 0.91308932
 0.91384749
 0.90320729
 0.89033798
 0.89312023
 0.89038831
 0.90523335
  0.8979725
 0.89883406
 0.90657398
 0.89196845
 0.89274312
  0.9016154
 0.90249545
 0.90442723
 0.91158551
 0.90876256
 0.89418502
 0.89437597
 0.89132253
 0.88904783
 0.88274653
 0.88811281
 0.89941838
 0.89005047
 0.89805301
 0.90868912
 0.90588501
 0.92168637
 0.92270344
 0.93060713
 0.93278061
 0.93448637
 0.92988784
 0.92884738
 0.93366285
 0.92931692
 0.93532279
 0.93661715
  0.9366164
  0.9463084
 0.94699745
 0.94802491
  0.9456083
 0.93023112
 0.92400236
 0.92390885
 0.91366746
 0.91635996
 0.91079052
 0.91776934
 0.91905011
 0.92099185
 0.92119803
 0.91491088
 0.91760925
 0.91956925
 0.92722234
  0.9177353
 0.91117039
 0.91096109
 0.90073948
 0.90867143
 0.91044201
 0.91812565
 0.91725933
 0.91234841
 0.91810192
 0.92945525
 0.93334692
 0.92994646
 0.92405227
 0.92732786
 0.91993121
 0.92379656
 0.91957121
 0.91939681
 0.91908333
 0.90748392
 0.90345011
 0.91044462
  0.9174115
 0.92285985
  0.9233932
 0.91353133
 0.91410012
 0.93377984
 0.93026613
 0.93612268
 0.93043673
 0.93331306
 0.93960222
 0.93268922
 0.93053638
 0.93275152
 0.93283273
 0.92931716
 0.93065186
 0.93474703
 0.93751293
 0.93660673
 0.93879962
 0.93692756
 0.93589714
 0.93256713
 0.93429053
 0.93507428
 0.92666525
 0.92333736
   0.921655
 0.92133204
 0.92387952
 0.91759265
 0.92183113
  0.9219591
 0.92752631
  0.9298861
 0.92880664
 0.92608243
 0.92801882
 0.92157403
 0.90684555
 0.90479668
 0.90890651
 0.90690496
 0.91037386
 0.90253277
 0.90558017
 0.90390149
  0.9084478
 0.92381403
 0.92655419
 0.91836655
  0.9249156
 0.92249316
 0.91329198
 0.91099474
 0.91156771
 0.91696253
 0.92286256
 0.92079511
 0.91292148
 0.90119728
 0.90017025
 0.90253679
 0.90598252
 0.91051965
 0.91096386
 0.91925436
 0.92690924
 0.92858948
  0.9372788
 0.93681544
 0.92938292
 0.93141776
 0.92131559
 0.90839217
 0.89571047
 0.89540918
 0.91387374
 0.91845925
 0.92533516
 0.92504992
 0.92314488
 0.91174261
 0.89834127
 0.89473503
 0.89694261
 0.89387238
 0.89455325
 0.89216406
 0.89200468
 0.89530254
 0.90388048
 0.90287858
  0.9015033
 0.89818688
 0.89799685
 0.89186715
 0.88100677
 0.87229381
  0.8652774
  0.8723251
 0.85796865
 0.85207299
 0.87136003
 0.87360906
 0.86995376
  0.8557978
 0.85270559
 0.86418022
 0.86021326
 0.86766356
 0.87468651
 0.88831647
 0.88212475
 0.87091067
 0.86677471
 0.85900232
 0.86116409
 0.85269501
 0.85174989
 0.85451502
 0.85396192
 0.84274604
 0.84063004
 0.84146724
 0.84140253
  0.8373951
 0.85335323
 0.85570503
 0.85112255
 0.85308373
 0.83625065
 0.84702255
 0.83970426
  0.8500455
 0.85157341
 0.85479241
 0.86048924
 0.86708816
 0.86815203
 0.87442598
 0.86461289
 0.87290749
 0.88226259
 0.86751736
 0.86586141
 0.86584101
 0.85091749
 0.85243515
 0.86820566
 0.86329751
 0.86007224
  0.8700752
 0.87442388
 0.87010183
 0.88896836
 0.89699255
 0.88766517
 0.88949743
 0.88989612
 0.89093367
 0.88547682
  0.8830093
  0.8865667
 0.88068037
 0.88211651
 0.88118785
 0.89282707
  0.8911498
 0.89631287
  0.8824127
 0.88280698
 0.88080939
 0.86969157
 0.86818392
 0.85559635
 0.86679797
 0.86880868
  0.8758438
 0.88144386
 0.86610258
 0.87375469
 0.86962819
 0.86475022
 0.86633773
 0.86619226
 0.86720116
 0.86787423
 0.87030032
 0.87228248
 0.87999477
 0.87806482
 0.87148933
 0.86944247
 0.87975164
 0.88226978
 0.89014704
 0.88582493
 0.88030553
 0.88163112
 0.89657789
 0.90047101
 0.90718204
 0.90516996
 0.91398112
 0.91391928
 0.90772051
 0.90500469
  0.9011081
 0.90207601
 0.90249402
 0.89501032
 0.89490962
 0.89261192
 0.89415314
  0.8968727
 0.89648626
 0.89832619
  0.8971728
  0.8932563
 0.89637195
  0.8937895
 0.87919595
 0.88282988
 0.88323141
 0.88702067
 0.88928316
 0.88421526
 0.88292831
 0.87401774
 0.87548605
 0.87806294
 0.88403869
 0.88005449
 0.89186896
 0.87809578
 0.87525512
 0.86625825
  0.8654588
 0.86581544
 0.87828878
 0.89323675
 0.90855054
 0.90627926
 0.91139001
 0.90132509
 0.91389539
 0.92076967
 0.92727496
 0.92321359
 0.92481741
 0.92710708
 0.92889017
 0.93055777
 0.93159349
 0.93097416
 0.93317938
 0.94214707
  0.9418765
 0.93677577
 0.93444755
 0.92278682
 0.90821686
  0.9141676
 0.92259219
 0.92394295
 0.92605524
 0.93352393
 0.93600622
 0.93223637
 0.92755508
 0.92644497
 0.92422975
 0.92555262
 0.92316722
  0.9193253
 0.91966827
 0.91789881
  0.9175759
 0.91551446
 0.91086693
 0.91021233
 0.89697559
 0.91173664
 0.91885082
 0.91794608
 0.91608212
 0.91803945
 0.91195054
 0.91342043
 0.91814787
 0.92494512
 0.92400747
 0.93122158
 0.93365666
 0.93427569
 0.93429205
  0.9286888
 0.92158769
 0.92020329
 0.92165727
 0.91109095
 0.91388854
 0.90664284
 0.91257003
 0.91354181
 0.91639897
 0.91588827
 0.91640595
 0.91439163
  0.9118271
 0.90510228
 0.90674046
 0.90817859
 0.91090881
 0.91245169
 0.91218418
 0.90659729
 0.91119327
 0.91285747
 0.91527461
 0.91757496
 0.92299801
 0.93170116
 0.92544022
 0.93074781
 0.92974814
 0.92599524
 0.92554302
 0.91977659
 0.91544532
 0.90832418
 0.90715365
 0.90288221
 0.90033422
 0.89351388
 0.90320655
 0.90250484
 0.90803316
 0.90769637
 0.91236423
 0.90137818
 0.90268408
 0.89701558
 0.90397285
 0.91012354
 0.90598972
 0.90522217
  0.9064929
 0.90894132
 0.91392068
 0.91580619
 0.91437307
 0.91685944
 0.90661217
  0.9045343
 0.90527023
 0.90218563
 0.89712493
 0.91118254
 0.92115119
 0.91132263
 0.91721639
 0.91851557
 0.92256528
 0.91641159
 0.91107102
  0.9088362
 0.92177723
 0.92295478
 0.90878756
  0.9010516
 0.90110425
 0.91066116
 0.90206837
 0.91080071
 0.88963097
 0.87393487
 0.87910577
 0.87131175
 0.87710165
 0.88406618
 0.87609046
 0.87562771
 0.87726788
 0.88070731
  0.8796194
 0.88469692
 0.88682185
 0.88236207
 0.88440768
 0.89254309
 0.88378746
 0.87763557
   0.858776
 0.86151229
 0.86275124
 0.85507913
 0.85697905
 0.85798488
 0.85678217
 0.85352886
 0.84052537
 0.84877028
 0.86246553
 0.87163023
 0.86486811
 0.84986859
 0.84769792
 0.84738844
 0.85523212
 0.85778188
 0.86146413
 0.85641245
  0.8689339
 0.86326724
 0.87036242
 0.87109547
 0.87383141
 0.86626553
 0.86701014
  0.8680359
 0.87266845
 0.87339874
 0.86224654
  0.8604553
  0.8608501
  0.8649438
 0.86207688
 0.86536016
 0.86791638
  0.8712937
 0.86963278
 0.85886615
 0.86200673
 0.86413063
 0.86573384
 0.86955901
 0.86227334
 0.86727394
 0.87190873
 0.86762991
 0.86550659
 0.85817128
 0.86247833
 0.85269759
  0.8500184
 0.83698751
 0.84342854
 0.85257417
 0.84258441
 0.84596972
 0.84184179
 0.85371427
 0.85882851
 0.86293822
 0.86288923
 0.85166273
 0.85307901
  0.8584698
 0.86289966
 0.86010029
 0.85454003
 0.86235549
 0.86518985
 0.86830648
 0.86861065
 0.86128953
 0.85530917
  0.8618307
 0.86779251
 0.86632644
 0.87013481
 0.86497847
 0.86237774
 0.85930409
 0.87607058
 0.87363429
 0.88086431
 0.88234551
 0.87591967
  0.8751158
 0.85591319
 0.85397031
 0.87591499
 0.87828952
  0.8867452
 0.89424128
 0.89860213
 0.88459781
 0.87974906
 0.88307007
 0.87499068
  0.8706888
 0.87271955
 0.87342994
 0.87013145
 0.87247929
 0.86618054
  0.8718739
 0.86795642
 0.87262006
 0.89032045
 0.89303366
 0.88909272
 0.90099515
 0.89362881
 0.89919001
  0.9044877
 0.90862661
 0.89553456
 0.89632139
 0.89359583
 0.88519584
  0.8904671
 0.88613146
 0.88865685
 0.87194633
 0.87037293
 0.87498016
 0.88973855
 0.88783916
 0.87598586
 0.88176004
 0.87370841
 0.87969553
 0.88785321
 0.89350754
 0.89274462
  0.8885243
 0.89606926
 0.89773296
 0.90661558
 0.90418249
 0.89160528
 0.89956932
 0.91500373
 0.91795286
 0.90945803
 0.90863635
 0.90501134
 0.90582543
 0.91207133
  0.9083553
 0.90996322
 0.91286916
 0.90971495
 0.90383569
 0.89852169
 0.90027282
 0.90119706
 0.90044606
 0.89280444
 0.90122597
 0.89931135
 0.89638142
  0.8889994
 0.88495615
 0.88465344
 0.89209495
 0.90078081
 0.90257193
 0.90065823
 0.89148483
 0.89035172
 0.88159039
 0.88117426
 0.88535589
 0.88550107
  0.8877232
 0.88786596
 0.89261051
 0.89490173
 0.88782078
 0.88607569
 0.87629443
 0.88020404
 0.87768331
 0.87341353
 0.87733022
 0.87063001
 0.87790827
 0.87812122
  0.8728188
 0.88346925
  0.8848041
 0.88717504
 0.88238299
 0.88415455
 0.88911872
 0.88214902
 0.87679793
 0.88447748
  0.8765928
 0.87632996
 0.87785026
 0.87412685
  0.8703781
 0.87151453
 0.85872004
 0.86515872
 0.86023793
 0.86345087
 0.86561071
 0.85619387
 0.85141067
 0.85818297
 0.85858942
 0.86312101
  0.8635959
 0.85923908
 0.85767095
 0.86802948
 0.85967555
 0.86184504
 0.86801909
 0.86620346
 0.86000552
 0.85200852
 0.85280344
 0.86343721
 0.86783746
 0.87413079
 0.87497723
 0.87149213
 0.87180469
 0.86515187
 0.86391487
 0.86546346
 0.86098456
 0.86135436
 0.86279602
  0.8614032
 0.86005623
 0.85922563
 0.85645646
  0.8571487
  0.8562263
 0.85696383
 0.85448736
 0.85450194
 0.85402689
 0.84872637
 0.85235011
 0.84415016
 0.83762342
 0.84392642
 0.85411012
 0.85076795
  0.8436818
 0.84707318
  0.8466842
  0.8353348
 0.84315676
 0.84296073
 0.84772802
 0.84648815
 0.83812974
 0.84331497
 0.84429205
  0.8526976
 0.84798562
 0.84739799
 0.84921447
 0.84289732
 0.83621712
 0.83686403
 0.84520515
 0.84818121
 0.84907269
 0.84684786
 0.84096084
 0.84317228
 0.84579135
   0.845309
 0.84345224
 0.84351377
 0.84060945
 0.84249558
 0.84059636
 0.84285515
 0.84210878
 0.84208115
  0.8408021
 0.84203572
 0.84964943
 0.84922257
 0.85137426
 0.85479298
 0.84574756
 0.84973607
 0.85284634
 0.85542673
 0.85004593
 0.85152573
 0.85002512
 0.85113414
 0.85928931
 0.86258489
 0.85764688
 0.85474141
 0.85988865
 0.86001483
 0.86273134
 0.86172085
 0.86197532
 0.86287378
 0.86190394
 0.85702684
 0.85607576
 0.85517752
 0.85520258
 0.85745892
 0.85492696
 0.85529226
 0.86278288
 0.86047629
  0.8596667
 0.85089394
  0.8574936
 0.84879888
 0.85370574
 0.85375285
 0.85734133
 0.85458095
 0.86241544
 0.86449442
 0.87124463
 0.87530523
 0.87684345
 0.88132091
 0.88485378
 0.88237373
 0.87890635
 0.87159965
 0.87430168
 0.87569606
 0.88020716
 0.87435482
 0.87570351
 0.87376944
 0.87389426
 0.87830018
 0.87793846
 0.88214521
 0.87589269
 0.87620367
 0.87435792
 0.87708631
 0.87478754
 0.87339459
 0.87461722
 0.86460772
 0.87124543
 0.87567758
 0.87460495
 0.87941067
 0.87515664
 0.87713927
 0.87183239
  0.8746938
 0.87067486
 0.87195475
 0.86936458
 0.87390646
 0.87694879
 0.87588065
 0.87215964
 0.86848463
 0.86724503
 0.86571762
 0.86850948
 0.86731441
 0.86560892
 0.86332219
 0.86154136
 0.86325271
 0.86362017
 0.86383712
  0.8635584
 0.86172846
 0.86951425
 0.86757655
 0.86532342
  0.8562097
 0.85032178
 0.84646286
 0.85302348
 0.84628298
 0.85003749
 0.85768364
 0.86089604
 0.86130117
 0.85979418
 0.87098432
 0.87533695
 0.88074491
 0.88108843
 0.87961102
 0.87456527
 0.87959527
 0.87188043
 0.87000055
 0.86750728
 0.85898406
  0.8621975
 0.86487964
 0.86756747
 0.86695226
 0.86888819
 0.86846908
 0.86708182
 0.86547466
 0.86245064
 0.86353901
 0.86780401
 0.87014756
 0.86839319
 0.86667503
 0.86246563
 0.86721299
 0.85843795
 0.86421308
 0.86000883
 0.86414725
  0.8666714
 0.86795117
 0.86475902
 0.85912677
 0.86171604
 0.87040846
 0.86673859
 0.86733284
 0.86395599
 0.86655487
 0.86633724
 0.87136769
 0.87121964
 0.87000232
 0.87265788
 0.87368513
 0.86531659
 0.86952549
 0.87167445
 0.86454353
 0.86974847
 0.86788273
  0.8602695
  0.8683842
 0.86544592
 0.87091073
 0.86827733
 0.86404779
   0.864581
 0.86804733
 0.86893436
  0.8675687
 0.87383836
 0.87405469
 0.87207976
 0.87181689
 0.87112395
 0.86668277
 0.86811882
 0.86912711
 0.86755059
 0.86929461
 0.86772655
 0.87046185
 0.86989758
 0.87219398
 0.86962494
 0.86946384
 0.87177575
 0.87330521
 0.87439511
 0.87119219
 0.86652402
 0.87252885
 0.87497822
  0.8762456
 0.88335675
 0.88323202
 0.88022868
 0.87532165
  0.8731616
 0.87545285
 0.87139486
 0.87936279
 0.88699347
 0.88161007
  0.8854697
 0.88160734
 0.88121336
 0.88177925
 0.88136848
 0.87864788
 0.87287697
 0.86374778
 0.85984105
 0.86590887
 0.87848946
 0.88322381
 0.89321961
 0.88498042
 0.88660396
 0.88713869
 0.87480134
 0.88097003
 0.88455719
 0.88827786
 0.89046335
 0.88921865
 0.88801946
 0.88263857
   0.880729
 0.88216089
 0.88354888
 0.88209401
 0.88054659
 0.88804317
 0.88763449
  0.8838482
 0.88121464
 0.88083541
 0.87601941
  0.8790904
  0.8751826
 0.87544476
 0.87156319
 0.87180864
 0.87832626
 0.87086991
 0.87194249
 0.87070276
 0.86944903
 0.86522905
 0.86505566
 0.86632816
 0.87347102
 0.87693944
 0.88384332
 0.88120259
 0.88574583
 0.89071464
 0.88434537
 0.88772072
 0.88371755
 0.88211236
 0.88332262
 0.87649101
 0.87493628
  0.8660404
 0.86492659
 0.86457561
 0.86895657
 0.86802375
 0.87184959
 0.86813363
 0.88070207
 0.88544264
 0.87844032
 0.88021956
 0.87151874
 0.87184198
 0.86679574
 0.87213291
 0.87280136
 0.87860518
 0.88106028
  0.8781228
 0.86400627
 0.85395398
 0.85070742
 0.85712223
 0.86179967
 0.85077929
 0.85454791
 0.84925463
 0.85072342
 0.84932232
 0.84485273
 0.84496249
 0.84509375
 0.84373735
 0.84376131
 0.84010384
 0.83615488
 0.83652321
 0.83842859
 0.84068651
  0.8448292
 0.84549439
 0.85038238
 0.85104621
 0.84862577
 0.85170899
 0.84908234
 0.85045143
 0.84545683
 0.84335778
 0.84120627
 0.84245575
 0.84512677
 0.84913119
 0.85551856
 0.85730221
 0.85558223
 0.84424702
 0.84179461
 0.84283204
 0.83689623
 0.84325778
 0.83378694
 0.83394459
 0.83632803
 0.84750237
 0.85559427
 0.85839262
 0.85168948
 0.85046706
 0.84383776
 0.83784646
 0.84926643
  0.8614148
 0.86883052
 0.86793184
 0.86683824
 0.86784684
 0.87226202
 0.87412164
 0.86801785
 0.87024697
 0.87090265
 0.86710639
 0.87378304
 0.86832863
 0.86939727
 0.86751989
  0.8547489
 0.85187274
 0.85607722
 0.85747004
 0.86141682
 0.85539046
 0.85335069
 0.85117317
 0.85620441
 0.84759964
 0.83415032
 0.83698998
 0.83968897
 0.82934305
 0.82887157
 0.82238843
 0.83836992
 0.84105796
 0.83787208
 0.84342041
 0.84075502
 0.85058918
 0.86130861
 0.86041978
 0.86617557
 0.87015752
 0.87484892
 0.86988311
 0.86622997
 0.87173419
 0.87420582
  0.8726724
 0.86073624
 0.87046354
 0.86550909
 0.86966073
  0.8703433
 0.87300548
  0.8738929
 0.88354069
 0.88790142
 0.88795832
 0.88294893
 0.87304451
 0.86674276
 0.87184547
 0.87454629
  0.8844029
 0.88866391
 0.89009873
 0.88914283
 0.88319187
 0.88286181
 0.88092217
 0.88837033
 0.88364605
 0.87794127
 0.87910334
 0.87837436
 0.88193421
 0.88512941
 0.89150623
 0.89467795
 0.89483364
 0.89208908
 0.89022658
 0.89250092
 0.89603212
 0.89419059
 0.88810835
 0.88502003
 0.88579424
 0.89162004
 0.89367352
 0.88751498
 0.88223031
 0.88112337
  0.8827824
 0.88077145
 0.87511088
 0.87092726
 0.87037639
 0.87142246
 0.87990458
 0.88948011
 0.88783377
 0.88810895
 0.88533532
 0.88457964
 0.88371806
 0.88340242
 0.88793555
  0.8857957
 0.88127253
 0.88418533
  0.8835778
 0.88247235
 0.88364799
 0.88116662
 0.87893119
  0.8781108
 0.87718497
 0.87046506
 0.87098805
 0.87499428
  0.8788669
 0.87387151
  0.8701845
 0.86709303
 0.86670641
 0.86401575
 0.86720277
 0.86470878
 0.86953965
 0.86757678
 0.86815069
 0.86258521
 0.86597621
 0.86443071
 0.86192086
 0.85855037
 0.85497977
 0.85113303
 0.85273688
 0.85934066
 0.86657674
 0.86362205
 0.86209105
 0.86433723
 0.85786755
 0.85203541
 0.85068331
  0.8422258
 0.84573185
 0.84460762
 0.85233786
 0.85934083
 0.85807333
 0.86557496
 0.85762347
 0.86030246
 0.86145198
 0.86570057
 0.86169601
 0.86481987
 0.85468098
 0.86521414
 0.87166056
 0.86701257
 0.87541133
 0.87791571
 0.87228903
 0.87677811
 0.87702025
   0.872897
 0.87423563
 0.87171737
 0.86548274
  0.8579683
 0.86009529
  0.8654903
 0.86739784
 0.87780315
 0.88712327
 0.88355517
 0.86788591
 0.87105855
 0.87473986
 0.87063115
 0.86306714
 0.87314087
   0.884022
 0.88629896
 0.88202211
 0.88700827
 0.88395351
 0.87946622
 0.88741403
 0.89031392
 0.89522811
 0.88682644
 0.88005722
 0.87949968
  0.8818874
 0.88175354
 0.88433669
 0.88565449
 0.88429994
 0.87851062
 0.88559159
 0.88535246
 0.88617709
 0.88829402
 0.88790978
 0.88369291
 0.87932004
 0.87919606
  0.8766735
 0.88231701
 0.88332856
 0.88996705
 0.89107716
 0.88863172
  0.8900429
  0.8963087
 0.89874974
 0.89921778
 0.89334611
 0.88481153
 0.88430234
 0.88372453
 0.87976574
 0.87764913
 0.88180029
  0.8862601
 0.88969962
 0.89118166
 0.88574522
 0.88616078
 0.87916399
  0.8780137
 0.87639008
 0.88479167
 0.88304142
 0.88549228
 0.87133709
 0.87202898
 0.87144236
 0.87263225
 0.86298133
 0.87855172
 0.87825014
 0.88541547
 0.88235664
 0.87805111
 0.87896425
  0.8751608
  0.8714589
 0.86451116
 0.86569661
 0.86197748
 0.85824199
 0.86377364
 0.86810082
 0.86377683
  0.8643234
 0.86679372
 0.86976651
 0.86795675
 0.87559943
 0.86129083
 0.86033286
 0.86294157
  0.8637468
 0.85733503
 0.86487247
 0.86664553
 0.86903887
 0.86497501
 0.87457254
 0.86898413
 0.87237233
 0.87664804
 0.87421885
 0.87487272
 0.87908212
 0.88235216
 0.87515537
 0.86883281
 0.86681037
 0.85227228
 0.85551393
  0.8529258
  0.8573363
 0.86656895
 0.86205492
 0.86540913
 0.86203259
  0.8663062
 0.86639705
 0.86488299
  0.8687143
 0.86535401
 0.86380875
 0.86358372
 0.86159587
 0.86102844
 0.86623294
 0.86868303
 0.86805376
 0.86480294
 0.87269573
 0.87932328
 0.88927543
 0.89745993
 0.89823278
 0.90016889
  0.9017789
 0.90353181
 0.89794423
  0.8876583
  0.8928346
 0.89295198
   0.890766
 0.89244455
 0.89259398
 0.89228207
 0.89765814
 0.89991818
 0.89933818
 0.89425766
 0.88983457
 0.89099605
 0.88868936
 0.88223781
 0.87931928
 0.89089961
 0.89331854
 0.90118919
 0.90494483
 0.89752474
 0.89938112
 0.90443413
 0.90291303
 0.90924393
 0.90887846
 0.90206958
 0.90356932
  0.9073011
 0.90734665
 0.90414669
 0.90027355
  0.9031966
 0.90941256
 0.90812817
 0.91517761
 0.91809042
 0.91195051
 0.91005347
 0.91634991
 0.91551648
 0.91963237
 0.91666905
 0.92251202
 0.92295155
 0.92348066
 0.92576871
 0.92606487
 0.92628654
 0.92120751
 0.92290817
 0.92104844
 0.91809699
 0.92238863
 0.93287304
 0.93519958
  0.9355695
 0.93277324
 0.93053213
 0.93168556
 0.93150668
 0.92941472
 0.92194235
 0.92093528
 0.92341263
 0.92604157
 0.92689657
   0.930389
  0.9372792
 0.93515611
 0.94026789
 0.93893046
 0.94075528
 0.93896051
 0.94459941
 0.94177258
 0.93727595
 0.94226893
  0.9428272
 0.93421446
  0.9370475
 0.93874338
 0.93543932
 0.93453042
  0.9314033
 0.93045768
 0.92302685
 0.91903486
 0.91488368
  0.9193941
  0.9140844
 0.91739724
 0.91616406
 0.91832145
 0.92552693
 0.92658415
 0.91044868
 0.91865347
 0.92654303
 0.91752062
 0.91349417
  0.9212928
 0.92120011
 0.91686081
 0.93006275
 0.93759815
 0.93766186
 0.93489039
 0.93641484
 0.93381652
 0.93085896
 0.93662726
 0.93762397
 0.94329227
 0.95595577
  0.9488806
 0.94620812
 0.94807694
 0.95007995
 0.94612672
 0.94602252
 0.95326817
  0.9558004
 0.95426006
 0.95298264
 0.94794817
 0.93748221
 0.93960904
 0.94020199
 0.93593624
 0.93665235
 0.94040797
 0.93246478
 0.93526746
 0.93619573
 0.93723917
 0.93873979
 0.92586947
 0.90705849
 0.91106702
 0.92289081
 0.91097201
 0.89845191
 0.91205555
 0.90714629
 0.89833329
 0.90648716
 0.89627558
  0.8996937
 0.90809846
 0.91338783
 0.91094874
 0.91621612
 0.90792799
 0.90525283
 0.90724215
 0.90215007
 0.90646068
 0.89911698
 0.90077407
  0.9011015
 0.89470344
 0.89700292
 0.90499091
 0.89761148
 0.90790829
 0.90312468
 0.90235305
 0.89543035
 0.90739797
 0.90775563
 0.91602701
 0.92032649
  0.9189458
 0.92076544
 0.92522159
 0.91666003
  0.9117242
 0.91781867
 0.91340731
 0.90874798
 0.89947836
   0.892468
 0.89607207
 0.89539887
 0.90553488
 0.90813302
 0.92382592
 0.92753597
 0.92540512
 0.93237605
 0.93070116
 0.93247639
 0.93192066
 0.93567719
 0.93216358
  0.9349919
 0.93350603
 0.93201118
 0.93242124
 0.93562845
 0.93876679
 0.93822748
 0.93533749
 0.93325251
 0.93245702
 0.94130769
 0.93811781
 0.93595599
 0.93726131
 0.94388691
 0.94016411
 0.94013441
 0.93228475
 0.93115041
  0.9284164
 0.92284169
 0.92408591
 0.91621504
 0.90457693
  0.9130965
 0.92479942
 0.92926986
 0.92852548
 0.93070185
 0.92636586
 0.92563332
 0.92071022
 0.91875568
  0.9155739
 0.91498774
 0.91237892
 0.91111927
 0.90973831
 0.90905263
 0.90777862
 0.90506394
 0.90808288
 0.90329098
 0.90448291
 0.91972674
 0.92830827
 0.92957198
 0.93322088
 0.93899921
 0.93915999
 0.94242312
 0.94458316
 0.94730987
 0.95279057
 0.94897084
 0.94079963
 0.93443164
 0.93482666
 0.92785729
 0.93757573
 0.93998152
 0.93397986
 0.94262078
 0.94316119
 0.94233724
 0.93768739
 0.94122545
 0.93362954
 0.93262237
 0.92622351
  0.9293475
 0.92228144
 0.91146475
 0.91321931
 0.91977663
 0.90624616
  0.8983066
 0.89978955
 0.90171103
 0.90039841
 0.89876693
 0.90294468
 0.91044375
 0.91034107
 0.90253313
  0.9000894
  0.8954815
 0.89436056
 0.90627874
 0.90735829
 0.90957766
 0.91402728
 0.92574378
 0.92751631
 0.93128816
 0.93297338
 0.93017797
 0.92627861
 0.92337882
 0.92306314
 0.92434436
 0.91928162
 0.92347242
 0.91952713
  0.9198748
 0.92205626
 0.93071412
 0.92480061
 0.91442107
  0.9288517
 0.94012135
 0.94126777
 0.94450997
 0.94817385
 0.94609915
 0.94633477
 0.94687565
 0.95138322
 0.94800087
  0.9505592
 0.94459164
 0.94351727
 0.94205693
 0.95160611
 0.94686755
 0.95519387
 0.94717151
 0.94679176
 0.95018346
 0.95043976
 0.94826701
 0.94780487
 0.95653661
 0.96332561
 0.95583283
 0.96265814
 0.96185165
 0.95396447
  0.9481751
 0.94124974
 0.94672869
 0.95024399
 0.94980794
 0.94646322
 0.94631748
 0.94433036
 0.93937022
  0.9473021
 0.95657968
 0.95757972
 0.95793216
 0.95889085
 0.96083187
 0.96993883
 0.96667659
 0.96758709
 0.96400468
 0.96531505
 0.96464412
 0.96329617
 0.95874284
 0.95948495
 0.94830755
 0.95882754
 0.95968999
 0.96008398
   0.960247
 0.96750968
 0.96719333
 0.96953894
 0.97163763
 0.96486165
 0.97328392
 0.96968419
 0.96897577
 0.96683882
 0.96909211
 0.96895993
 0.96722844
 0.96547795
 0.96399226
 0.96220095
 0.95626535
 0.95430441
 0.96055263
  0.9664699
 0.97208481
 0.97012351
 0.97347199
 0.97434606
 0.96703561
  0.9655031
 0.96862987
 0.96721527
 0.96836323
 0.96668754
 0.96909022
 0.96208439
 0.95863118
  0.9605594
 0.94568355
 0.93554475
 0.93588234
 0.94481606
 0.95169664
 0.96198261
 0.97079471
 0.96833574
  0.9670173
 0.96981345
 0.96464476
  0.9598007
 0.96508197
 0.96727404
 0.96034016
 0.95535059
 0.95574829
 0.96241843
 0.96381002
 0.95607512
 0.95168488
 0.94966104
 0.94946975
 0.94290063
 0.94281054
 0.93423597
  0.9298835
 0.92918254
 0.93241016
 0.92966952
  0.9286599
 0.93305449
 0.92522894
 0.92083333
 0.93126487
 0.93382437
 0.93104741
 0.93972273
 0.94201392
 0.94335599
  0.9295273
 0.93609833
  0.9400973
 0.93551367
 0.93556182
 0.94542373
 0.94143554
 0.94636548
 0.94335257
  0.9410408
  0.9480214
 0.94491746
 0.94402559
 0.93860987
 0.93819663
 0.94066218
 0.93222703
 0.92431655
 0.91808882
  0.9044696
 0.92619335
  0.9278077
 0.93317063
 0.93419571
 0.94708334
 0.94346553
 0.94100728
 0.93841565
   0.939656
 0.94805055
 0.95067932
 0.94975553
 0.95074032
 0.95620102
 0.95630199
 0.95086454
 0.95086323
 0.95135219
 0.95373159
 0.95728907
 0.95862736
 0.95674978
 0.95477271
 0.95443676
 0.94512517
 0.94247011
 0.94873772
  0.9547653
 0.95156189
  0.9430689
 0.94367909
 0.93667411
 0.92806572
 0.92675056
 0.92501341
 0.93354257
 0.93465559
 0.94075552
  0.9479543
 0.94579018
 0.94854917
 0.94740267
 0.95166992
 0.95514544
 0.96042063
 0.95373998
  0.9536866
 0.95167488
 0.95027446
 0.94474269
 0.93742481
 0.94304662
 0.93174831
 0.93691797
 0.94566608
 0.95089052
 0.95332507
 0.95392555
 0.94995004
  0.9416002
 0.94316032
 0.93465077
 0.94040983
 0.94231242
  0.9401975
 0.94652086
 0.94138791
 0.93081537
 0.93578197
 0.93686333
 0.93152646
 0.94080665
 0.93806182
  0.9354204
 0.92876198
 0.92642744
 0.92303511
 0.91993599
 0.91847878
 0.92147222
 0.94272823
   0.948238
 0.94591239
 0.95686935
 0.96137179
 0.95954336
 0.95135699
 0.95542176
 0.95220372
 0.95258806
 0.95816682
 0.95905081
 0.95512748
 0.95668667
 0.95839443
  0.9583637
 0.95963943
 0.96745348
 0.96759115
 0.95329537
 0.94602568
 0.94409389
 0.94161716
 0.94981497
 0.94769817
 0.94392394
 0.93601394
 0.93595715
  0.9425906
 0.93639129
 0.93023966
 0.92823792
 0.91977669
 0.91757085
 0.91356551
 0.92265087
 0.91472401
 0.91831944
 0.91463034
 0.91857119
 0.91512444
 0.92169685
 0.92491183
 0.92697421
  0.9290158
 0.93738327
 0.93034888
 0.94661042
 0.93879443
 0.93791004
 0.92283334
 0.91711137
 0.91083595
 0.92866263
 0.93419082
 0.93619666
  0.9289866
 0.93673882
 0.93475354
 0.94707487
 0.94654349
 0.93771461
  0.9329623
 0.93443395
 0.93256001
 0.93455593
 0.93090101
 0.93191339
 0.92845797
 0.92614816
 0.92498856
 0.92384282
 0.92297003
  0.9204727
 0.90755236
 0.90751995
 0.91553906
 0.90816886
 0.90483676
 0.90538308
 0.90722766
 0.90211091
 0.90787207
 0.91868674
 0.91836958
  0.9114155
 0.91381399
 0.90838971
 0.91482407
 0.91837102
  0.9135137
 0.91567737
 0.91513837
 0.92208585
  0.9189279
 0.91982266
 0.91354427
 0.91363759
 0.91617689
 0.91271342
 0.91570267
  0.9162843
 0.91313734
 0.92007101
 0.90649937
  0.9141027
 0.90933584
 0.91351214
 0.89951058
  0.9123911
 0.91481485
 0.91530481
 0.91217726
 0.91878485
 0.91453809
 0.91810726
 0.92266989
 0.92083382
 0.92041146
 0.91876694
 0.91059287
 0.90968446
 0.90501927
 0.91388052
 0.90512313
 0.91451309
 0.91654764
 0.91596943
 0.91773633
 0.92742815
 0.92453742
 0.92810654
 0.92265404
 0.92316243
 0.92911312
 0.92575309
 0.92565521
 0.93077555
 0.92871268
 0.92766084
  0.9287491
 0.92363735
 0.91852811
  0.9186374
 0.92148744
 0.91211594
 0.91116143
 0.91280316
 0.92133721
 0.91666235
 0.91111305
 0.91508865
 0.90509282
 0.90546431
 0.90737533
 0.90013929
 0.90726692
 0.91029471
 0.91064178
 0.91431804
 0.91345036
 0.91151019
 0.91455366
 0.91643617
 0.92091177
 0.91459368
 0.90502271
 0.90743539
 0.89520129
 0.89302721
 0.90060548
 0.90720057
 0.90841419
 0.90701466
 0.91433303
 0.91135301
 0.91857674
 0.91088778
 0.90313389
 0.90784691
 0.91396109
  0.9179048
 0.91454632
 0.91228097
 0.90690463
 0.89505545
 0.89334542
 0.89615167
 0.89549008
 0.90056435
 0.89775246
 0.89977164
 0.90114609
 0.90429655
 0.90776194
 0.91001667
 0.90564754
 0.89814841
 0.89222149
 0.89459841
 0.89822577
 0.89512064
 0.88932244
 0.88504733
 0.89659442
  0.8970398
 0.89707929
 0.88976903
 0.88230757
 0.89663149
  0.8832227
 0.88630973
 0.88728452
 0.89914688
 0.89787402
 0.90110501
 0.89641572
 0.89891432
 0.89089583
  0.8866528
 0.88641142
 0.88937368
 0.89014024
  0.8976543
 0.89744717
 0.90718168
 0.89986948
 0.89816878
 0.88834066
  0.8870275
 0.89054892
 0.88657154
 0.88088299
  0.8803541
 0.87843928
 0.87925854
 0.87471719
 0.87533189
 0.87447487
 0.87816275
 0.87794902
 0.88754993
 0.88512041
 0.88694351
 0.89128856
 0.88203056
 0.87687264
 0.88121357
   0.884169
 0.88043478
 0.87689689
 0.87462327
   0.876934
  0.8747864
  0.8638981
 0.86761669
  0.8673939
 0.86138009
 0.87239752
 0.87958999
 0.87251655
 0.87713264
 0.87640934
 0.87765408
 0.87049131
 0.87095046
 0.86757003
 0.87346576
 0.87823596
 0.87105599
 0.87981381
 0.87505756
  0.8791276
 0.87944512
 0.87969614
 0.88368674
 0.87159507
 0.86965878
 0.86324196
 0.86753173
 0.87164267
 0.87098663
 0.87046059
 0.87287766
 0.86409879
 0.86754509
  0.8665407
 0.86710687
 0.86936452
 0.87822933
 0.87741122
 0.88689356
 0.88786985
 0.89259255
 0.88575546
 0.89172128
 0.88884012
 0.88352481
 0.89015783
 0.88042009
  0.8949788
 0.89373025
 0.88276663
 0.87384734
 0.88328401
 0.88495205
 0.88385947
 0.88063541
 0.88148588
 0.87411432
 0.86846555
 0.86985044
 0.87534827
 0.87404778
  0.8744376
 0.87010757
 0.86962682
 0.88119498
 0.88230963
 0.89026773
 0.88629281
  0.8929794
  0.8891279
 0.89348993
 0.88549275
  0.8855747
 0.88833926
 0.88070763
 0.88589193
 0.88211614
 0.88738526
  0.8871016
 0.88385973
 0.88617516
 0.88603753
 0.88309054
 0.88127142
 0.88501614
 0.88186815
 0.87785292
 0.88054924
  0.8817347
 0.87830189
 0.87422292
 0.87012588
 0.87508031
 0.88030721
 0.88464691
 0.88186759
 0.87595975
 0.87136749
 0.87019411
 0.86247979
 0.85945787
 0.84881442
 0.85364855
 0.84839731
 0.85051215
  0.8459554
 0.84902405
  0.8540409
  0.8529222
 0.85030551
 0.84885254
  0.8413795
 0.83533735
 0.84411227
 0.83806074
 0.83410303
 0.82148604
 0.82653679
 0.81396377
 0.81412076
 0.80883627
 0.80982154
 0.79118483
 0.79364688
 0.78980318
 0.78407207
 0.78657215
 0.78760971
  0.7979555
 0.80027856
 0.79040495
 0.79211362
 0.78545673
 0.78277974
 0.77513284
 0.77371504
 0.78478627
 0.77665107
 0.77832313
 0.78072006
 0.78967088
 0.79063254
 0.79238092
 0.78507332
 0.78905706
  0.7858488
 0.78645016
 0.77929207
 0.79027992
 0.78853816
 0.79298087
 0.79316566
 0.78993306
 0.78858663
 0.78663466
 0.78563725
 0.77527729
 0.77525956
 0.77816173
 0.77343525
 0.77228208
  0.7722219
  0.7770085
  0.7761556
  0.7787185
 0.78388646
 0.78535146
 0.77968869
 0.78777232
  0.7843037
 0.78471346
 0.78552334
 0.78249373
 0.79061006
   0.785815
 0.78309495
 0.77086276
 0.77410273
 0.77994861
 0.77933386
 0.78107738
  0.7790461
 0.78688299
 0.79005383
 0.78577605
 0.78968289
 0.80054467
 0.79510823
 0.79579372
 0.80000378
 0.80131251
 0.80605305
 0.80487649
 0.80564977
 0.81174645
 0.81071658
 0.80935219
 0.81277226
 0.81305081
 0.81526099
 0.81431767
 0.81978697
  0.8229355
 0.81511142
 0.80312922
 0.80476169
  0.8096857
 0.80553205
 0.81183056
 0.80818548
  0.8090893
 0.80601752
 0.81329014
 0.80824265
 0.79731795
 0.79708465
 0.79323098
 0.79559845
 0.78937057
 0.78781013
 0.77854756
 0.75685461
 0.77148303
 0.76725626
 0.78459572
 0.79024287
 0.78291528
 0.78078483
 0.76718236
 0.76531734
 0.76299402
 0.77122664
 0.78393274
 0.78670052
 0.79285313
 0.79929258
 0.79797374
 0.79535308
 0.79722304
 0.80170643
 0.80600528
 0.80112035
 0.80650454
 0.78019124
 0.78496567
 0.78972872
 0.78790542
 0.79782206
  0.7975883
 0.79055262
 0.79517672
 0.79612314
 0.79740043
 0.79807064
 0.79796053
 0.80397138
 0.79914659
 0.80297199
 0.80557031
 0.81283312
 0.81501314
 0.81452679
 0.81239533
 0.81550926
 0.80726161
 0.81089381
 0.80601317
 0.80986332
 0.80780448
 0.80615225
 0.81463341
 0.81667715
 0.81101759
 0.82281876
 0.81650305
 0.82438892
 0.81888316
 0.81268717
 0.81968614
 0.81640407
 0.81371485
 0.81090676
 0.81281198
 0.80706447
 0.80114097
 0.80004173
 0.79676019
 0.80175969
 0.79561003
 0.79731043
 0.80187059
 0.80668526
 0.80541335
 0.80152059
 0.79688667
 0.79755877
 0.79216403
 0.79023012
 0.79840313
 0.79676999
 0.79937938
 0.80193475
 0.79838467
 0.80320572
 0.80495419
 0.80601541
 0.80332581
 0.81116766
 0.81244378
 0.81068004
 0.81956069
 0.82524722
 0.83197127
  0.8345444
 0.82933033
 0.83095729
 0.82714777
 0.83601374
 0.83329763
 0.83546102
 0.83771187
 0.83312986
 0.83646377
 0.83415492
 0.82576991
 0.83282075
 0.83367483
 0.83641224
  0.8377416
 0.83954921
 0.83944284
  0.8383247
 0.83593833
 0.83292102
 0.83259501
 0.83462574
 0.83619811
 0.82939628
 0.83660131
 0.83477894
   0.824784
 0.82847995
 0.82857141
 0.82324549
 0.82366215
 0.82025441
 0.82385905
 0.83158592
 0.83431249
 0.83104515
 0.83883289
 0.83472125
 0.83249934
 0.83353339
 0.83468012
 0.83426052
 0.83589493
 0.83021508
 0.83639779
  0.8320259
 0.83634752
 0.84101707
 0.83775467
 0.83864695
 0.83614326
  0.8352244
 0.83246815
 0.83942519
   0.842472
 0.84289222
 0.84170258
 0.84273873
 0.83939313
 0.84137817
 0.83609369
 0.83370895
 0.83526662
 0.83338503
 0.83424219
 0.83349107
 0.83247426
 0.83250409
 0.83138992
 0.83139394
 0.82923182
 0.83280177
 0.83143272
 0.83317563
 0.83194825
 0.83397332
 0.82896581
 0.82822767
 0.82701725
  0.8233297
 0.82679622
 0.82719641
 0.83050529
  0.8327475
 0.83336743
 0.83690735
 0.83621055
   0.833107
 0.83180831
 0.83244404
 0.83719195
 0.83774457
 0.83589492
 0.84104435
 0.83911719
 0.84404445
 0.84113103
 0.84574335
 0.84055794
 0.83590803
 0.83442025
 0.83783104
 0.83400075
 0.83531033
 0.83765928
 0.83699165
 0.84180768
 0.84166387
 0.84677954
 0.84157819
  0.8347292
 0.83241189
 0.83698669
 0.83550845
 0.83076148
 0.83622675
 0.83399987
 0.84004809
  0.8322903
 0.84232394
 0.83825434
 0.83968914
 0.83262664
 0.81960092
  0.8156841
 0.82183785
 0.83052749
  0.8289462
 0.83618365
 0.82995455
 0.82785744
 0.82337353
 0.84230915
 0.84929809
 0.85916468
 0.86013732
 0.85342059
  0.8493913
 0.84541828
 0.84806893
 0.83892367
 0.83648871
  0.8494606
 0.85867975
 0.87023053
 0.86448396
 0.86402371
 0.85587612
 0.85085613
 0.84226364
  0.8465599
 0.83396881
 0.85654701
 0.84694622
 0.85846774
 0.85723045
 0.84702222
 0.84530318
 0.83922367
 0.82739043
 0.81832101
 0.80506905
 0.82266655
  0.8253022
 0.83404415
 0.84161865
  0.8382438
 0.84533569
 0.84967595
  0.8462255
 0.83922771
 0.84016165
 0.84951221
 0.84219489
 0.84436596
 0.84401178
 0.84027031
 0.83896967
 0.83488112
  0.8470926
 0.84321888
 0.83943343
 0.84325553
  0.8423582
  0.8438802
 0.84717354
 0.85005053
 0.84757591
 0.84248569
 0.83953581
 0.83936331
 0.85312307
 0.85098896
 0.86406926
 0.86908294
 0.87644801
   0.879502
 0.88446663
 0.87543572
 0.87495551
 0.88126802
 0.87758177
 0.87662622
 0.87252564
 0.87876004
  0.8879401
 0.88306889
 0.88834688
 0.89566943
 0.89898456
 0.89788771
 0.89306382
 0.88310301
 0.88765927
 0.89517155
 0.88593667
 0.87559362
 0.87982151
 0.89168521
 0.88449709
 0.88797302
 0.88248262
  0.8891557
 0.88688144
 0.88198529
 0.88386508
 0.88446754
 0.89069109
 0.89492211
 0.89178509
 0.89008478
 0.88241818
 0.88229016
 0.86963126
 0.86810414
  0.8651267
 0.85497598
 0.85753831
 0.86184618
 0.85558509
 0.85199551
 0.84585673
 0.83465094
 0.84287198
 0.84756514
 0.84890501
 0.84694046
  0.8515413
  0.8378984
 0.82988723
 0.84490194
 0.83671326
 0.84120524
 0.84954923
  0.8453596
 0.86203924
 0.87075412
 0.86458317
 0.87385466
 0.87227409
 0.87383348
 0.87023685
 0.87755048
 0.87330069
 0.87213697
 0.87570501
 0.88001833
 0.88949987
 0.89204875
 0.88888359
 0.88261794
 0.87985069
 0.87109075
 0.86481216
 0.86846793
 0.85469422
 0.86231817
 0.85999704
 0.86497956
 0.86748181
  0.8710912
 0.86599964
 0.87374532
 0.86515118
 0.85709389
 0.86256616
 0.85129801
 0.85574725
 0.85465663
 0.85330304
  0.8517545
 0.83958321
 0.83968539
 0.84864473
 0.84449768
 0.85275938
 0.85285109
 0.86322046
 0.85522035
 0.85006636
 0.85709454
 0.84400287
 0.84402201
 0.85221117
 0.83770678
 0.83799018
 0.83732136
 0.83485285
 0.84169613
 0.84713643
 0.85213186
 0.86217649
 0.86458066
 0.86092979
 0.86202832
 0.86069247
 0.86545948
 0.86817839
 0.85485578
 0.86945015
 0.87503524
 0.86723494
 0.86438934
 0.86759558
  0.8666678
 0.85725515
 0.85523759
 0.84750181
 0.84521101
  0.8551001
 0.86011476
  0.8633653
 0.85056006
 0.87132251
 0.88267251
 0.89478033
 0.89901007
 0.89320376
 0.89196201
 0.89676281
 0.89057862
 0.88745638
 0.89175522
 0.89285531
 0.89057103
 0.89173571
 0.88656942
 0.87431816
 0.88932855
 0.89489059
 0.90371845
 0.89555513
 0.89351419
 0.89330258
 0.89536356
 0.90028378
 0.90591103
 0.91253315
 0.91180047
 0.91441395
 0.91395926
 0.90917329
 0.90886522
 0.90911138
 0.90620267
 0.91257054
 0.91339222
 0.91207463
 0.90745563
 0.91011266
 0.91266988
 0.91299331
 0.91691973
 0.91575603
  0.9134513
 0.91034441
 0.91087173
 0.91275419
 0.91183713
 0.90358103
 0.90800546
 0.91032885
 0.90888624
  0.9078859
 0.90256501
 0.90619354
 0.90947127
 0.91923715
 0.92078184
  0.9180099
 0.92429421
 0.92572602
 0.91717777
  0.9120677
 0.90748313
 0.90845715
 0.91790794
 0.92306978
 0.92661662
 0.92982661
 0.91970442
 0.91455733
 0.90822413
 0.90181221
 0.90345825
 0.88909001
 0.90104088
 0.90931525
  0.9149548
 0.92175609
 0.92288118
 0.92668755
 0.92589784
 0.91996926
 0.92138416
 0.92036697
 0.92150295
  0.9166409
 0.91058025
 0.91224326
  0.9050258
 0.90703453
 0.90502124
 0.90146366
 0.90344852
 0.91270742
 0.92269638
 0.92179788
 0.92295845
 0.92987088
 0.93339252
 0.93423971
 0.93618625
 0.93082633
 0.93459206
  0.9352111
 0.92847197
 0.92155208
 0.92645774
 0.93561115
 0.93556518
  0.9291688
 0.92805436
 0.92826605
 0.93862423
 0.94538496
 0.94464523
 0.94672923
  0.9514025
 0.94777304
 0.95247763
 0.95478734
 0.95745243
 0.95777032
 0.95862016
 0.95816889
 0.95904415
 0.95751384
 0.95775512
 0.95833873
 0.95092892
 0.95006628
 0.95344041
  0.9502398
 0.95454032
 0.94894758
 0.95431534
 0.95338009
 0.96117374
 0.96005802
 0.95964407
 0.95485784
 0.95751678
 0.95737685
 0.95968262
 0.96082043
 0.95855498
 0.95181232
    0.94815
 0.92971345
 0.93674528
 0.93453393
 0.93604716
 0.93163628
 0.93573424
 0.93614331
 0.94127372
 0.94980081
 0.94859924
 0.93981301
 0.93386734
 0.93659454
 0.93667609
 0.93779379
 0.92656587
 0.92304726
 0.91527331
 0.90859356
 0.91579264
 0.91848195
 0.93259835
 0.93724918
 0.94223169
 0.93575508
 0.93348887
 0.95395077
  0.9584843
 0.95351014
 0.95319628
 0.95636409
 0.95986129
 0.95383988
 0.95375681
 0.95599446
 0.95686356
 0.95220664
 0.94590737
 0.95047656
 0.95714827
 0.96368338
 0.95665172
 0.96033378
 0.96255062
 0.95310019
  0.9588428
 0.95920143
 0.96366517
 0.96480493
  0.9654952
 0.96859491
 0.97087114
 0.96608722
 0.94938004
 0.95174345
 0.95081255
 0.94589913
 0.94191101
 0.94398962
 0.94076448
 0.93384537
 0.93501285
 0.92749337
 0.93656682
 0.94534621
 0.94122534
 0.95246522
 0.95669028
  0.9566938
 0.95586256
 0.94979916
 0.96092903
 0.96172222
 0.95491513
 0.95101982
  0.9448505
 0.93031576
 0.94108184
 0.95335061
 0.95425282
 0.94939839
 0.95127165
 0.95125889
  0.9566755
 0.95475409
 0.94491728
 0.94286179
 0.94627087
 0.95182765
  0.9568681
 0.96114422
 0.96520602
 0.96210445
 0.96569199
 0.96340429
 0.96451189
 0.96188387
 0.96062239
 0.95684981
 0.95741074
 0.95745298
 0.95932637
 0.96523563
 0.96084659
 0.95590086
 0.94939127
 0.93167945
 0.92464204
 0.92860672
    0.92373
 0.93154473
 0.93612464
 0.93212443
 0.94704379
 0.94168729
 0.93494424
 0.92614246
 0.91282547
 0.91794412
 0.92208011
 0.91399481
 0.91957079
 0.93552671
 0.93831494
   0.938438
 0.93713496
 0.93581063
 0.93185712
 0.93054141
 0.92788071
 0.92996605
 0.93411163
 0.93384129
 0.94122997
 0.93812091
 0.93737818
 0.93688416
 0.93520393
 0.93172994
 0.92973455
 0.92954959
 0.93019865
 0.92817802
  0.9245086
 0.93139196
 0.92593037
 0.92582701
 0.92511803
 0.92577122
 0.92899477
 0.92499682
  0.9194014
 0.91478803
 0.91389689
 0.90772296
 0.91674326
 0.92220313
 0.92714723
  0.9261621
 0.92343172
 0.92280016
   0.920668
 0.92391112
 0.91709739
 0.91623098
  0.9099769
 0.91602667
 0.91199222
 0.91646062
 0.90678119
  0.9084084
 0.91663438
  0.9099276
 0.90798273
 0.90395396
 0.90215868
 0.90426376
 0.90316621
 0.90395574
 0.88805843
 0.89166455
 0.88834988
 0.88156887
 0.87562718
 0.87166576
 0.87687698
  0.8754034
 0.87911813
 0.88603523
 0.88917407
 0.89251461
 0.89366753
 0.89833247
 0.90425624
 0.90213031
 0.89362738
 0.89608613
 0.89536935
 0.88626121
 0.88824399
 0.88942596
 0.89057774
 0.89050745
 0.89260662
 0.88810979
 0.88943056
 0.89109537
 0.88885429
 0.89723888
 0.91067499
 0.90479104
 0.90693497
  0.9085055
 0.90474721
 0.91329644
 0.91910201
 0.91135559
 0.90434408
 0.90653947
 0.90750009
 0.90482968
 0.90096957
 0.90149703
 0.90173457
 0.89418112
 0.88666205
 0.89457163
 0.88956623
 0.88987608
 0.88996602
 0.89010332
 0.88673599
 0.88350443
 0.88339258
  0.8913684
 0.88068195
 0.87514358
 0.86837674
 0.87086889
  0.8621596
 0.85803542
 0.85292959
 0.85562054
 0.84869369
 0.86443968
 0.85967367
 0.85538281
 0.85806943
 0.87177618
 0.87542556
 0.88048247
  0.8884033
 0.88682154
 0.88700303
 0.87196755
 0.87676254
 0.88063909
 0.86880231
 0.86527935
 0.87726789
 0.86585779
 0.86261513
 0.85182593
 0.85767786
 0.84950394
 0.86297011
 0.85132155
 0.84996913
 0.84221792
 0.84404343
 0.84078895
 0.84605669
  0.8472787
 0.84337519
 0.84154848
 0.84327427
 0.83990452
 0.83982859
 0.83974783
 0.84726008
 0.84539766
 0.84742041
 0.84607964
 0.84375381
 0.83832251
 0.84032386
 0.84978871
 0.85073501
 0.85339741
 0.84903313
 0.84025178
 0.84157976
 0.83639304
  0.8352265
 0.82884028
 0.83370038
 0.83375436
 0.82931191
 0.82623055
 0.83416298
 0.83032499
 0.83359035
 0.84289313
 0.83765956
 0.83973777
 0.83965538
 0.82857177
 0.83141604
 0.83072064
 0.83512335
 0.83915079
 0.83128536
 0.83421166
 0.83503261
 0.83599632
 0.83429131
 0.83043687
 0.83193348
 0.83446169
 0.83442915
 0.83936474
  0.8401044
 0.84564423
 0.84226764
 0.84239371
 0.84172234
 0.82765088
  0.8348253
 0.84049051
 0.83116432
 0.83113787
 0.83345104
 0.83624435
 0.83316076
 0.83378873
 0.83992663
 0.83972289
 0.84494512
 0.84794216
  0.8463633
 0.84970798
 0.84756539
 0.84356397
 0.84017881
 0.83796125
 0.83678032
  0.8356959
   0.841697
  0.8381306
 0.83698022
 0.83129467
 0.82936714
 0.81705326
 0.81736429
 0.81341043
 0.81955382
 0.81970814
 0.83790098
 0.83666935
 0.82893118
 0.82290311
 0.82788373
 0.82460158
 0.83031034
 0.84103818
 0.84420137
  0.8467003
 0.85853058
 0.86025378
 0.85656701
 0.86533395
 0.85879186
  0.8716558
  0.8793137
 0.88611933
 0.88471703
 0.88340058
 0.88824773
 0.89316128
 0.89645792
 0.88882382
 0.89884435
 0.89866583
 0.90563815
 0.90260586
 0.90871109
 0.91251877
 0.91412531
 0.91277489
 0.91501137
   0.906678
 0.91304989
 0.91506623
 0.91485657
 0.91391044
 0.91540432
 0.92108813
 0.91565448
 0.92093892
 0.91525291
 0.91603462
  0.9121045
 0.91165473
 0.91475401
  0.9072527
 0.90850291
 0.90389144
 0.89306592
 0.88189597
 0.87383024
 0.88731522
 0.89426224
 0.90637683
 0.90293348
 0.90545965
 0.90523237
 0.90826609
 0.90852548
 0.90695595
 0.90635582
 0.91061499
 0.91472469
 0.91469612
 0.91410467
 0.92233478
 0.92318232
 0.92309138
 0.93160225
 0.93133327
 0.92498196
 0.92955426
 0.92888923
  0.9278818
 0.92687526
 0.92856908
 0.92733043
 0.93244762
 0.92961721
 0.92928126
   0.932003
 0.94144337
 0.94405787
 0.94288516
 0.94519363
  0.9379642
 0.93195927
 0.92824253
 0.92520776
 0.93000651
 0.92506268
 0.92025276
 0.91629905
 0.91265717
 0.91809201
 0.92029429
 0.90143816
 0.90185785
 0.90893826
 0.92357103
 0.91440383
 0.91944564
 0.92124834
 0.92422696
  0.9287255
 0.92852113
 0.93031791
 0.92933087
 0.92258749
 0.92211821
 0.91616571
 0.91851265
 0.91605614
 0.92005145
  0.9105016
 0.90940421
 0.91373749
 0.90589356
 0.89968355
 0.89227318
  0.8814171
 0.86934698
  0.8655435
 0.86907282
 0.88012405
 0.87973037
 0.88326391
 0.88009182
 0.88769523
  0.8928134
 0.89332123
 0.89347717
 0.89217484
 0.88483618
 0.88853956
 0.89280703
  0.8905992
 0.89114043
 0.89318788
 0.88982967
 0.89384572
  0.8908047
 0.88953905
  0.8846959
 0.88402462
 0.88169055
 0.88412862
 0.87666273
 0.87510126
 0.87804895
 0.87777469
 0.87875163
 0.87909357
 0.88571364
 0.87933761
 0.88092252
  0.8788902
 0.88046689
 0.88894739
  0.8899808
 0.89771992
 0.89937338
 0.90065071
 0.89675481
  0.8948743
 0.89301417
 0.89199705
 0.88774437
 0.89120388
 0.89029878
 0.89252714
 0.89717516
  0.8966177
 0.89606244
 0.89492206
 0.89208979
 0.88597322
 0.88664411
 0.88116205
 0.86792508
 0.86447423
 0.85684848
 0.86969528
 0.87143061
 0.87451084
 0.88534614
 0.88616696
 0.88438437
 0.88088185
 0.87515718
 0.86735952
 0.86254069
 0.87195875
 0.86272051
 0.86829188
 0.87167011
 0.87716389
 0.88261466
 0.88265654
 0.88803635
 0.88606889
 0.87905073
 0.88082161
  0.8779046
 0.87571831
 0.87833229
 0.88287428
 0.88398135
 0.88898042
  0.8821718
 0.88282506
  0.8846385
 0.87965896
 0.88422709
 0.88238225
 0.88578161
 0.87982321
 0.88605157
  0.8878098
  0.8817622
 0.88097229
 0.88546402
 0.88799214
 0.88840144
 0.88551134
 0.88646164
 0.89226748
 0.88426962
  0.8891599
 0.89387727
 0.88747657
 0.88646661
 0.89455492
 0.89549397
 0.89279859
 0.89820188
 0.89573002
 0.89751898
 0.89084753
 0.89365485
 0.89534603
  0.8987657
 0.90042228
 0.90643174
  0.9033276
 0.89842063
  0.9016712
 0.89999307
 0.90046213
 0.89916473
 0.89760746
 0.89549777
 0.88692625
 0.88662657
 0.87787066
 0.87359574
 0.87071884
 0.88304528
 0.88646569
 0.88440662
 0.88915158
 0.88166012
 0.88719401
 0.88744545
 0.88370739
 0.87627733
  0.8798534
 0.87766913
 0.87276179
 0.87615645
 0.86787659
 0.87896454
 0.87928902
 0.88456785
  0.8803507
 0.88024573
 0.87240637
 0.87114703
 0.87300311
   0.865545
 0.86440069
 0.86290697
 0.86078414
 0.86795453
 0.86809081
 0.86823772
 0.86749701
 0.86005299
 0.86224687
 0.86240122
 0.85463284
 0.84578639
  0.8414301
 0.83423691
 0.83496408
 0.83721775
  0.8377803
  0.8455332
 0.84430029
 0.83342658
 0.82546597
  0.8368647
 0.83807252
 0.84208964
 0.83739821
 0.84152888
 0.84193627
  0.8387861
 0.84143916
 0.84746854
 0.85612608
 0.85402335
 0.85379552
 0.84804209
 0.85341053
 0.85362009
  0.8561292
 0.85585542
 0.85093096
 0.84170912
 0.83626804
 0.83717091
 0.84507447
 0.84027357
 0.85199084
 0.84524851
  0.8407491
 0.84827796
 0.84266261
 0.83097106
 0.83094923
 0.82439184
 0.82669508
 0.82525379
 0.82990709
 0.83546148
 0.83144636
 0.83523212
 0.82420488
 0.82695175
 0.82839686
 0.82843623
 0.82710869
  0.8280204
 0.82572243
 0.82471542
 0.82067387
 0.82085428
 0.82036315
  0.8248651
 0.81956024
 0.81918294
 0.81780846
 0.81923377
  0.8146881
 0.81401673
 0.81757549
 0.81931123
 0.82418531
 0.82490279
 0.83420292
 0.83386303
  0.8306817
 0.83368709
 0.84423612
 0.84401978
  0.8526826
 0.85528293
  0.8561886
 0.86090766
  0.8660553
  0.8678791
 0.86500196
 0.86458615
 0.86826679
 0.86948565
  0.8588815
 0.85614497
  0.8592953
 0.86907151
 0.86703408
 0.86133239
 0.86591166
 0.87070685
 0.87154708
 0.87070043
  0.8745112
 0.87766642
 0.88099307
 0.88118391
 0.88433264
 0.88626417
 0.88959569
 0.89878077
 0.89042444
 0.88958235
  0.8962456
 0.89945088
 0.90576342
 0.90135559
 0.90112993
 0.90183277
 0.90273526
 0.90086881
 0.90122099
  0.9010089
 0.90207783
 0.90073649
 0.89620434
 0.89772505
  0.8930929
 0.87704737
 0.88158309
 0.88055598
 0.88157958
 0.87866467
 0.88028709
 0.88293276
  0.8886641
 0.88700488
 0.89411811
 0.89473806
 0.90994249
 0.91647245
 0.91566379
 0.91267463
 0.91730612
 0.90800793
 0.90209421
 0.90033321
 0.89797282
 0.89608685
 0.90363624
 0.90245663
 0.90111005
 0.89869719
 0.89736175
 0.89318707
  0.8983762
 0.89585573
 0.89464115
  0.8990694
 0.90380282
 0.90110643
 0.89687944
 0.89691093
 0.89839844
 0.89413892
 0.88862074
 0.89350854
 0.89858711
 0.89233052
 0.89836043
  0.9009934
 0.89717886
 0.90203073
 0.90677656
 0.91321006
 0.91013463
 0.90784646
 0.90756247
 0.91153086
 0.90023098
 0.90543669
 0.90578906
 0.90472029
  0.9041934
 0.90493987
 0.90014479
  0.9014243
 0.90555742
 0.90860922
 0.90515485
 0.90653719
 0.89901353
 0.89871325
 0.89494766
 0.88691357
 0.88395447
 0.88054829
  0.8829513
  0.8777517
 0.88414029
 0.87956733
 0.88526544
 0.88377695
 0.88208254
 0.88759066
 0.89151906
 0.87767934
 0.86873235
 0.87619527
 0.88632885
 0.88541437
 0.89363099
 0.90249349
 0.90839958
 0.91390803
 0.91492804
 0.91999146
 0.91618928
 0.91495218
 0.91403183
 0.91292384
 0.91641414
  0.9165346
 0.91775048
 0.91508502
 0.91564516
 0.91477701
 0.91796796
 0.91406591
 0.91612078
 0.91431217
 0.91260058
 0.91071264
 0.91171486
 0.91096583
 0.90826549
 0.91121267
 0.90770116
  0.9063122
 0.90681986
  0.9096583
 0.91190697
 0.90878489
 0.90988324
 0.91278306
 0.91470463
 0.91162638
 0.91255735
 0.91583159
  0.9168675
 0.91164759
 0.90171637
 0.90940406
 0.91922309
 0.92448278
  0.9273944
  0.9286041
 0.93366846
 0.93425808
 0.93436157
 0.93133047
 0.93415322
 0.92900511
 0.92741087
 0.92458116
 0.92680282
 0.92445959
 0.92437749
 0.92609782
 0.93109358
 0.93155749
 0.92687999
  0.9280636
 0.92267331
 0.92863585
 0.93035671
 0.92730388
 0.92737796
 0.92334072
 0.93210415
 0.92680685
 0.92742108
 0.93493286
 0.92314176
 0.92478648
  0.9233513
 0.93439574
 0.93378177
 0.93519224
 0.93916782
 0.93186093
  0.9289763
 0.92571051
 0.92684826
 0.92711659
 0.92313376
 0.93063507
 0.92567977
 0.92701963
 0.91484242
 0.91584016
 0.91077046
  0.9176668
 0.91422874
 0.92101494
 0.92298364
 0.92793436
  0.9290722
 0.93340719
 0.93286796
 0.93249451
 0.92606593
 0.92611888
 0.93043547
 0.92814626
 0.93204601
 0.93047493
 0.93304608
 0.92987186
 0.92548677
 0.92367176
 0.92145896
  0.9167533
 0.92019212
 0.91491508
 0.91957056
 0.92633598
 0.93049192
 0.92098526
 0.91663215
 0.91392918
 0.91644196
   0.912872
 0.91708181
 0.91608198
 0.92074321
 0.91031159
   0.900834
 0.90070819
 0.90146749
 0.89493946
 0.90415509
 0.90682672
  0.9050299
 0.90631991
 0.90724719
 0.90660335
 0.90775963
   0.905826
 0.90646252
 0.90882759
 0.90239949
 0.90029902
 0.89735899
 0.89938322
 0.89821361
 0.90008936
 0.90706883
 0.91377882
 0.90635106
 0.91074845
 0.91451296
 0.90892663
 0.91239467
 0.92056306
 0.91906072
 0.92071861
 0.91348179
 0.92076268
 0.91885596
 0.92136725
  0.9158663
 0.91374773
 0.90787811
 0.91920908
 0.92262475
 0.92773254
 0.93190664
  0.9315573
 0.93899808
 0.93474329
 0.93597428
 0.92874583
 0.92082477
 0.92439241
 0.93212561
 0.91805147
 0.90883247
 0.92098176
 0.91250048
 0.90165483
 0.89874101
 0.88889695
 0.89315523
 0.89628863
 0.90036375
 0.91345891
 0.92483356
 0.92698164
 0.92428986
 0.91497064
 0.91412551
 0.91012044
  0.9004318
 0.91197314
 0.89808426
 0.89894724
 0.89526097
 0.89856919
 0.90411064
 0.90670043
  0.9130094
 0.91358787
 0.90729853
 0.90981157
 0.90599193
 0.89591883
 0.88495349
 0.87265293
 0.87414892
 0.87922688
 0.87105286
 0.86584085
 0.86863355
 0.86452862
  0.8615915
 0.86668761
  0.8608448
 0.86318047
 0.86109013
 0.86114033
 0.87569904
 0.87375809
 0.87184064
 0.86662788
 0.86094091
   0.866003
 0.87731914
 0.87573809
  0.8838884
 0.88083832
 0.88713386
 0.88328647
 0.87302968
 0.87617798
 0.88707642
 0.88380541
 0.89302545
   0.893097
 0.89381669
   0.897382
 0.89287738
 0.89078202
 0.89108664
 0.89396946
 0.89943678
 0.90670307
 0.91209757
 0.90974571
 0.90075335
 0.90881507
 0.91061665
 0.90322376
 0.90561964
 0.90897235
 0.90812709
 0.90385606
 0.90843231
 0.91309083
 0.90959944
  0.9182677
 0.92087176
 0.91170074
 0.90703334
 0.91268986
 0.91872404
 0.92185628
 0.92033873
 0.92413337
 0.92291591
 0.91655994
 0.90811775
 0.91220694
  0.8907901
 0.89385821
 0.89115316
 0.89104645
 0.89569671
 0.89581767
 0.90753362
 0.90282137
 0.90143846
 0.91298845
 0.91193338
 0.91416194
 0.92172967
 0.92357737
 0.91827691
 0.92879326
 0.92315356
  0.9165804
 0.91033926
 0.90674072
 0.90235786
 0.89226852
 0.89861707
 0.90090055
 0.90210357
 0.90762364
  0.9152548
 0.92776229
 0.92408937
 0.93274836
 0.93037513
 0.92831029
 0.93027331
 0.93311139
 0.93308767
 0.93023301
 0.92168013
 0.90741587
 0.89163382
 0.88468824
  0.8796892
 0.90186102
 0.90147106
 0.89828976
 0.91204939
 0.92144621
 0.93047164
   0.926021
 0.93096783
 0.93450166
 0.93482474
 0.93467031
  0.9341455
 0.92658948
 0.92857619
 0.93200199
 0.93075462
 0.93539447
 0.93750035
 0.93967568
 0.94597424
 0.94842976
 0.94072884
 0.93397985
 0.93444301
 0.93085935
 0.93173662
 0.92835189
 0.93025378
 0.93062196
  0.9254933
 0.92843584
 0.92384566
 0.92606777
 0.91985402
    0.92241
 0.92768897
 0.92391259
 0.92655933
 0.92196738
 0.92586369
 0.92313037
 0.92618781
 0.93550432
 0.93574704
  0.9348481
 0.93274132
 0.92751267
 0.92462353
 0.93182416
 0.93258556
   0.934348
 0.92838499
 0.93118732
 0.93594047
 0.93671943
 0.93696844
  0.9289756
 0.92980658
 0.93212048
 0.93034155
 0.92802254
 0.92487892
 0.92682084
 0.92842652
 0.92566687
 0.92517044
 0.93107552
 0.93267269
 0.93327229
 0.93796377
 0.94154006
 0.93576988
 0.93447927
   0.938121
  0.9364487
 0.92855327
 0.92282184
   0.920174
 0.91500845
 0.91143838
 0.89616466
 0.89794092
  0.9172785
 0.93037717
 0.92878951
 0.92145114
 0.91782977
 0.92061924
 0.91347658
 0.90483179
 0.90590384
  0.9118728
 0.91295546
 0.92252601
 0.92847187
 0.91536394
  0.9181966
 0.91291649
 0.91292548
 0.92136375
 0.91901228
 0.92014206
 0.92597883
 0.92881292
 0.93390136
 0.93261236
 0.93916124
 0.94607534
 0.94792475
 0.94987677
 0.94528415
 0.94634128
 0.94985346
 0.94771939
 0.94189333
 0.93611909
 0.93971911
 0.93231037
 0.92369866
 0.92284846
 0.92402087
 0.92622192
 0.93025686
 0.93566011
 0.93199324
 0.93524962
 0.93550543
 0.93871517
  0.9436452
 0.94836589
 0.94893408
  0.9434308
 0.93594831
 0.92279448
 0.92405955
 0.93335469
 0.93292937
 0.93100738
  0.9357798
 0.93357679
 0.92798932
 0.92352333
 0.92548853
 0.91793539
 0.90720225
 0.91868123
 0.92064404
 0.92535481
 0.93214836
 0.93058013
 0.93162338
 0.93656543
 0.93733789
 0.94000684
  0.9326241
  0.9310976
 0.93721858
  0.9353371
 0.94370873
 0.94507424
 0.94855101
 0.94640188
 0.94501702
 0.94519271
 0.94832553
 0.94437079
 0.94646599
 0.94796619
 0.94740853
 0.94344144
  0.9414805
 0.94356518
 0.94242623
 0.94202263
 0.93221698
 0.92161124
 0.91889653
 0.91831701
 0.91886811
 0.92140127
 0.93159523
 0.93412881
 0.91915577
 0.91808305
 0.90902332
 0.91405184
 0.91571058
 0.91243558
  0.9209542
  0.9120747
 0.91554349
 0.93207939
 0.93049196
 0.92593132
 0.92627408
 0.92428872
 0.93205073
 0.93081047
 0.92751652
 0.91518071
 0.92236198
 0.92238891
 0.92141638
 0.92855108
 0.92660105
 0.92451534
 0.92565079
  0.9298152
 0.91978609
 0.92533184
 0.93200631
 0.92460626
 0.93138456
 0.94002451
 0.93967678
 0.94028304
 0.93274852
 0.93486109
 0.93043988
 0.92255899
 0.92010509
 0.91911155
 0.91695308
 0.91583635
 0.91349514
 0.91798613
  0.9207919
  0.9224584
 0.92460607
 0.92331598
 0.92788711
 0.92407784
 0.93229993
  0.9378252
 0.94099018
 0.94084642
   0.938318
  0.9386508
 0.94064611
 0.94014175
 0.93936867
 0.93949628
 0.93594834
 0.92723779
 0.92298513
 0.92670332
 0.92287729
 0.92667894
 0.92768336
 0.93119732
 0.92298644
 0.92153868
 0.91785814
 0.91604965
 0.92019858
 0.92650098
 0.93304071
 0.92697646
 0.93028223
  0.9282903
 0.92887792
 0.93349266
 0.93090328
  0.9297027
  0.9275425
 0.92567962
 0.92083291
 0.91890392
 0.92067843
 0.92585624
  0.9264092
 0.92496363
 0.92628441
 0.92401226
 0.92000763
  0.9210515
  0.9155569
 0.91447677
 0.92141831
 0.93228805
 0.92654469
 0.91982909
 0.92053044
 0.91921492
 0.91741871
 0.90668779
 0.91498949
 0.92133158
 0.91295007
 0.90580262
 0.90207284
 0.90281851
 0.90143406
 0.89602121
 0.89415629
 0.89366897
 0.88621164
 0.88922742
 0.89859888
 0.89877656
 0.89913287
  0.9001885
 0.90483774
 0.90449367
 0.90901281
   0.903617
 0.90551799
 0.90945939
 0.90788826
 0.91001663
 0.92053309
 0.92142327
 0.91630749
  0.9172394
 0.91517467
 0.92005983
 0.92063639
 0.92013046
 0.91461236
 0.91009774
 0.91310209
  0.9162738
 0.91380153
 0.91694378
 0.91649877
 0.91629338
 0.92316836
 0.91613475
 0.91942335
 0.92079033
 0.91695582
 0.92066845
 0.91956537
 0.91256441
 0.91105664
 0.91919966
 0.92040131
 0.91603093
 0.92009608
 0.91534111
 0.91510504
 0.91171129
 0.90647998
 0.90736767
 0.90600063
 0.90484358
 0.89991342
 0.90990342
 0.91491133
 0.92015061
 0.92320198
 0.91815715
 0.92383147
 0.92069554
 0.91795357
 0.92417464
 0.92332153
  0.9251904
 0.92346673
 0.91929443
 0.91887769
 0.92159957
  0.9226135
 0.92018539
 0.91872051
  0.9185784
 0.91892552
 0.92141666
 0.91537541
 0.91552165
 0.91541997
 0.91191054
 0.91086958
  0.9111384
 0.90080603
 0.90445062
 0.89805242
 0.90151196
 0.89659588
 0.89300928
 0.89283772
 0.89599279
 0.89637744
 0.88917134
 0.89124718
 0.89742065
 0.89219882
 0.89195646
 0.89168508
 0.88426221
 0.87295191
 0.88068835
 0.88710119
 0.88124179
 0.87818118
 0.86897264
 0.86483504
 0.87086893
 0.86922896
 0.85795138
 0.87244611
 0.88233647
 0.88167361
 0.88529118
 0.88847683
 0.88849685
 0.89236169
 0.89149245
 0.88971142
 0.88231613
 0.88441802
 0.87982662
 0.88049517
 0.88442031
 0.88136681
 0.88475028
 0.87705167
 0.87480772
 0.87041096
 0.87386529
 0.87526944
 0.87835342
 0.86886265
 0.87238841
 0.88183782
  0.8819764
 0.88482059
 0.88482441
 0.88749598
 0.89235448
 0.88698344
 0.88678723
 0.88557689
 0.88715928
 0.88797008
 0.88518831
 0.88944757
 0.88394864
 0.88327857
 0.88678186
 0.89155784
 0.89491382
 0.89576851
  0.9000931
 0.90062177
 0.90660418
 0.90134282
 0.90015287
 0.90536427
 0.90534147
  0.9077508
 0.90600198
  0.9035837
 0.89869029
 0.89638842
 0.90120569
 0.89743683
 0.89806791
 0.89270842
 0.89002636
 0.90105156
 0.89975029
   0.898473
 0.89436358
 0.89821894
 0.89463621
 0.88965155
  0.8896272
 0.88332788
 0.87729027
 0.88498384
 0.87778716
 0.88886431
 0.88474342
  0.8865397
 0.88307688
 0.87641458
 0.86940086
 0.84916385
 0.84590611
 0.84918331
 0.86342475
 0.87767387
 0.87286241
  0.8820657
 0.88129437
 0.88221544
 0.87692845
 0.88437352
 0.87690879
  0.8676933
 0.87484339
 0.87536841
 0.87168693
 0.87839084
 0.88101094
 0.87620445
 0.87742194
 0.88418706
 0.88479237
 0.89366711
 0.89400745
  0.8939723
 0.89056823
 0.89043585
 0.89792612
 0.89929234
 0.90707975
 0.90240668
 0.89975974
 0.90256749
  0.9037645
 0.90678316
  0.9073035
 0.90668177
 0.90714045
  0.9034669
 0.90628639
   0.902927
 0.90484979
 0.90481997
 0.90274441
 0.89982056
 0.90316963
 0.89796235
 0.90142722
 0.89900057
 0.90120691
 0.90291485
 0.90505978
 0.90593658
 0.90737206
 0.90641035
 0.91146171
 0.90989276
 0.91298406
 0.90479437
 0.91119881
 0.91583892
 0.90712511
 0.90723468
 0.91222637
 0.90836823
  0.9068944
 0.90545373
 0.90013251
 0.89718227
 0.89081984
 0.88709703
 0.89116019
 0.88286445
 0.88272124
 0.88690456
 0.89553383
 0.88673322
 0.88500827
 0.88437964
  0.8967165
 0.89768317
 0.89662825
  0.8937764
 0.89930834
 0.89025408
 0.88482099
 0.88531286
 0.87808893
 0.87724781
 0.87535175
  0.8744355
 0.86606523
 0.87052004
 0.85968118
 0.86667315
 0.86383813
 0.85511253
  0.8510266
 0.85120413
 0.85553766
  0.8546181
 0.84407102
 0.84755775
 0.84778496
 0.85160108
 0.85089666
 0.84866254
 0.84857781
 0.84902704
  0.8579034
 0.86095126
 0.85577077
 0.85231276
 0.85475882
 0.85259958
 0.85609827
 0.86062341
 0.86523463
 0.87415068
 0.87384503
 0.87105107
 0.87329967
 0.87331668
 0.87401588
 0.87401461
 0.87411972
 0.87674518
 0.87055643
 0.86118508
 0.85828063
 0.86988083
 0.87794791
 0.88104831
  0.8751185
  0.8797597
 0.88306435
 0.88695552
 0.88887153
 0.88406269
 0.89116604
 0.88839099
 0.88658823
 0.87036459
 0.86983883
 0.86501113
 0.88168182
 0.87586565
 0.88021385
 0.88267811
 0.88373926
 0.88226887
 0.88462826
 0.88508693
 0.88295804
 0.87383275
 0.86654328
 0.86784601
 0.87208599
 0.86760427
 0.86687143
 0.85137343
 0.84553974
 0.84961272
 0.85825709
 0.85358234
 0.84211143
 0.84726231
 0.84037164
 0.84306125
 0.83731266
 0.83252364
 0.82863095
 0.82916688
 0.82940742
 0.83299861
 0.84026594
 0.84568597
 0.84247154
 0.83610611
 0.84128148
 0.84302103
 0.84522908
 0.85086799
 0.84458275
 0.83267847
 0.84035078
 0.83686334
 0.83978185
 0.83969452
 0.84478994
 0.84188653
 0.83973338
 0.83673014
 0.83308737
 0.83186146
   0.836541
 0.84050166
 0.83790134
 0.84449351
 0.83996529
 0.83402578
 0.83036159
 0.83682613
 0.83392243
 0.83227553
 0.82852661
  0.8321869
 0.82712088
 0.84311779
 0.84916096
 0.84450098
 0.84596135
 0.83902418
 0.83662904
  0.8462636
 0.85179909
 0.86448547
 0.86248624
 0.86655576
 0.86381834
 0.86423201
 0.86687678
 0.87050599
 0.87520549
 0.87326087
 0.87688957
 0.87525419
 0.86652281
 0.85952926
 0.85605141
 0.86002225
 0.86228059
 0.86222474
 0.86262369
 0.86047022
 0.86470227
 0.87462304
 0.88335589
 0.88736986
  0.8904967
 0.88902987
 0.88629971
  0.8831333
 0.88211619
  0.8789092
  0.8791039
 0.86827573
 0.86708008
  0.8733202
 0.87241737
 0.87630528
  0.8783376
 0.87571513
 0.87308107
 0.87094028
 0.87007629
 0.86842876
 0.87383895
 0.87605273
 0.87004074
 0.86604929
 0.86855438
 0.86230196
 0.86056669
  0.8592559
 0.86419606
 0.85785506
 0.85974633
 0.86459073
 0.86812541
 0.86450033
 0.86887549
 0.87210976
 0.87378551
 0.87226014
 0.87252901
 0.86715944
 0.86379724
  0.8697505
 0.86377717
 0.86178289
 0.85884857
 0.86071407
 0.85993375
 0.86451712
 0.86339416
 0.87782587
 0.87932394
 0.88617172
 0.88647382
 0.88351801
 0.88585291
 0.87913525
 0.88239233
 0.88563327
 0.88785801
 0.88648427
 0.87995839
 0.88041361
 0.88321425
 0.88786956
 0.89339417
 0.89785628
 0.89582287
 0.89753241
 0.89911564
 0.89825597
 0.89542991
  0.8884845
 0.89015379
 0.88893043
 0.89743248
 0.89810761
 0.90030997
 0.89945179
 0.89707633
 0.89839038
  0.9010068
 0.89892375
 0.89728112
 0.89179213
 0.89575019
 0.90081011
 0.90614324
 0.90687887
 0.89991018
  0.9037951
 0.90427535
 0.89963149
 0.90013687
 0.90052876
 0.88748571
 0.89742845
 0.89582218
 0.89520963
 0.88934227
 0.89857256
 0.89830387
  0.8852574
  0.8777064
 0.87725818
 0.87961723
 0.88681685
 0.88821691
 0.88180633
 0.88673481
 0.88652337
  0.8780643
 0.86829643
 0.86851002
 0.87313349
 0.87859832
 0.87747931
 0.88492466
 0.87741226
 0.87585001
 0.87165071
 0.86923937
 0.88275644
 0.88361106
 0.87651821
 0.87220352
 0.86598148
 0.86397481
 0.87741369
 0.87958302
 0.87995002
 0.87602387
 0.86419332
 0.87073303
 0.87048827
 0.86991635
 0.87244009
 0.87217318
 0.86950629
 0.87451924
 0.87856532
 0.87808318
 0.87697497
 0.87465131
 0.88247802
 0.86979645
 0.88110576
 0.87923547
 0.88396343
 0.88356157
 0.88649437
 0.89253452
 0.89116983

