0.013945089
0.017318697
 0.01754053
0.017915208
0.017952578
0.017873663
0.017819348
0.017820847
0.017760877
0.017913652
0.018188532
0.018316593
0.018663813
0.018548691
0.017814227
0.017674281
0.017787717
0.018138815
0.018566365
0.018599542
0.018914884
0.018925664
0.019446629
0.019555692
0.019634429
0.020217572
0.020855588
0.021786549
0.022675124
0.023611728
0.024005916
0.024555237
0.025070364
0.025072664
0.025668204
0.025888163
0.025865891
0.025953933
0.025661461
0.026301569
0.026987472
0.027075381
0.028158347
0.028901991
0.029014814
0.028513967
0.029578676
0.029372722
0.029570132
0.029602796
0.029658816
0.030240389
0.030342052
 0.03034454
0.030624875
0.030124066
0.030898368
0.031669926
0.031969595
0.032242929
0.032884182
0.034026357
0.034593755
0.035906135
0.036401027
 0.03729244
0.038405847
0.039219838
0.040575016
0.040893387
0.041759105
0.041966202
0.041827533
0.041321608
0.042814281
0.043598412
0.044512308
0.045565579
0.046683336
0.046657236
0.047458474
0.049370956
0.050864356
0.052100385
0.053140798
0.055087339
0.054431841
0.053775733
0.054943405
0.054986861
0.055828664
0.056694568
0.057737868
0.057623288
0.058627493
0.059525726
0.059955274
0.059973165
0.060756839
0.060266327
0.061517082
0.062970928
0.064540551
0.066067131
0.066280393
0.067275989
0.069056749
0.070087975
0.072002322
0.072125723
0.073063441
0.074895553
0.076927725
0.075740034
0.077627374
0.077979589
 0.07864243
0.078419839
 0.07794609
0.076814125
0.078668664
0.078852494
0.080491162
0.081990984
0.083367186
0.084013978
0.084120533
0.086215487
0.086935817
0.088968226
0.088564671
0.089037321
0.089430165
0.089759118
0.090553038
0.092752346
0.093090504
0.093716261
0.094461323
0.095533943
0.095617492
0.095518267
0.095877922
0.096801395
0.097980683
0.097890242
0.098017405
0.097436092
0.097335115
0.097817885
0.097858768
0.098210593
0.099125852
 0.10027175
0.099714351
 0.10104529
0.099678531
 0.10031853
0.099828736
 0.10219135
  0.1015478
 0.10426699
 0.10359886
 0.10502161
 0.10615073
 0.10516948
  0.1055771
 0.10423106
 0.10335689
 0.10587066
 0.10585568
 0.10577949
 0.10586946
  0.1060721
 0.10612543
 0.10801329
 0.10951131
 0.10805673
 0.10895672
 0.10965649
 0.11134637
 0.11064047
 0.11041994
 0.10960057
 0.11142134
 0.11056077
 0.11178667
 0.11435471
  0.1159145
  0.1159808
 0.11677449
 0.11793497
 0.11755701
 0.11891145
  0.1196416
 0.12117912
 0.12332569
  0.1258875
 0.12754929
 0.12700258
 0.12858574
  0.1281397
 0.13100334
 0.13192101
 0.13331507
 0.13269989
 0.13387048
 0.13657377
 0.13600902
 0.13747959
 0.13677756
 0.13907271
 0.14083452
 0.14028597
 0.13925662
 0.13950111
 0.13891108
 0.13831903
 0.13919105
  0.1398355
 0.13966772
 0.13849637
 0.14127982
 0.14181767
  0.1399951
 0.14008626
 0.13926503
 0.13822321
 0.13930377
 0.13950425
 0.13964119
 0.14117482
 0.13942009
 0.13985889
 0.14111231
 0.13950635
 0.13891879
 0.13991759
 0.14034112
 0.14338643
 0.14543157
 0.14518402
 0.14942354
 0.15076882
 0.15587658
 0.15541878
 0.15618991
 0.15457089
 0.15743859
 0.15754609
 0.16103994
  0.1632197
 0.16403151
 0.16411101
 0.16518636
 0.16446327
 0.16337034
 0.16501191
 0.16618768
  0.1637976
 0.16493063
 0.16394385
 0.16421689
 0.16685759
 0.16709864
 0.16662146
  0.1678752
 0.16769799
 0.16828644
 0.16791722
 0.17043813
 0.17268579
  0.1746764
 0.17379505
 0.17147933
  0.1712605
 0.17212589
 0.17024031
 0.17144092
 0.17204348
 0.17153099
 0.17390039
 0.17319713
 0.17484299
  0.1750481
 0.17633726
 0.17602818
 0.17676571
 0.17494622
 0.17641051
 0.17645242
 0.17536528
 0.17402952
 0.17331917
 0.17492467
 0.17451488
 0.17524098
 0.17739894
 0.17692986
 0.17794707
  0.1785539
  0.1810109
 0.18241546
 0.18350933
 0.18312949
 0.18405791
 0.18629249
  0.1865703
  0.1856505
 0.18653797
 0.18726241
 0.18559121
 0.18790392
 0.18815261
 0.18714429
 0.18702709
 0.18626872
 0.18450973
 0.18475585
 0.18637207
 0.18821062
 0.18791429
  0.1855157
 0.18790273
 0.18679604
 0.18625931
 0.18970415
 0.19277009
 0.19408517
 0.19163747
 0.19369334
 0.19323705
 0.19588781
   0.196193
  0.1948226
 0.19318699
 0.19347591
 0.19547341
 0.20274808
 0.20120627
 0.20576829
 0.20695806
 0.20899358
 0.21082276
 0.21227015
 0.21109351
 0.21367783
 0.21443024
 0.21249486
 0.21082729
 0.21129582
 0.20763227
 0.20942227
 0.20966797
 0.20897655
 0.20997465
 0.21529455
 0.21407212
 0.21507709
 0.21632203
 0.21920981
  0.2198136
 0.22204843
  0.2219379
 0.22280031
 0.22267901
 0.22455661
 0.22536276
 0.22479135
 0.22254531
 0.22010556
 0.22264373
 0.22381978
 0.22413505
 0.22273765
 0.21947727
 0.21458061
 0.21414224
 0.21881484
 0.22019851
 0.22303068
  0.2200344
 0.21954857
 0.22702196
  0.2290746
 0.23055879
 0.23420582
  0.2320628
 0.23178862
 0.23328245
 0.23850189
 0.23633815
 0.23526229
 0.23785165
 0.23904387
 0.24127518
 0.24111474
 0.24322439
 0.24647111
 0.24568374
 0.24744653
 0.25039776
 0.24338313
 0.24971503
 0.25006304
 0.24916333
  0.2489219
 0.24839286
 0.25105646
 0.25371934
 0.25620786
 0.26102678
 0.25896971
  0.2607076
 0.26319251
 0.26120727
 0.26397371
 0.26456531
 0.26557135
  0.2648626
 0.26423599
 0.27092343
 0.27048401
 0.27159458
 0.27333892
 0.27531933
 0.28060773
 0.27260577
 0.28039306
 0.28160499
 0.28470148
 0.28781112
 0.28166047
 0.28095432
 0.28255818
 0.29018926
 0.28961939
 0.29255609
 0.28938749
 0.29213989
 0.29370571
 0.29292831
 0.30133147
 0.29542614
  0.2972907
 0.30049569
 0.30088375
 0.30393817
 0.30453255
 0.30443315
 0.30319138
 0.31274955
 0.31910371
 0.32123078
  0.3237945
 0.32720989
 0.32538665
 0.32604935
 0.32768376
 0.32347637
 0.32413733
 0.32290007
 0.32301853
 0.32162156
 0.32009767
 0.31874482
 0.31659986
 0.31647484
 0.31612191
 0.31864315
 0.31715491
 0.31495215
 0.32023818
 0.32463012
 0.32758229
 0.33322393
 0.33373984
 0.33541611
 0.33616165
 0.33737196
 0.34269869
 0.34507789
 0.35051518
 0.34540559
  0.3475414
 0.34624854
 0.35010488
 0.35209921
 0.35287604
 0.35352222
 0.35606751
 0.35356831
  0.3535869
 0.35101988
 0.35680851
 0.35623994
 0.36019969
 0.35310391
 0.36025918
 0.36058009
 0.36213335
 0.36314839
 0.36375789
 0.35973751
 0.35965455
 0.36416396
 0.36544631
  0.3631463
 0.36390532
 0.36498788
 0.36757203
 0.36832026
 0.36757596
 0.36961534
 0.36894596
 0.37037301
 0.37359456
 0.37174453
 0.36718951
  0.3717266
 0.37462277
 0.37456734
 0.37434923
 0.37797269
 0.37523493
 0.37489858
 0.37464382
 0.38150367
  0.3839958
  0.3800387
 0.38159108
 0.38322179
 0.38169537
 0.38228311
 0.38313413
  0.3857384
 0.38391079
 0.38968101
 0.38693567
 0.38825151
 0.38724195
  0.3875939
 0.38947779
 0.39284449
 0.39277786
 0.39602479
 0.39679212
 0.39838498
 0.40000908
 0.39807374
  0.4021129
 0.40168449
 0.40514022
 0.40207652
 0.41155806
 0.40354292
  0.3991408
 0.40372158
 0.40489012
 0.41060044
 0.41551117
 0.41114743
  0.4160325
  0.4183209
 0.41237989
 0.41615018
 0.41463854
 0.41287274
 0.41422242
 0.41349377
 0.41499279
 0.41927088
 0.41836515
 0.41843254
 0.41679927
 0.41764217
 0.41438354
 0.41025045
 0.41076433
 0.41341971
 0.41412035
 0.40838626
 0.41332485
 0.41681094
 0.41723015
 0.42397956
 0.42119901
 0.42250227
 0.42188301
 0.42677745
 0.42623015
 0.42717369
 0.42357949
 0.42469958
 0.42933657
 0.42022537
 0.41658782
 0.41661716
 0.41104348
 0.41223414
 0.41564407
 0.41931267
 0.41854636
  0.4231281
 0.41688381
  0.4185491
   0.419447
 0.41329441
  0.4125279
 0.42153834
 0.42311772
 0.42260284
 0.41964521
 0.42212684
 0.42358417
  0.4275618
 0.43116644
 0.42833809
 0.43107654
 0.43005402
 0.43106397
 0.42530313
 0.43023257
 0.42940983
 0.43102475
 0.43278503
 0.43267644
 0.43352506
 0.43518604
 0.43277799
 0.43453668
 0.43155451
 0.43362661
 0.43234179
 0.43664241
 0.43337797
 0.44188265
 0.43183113
 0.43525597
 0.43855429
 0.43941596
  0.4415191
  0.4461214
 0.44578659
 0.45639044
 0.45506865
 0.46154433
 0.47011261
 0.47029981
 0.47371847
 0.48018351
 0.47731587
 0.47466835
 0.48022164
 0.47677934
 0.47946559
 0.48631121
 0.48380462
 0.49045811
 0.49883974
 0.50064056
 0.51142611
 0.50490632
 0.51281784
 0.50819987
 0.50937772
 0.51320538
 0.51567537
 0.51525736
  0.5219549
 0.51887883
 0.52010292
    0.52163
 0.51869369
 0.51500964
 0.52450593
 0.52333046
 0.52157902
 0.52807213
 0.52656752
 0.53350469
 0.53609369
 0.52937414
 0.53135351
 0.53152282
 0.52930976
 0.53445609
 0.52536951
 0.53026282
 0.53434356
  0.5379847
  0.5401221
 0.53554222
 0.54022766
 0.53028955
  0.5359086
 0.53833312
 0.53641971
  0.5332762
 0.53914556
  0.5341791
 0.53820625
 0.53818562
 0.54027351
 0.54090627
 0.54020624
 0.53768048
 0.53656901
 0.53147097
 0.53277441
 0.53684178
 0.53855875
 0.53750879
 0.53107631
 0.52758167
   0.530462
 0.53091899
 0.53948912
 0.53899229
 0.53378689
 0.54942922
 0.54619424
 0.54627501
 0.54597359
 0.55162396
 0.55228873
 0.54589737
 0.55394258
 0.54945731
 0.55261688
  0.5509032
 0.55222737
 0.55424084
 0.56004898
 0.55478351
 0.55546767
 0.55442949
 0.55516646
 0.54884123
 0.54585759
 0.54831999
 0.54981285
 0.54484054
 0.54987232
 0.54304196
 0.54487309
 0.54518046
 0.54093729
 0.54518565
 0.54634277
  0.5462831
 0.54434412
 0.54329074
 0.54478313
  0.5466202
 0.54716874
 0.54943284
 0.54904278
 0.55384115
 0.54970555
 0.55589086
 0.55724125
  0.5604873
 0.56244181
 0.55960589
 0.56037395
 0.55992854
 0.55685216
 0.55744494
    0.55859
 0.55617139
  0.5555536
 0.55491807
 0.55964012
 0.56158218
  0.5577485
 0.55586832
 0.55400426
 0.55997573
 0.55897184
 0.56156192
 0.56636951
 0.56591675
  0.5692512
 0.56583426
 0.56926056
 0.57898492
 0.57798083
 0.57539584
 0.57796114
 0.56307792
 0.56367653
 0.56423475
 0.56560374
 0.56224052
 0.56449866
 0.56627027
 0.56856354
 0.56907283
 0.56948392
 0.56855323
  0.5657642
  0.5563455
 0.55984481
 0.55864275
  0.5590194
 0.55889125
 0.55623402
 0.55108956
 0.55068591
 0.54511114
  0.5420226
 0.54122235
 0.55064439
 0.55436488
 0.54655418
 0.54768985
 0.55602525
   0.555759
  0.5554638
  0.5601242
 0.56075036
 0.56800087
 0.56028083
 0.56356021
 0.56297089
 0.56139299
 0.56305797
 0.56345027
 0.56523363
 0.56683145
 0.56467915
 0.56264237
 0.56215936
 0.56559619
 0.56116627
 0.55937167
 0.56080371
 0.55997097
 0.55811127
 0.56328334
 0.55765775
 0.56526766
 0.55602297
 0.56287038
 0.55456511
 0.55967333
 0.56509812
 0.56566486
 0.56946797
 0.56723494
 0.56179851
 0.55958178
 0.55781345
 0.56523424
 0.55963274
 0.56046791
 0.56366456
 0.56170231
  0.5596196
 0.55931494
 0.56138811
 0.55469534
 0.55719116
 0.55198242
  0.5518071
 0.55109706
 0.55257202
 0.55126608
  0.5524802
 0.54814332
 0.55581913
 0.55420034
 0.56413729
  0.5589683
 0.55901019
 0.56657481
 0.57228474
 0.57006505
 0.58155743
 0.57440418
 0.58288429
 0.58573652
  0.5805259
  0.5800505
 0.58669914
 0.58489589
 0.58566461
 0.58205487
 0.58293376
 0.58590323
 0.58208281
 0.59116469
 0.58958976
  0.5887605
 0.59224454
 0.59228952
 0.59366283
 0.58931364
 0.58499905
 0.58864503
 0.59069402
 0.58728788
 0.58208324
 0.58231838
 0.57343538
 0.57908621
 0.57888513
 0.58367915
 0.58078444
  0.5807619
 0.57696983
 0.58324913
  0.5773051
 0.59153077
 0.58917802
 0.59870893
  0.6008227
 0.60233941
 0.60902006
 0.60422222
 0.60563871
 0.59757195
 0.60143566
 0.60219121
 0.60100712
  0.6089102
 0.61048111
 0.61382532
 0.60595065
 0.61586375
 0.61548075
  0.6164951
 0.62103858
 0.61642038
 0.61519633
 0.61393434
 0.60984107
 0.61358121
 0.61380346
 0.61971013
 0.61699529
 0.61227745
  0.6202039
 0.61950345
 0.62407478
 0.62818545
 0.62371041
 0.62298191
 0.62537353
  0.6270885
 0.63124123
 0.63138535
 0.62911284
  0.6340346
 0.64051619
 0.62633999
 0.63873526
 0.63781534
 0.64175329
 0.63536047
 0.64125986
 0.63595654
 0.64033753
  0.6356619
 0.63178229
 0.63547058
 0.63217648
 0.63910087
 0.63757187
 0.63964868
  0.6414065
 0.64136501
 0.64031938
 0.63953075
 0.63949122
  0.6387497
 0.64227647
 0.64125148
  0.6379882
 0.64206107
 0.64243135
  0.6414123
 0.64419211
 0.64554656
 0.64659698
 0.64811472
 0.64780495
  0.6479113
  0.6429227
 0.64236661
 0.64646446
 0.64429446
 0.64805396
 0.65198839
 0.65105221
 0.65555724
 0.64675269
 0.65865066
 0.65269823
 0.64611916
  0.6494769
 0.64242683
 0.64734447
 0.65769896
 0.64699749
 0.64534195
 0.64570602
 0.64470267
 0.63783428
 0.64373376
 0.64571086
 0.64826594
 0.64811734
 0.64479713
 0.66040253
 0.65496165
 0.65793298
 0.65646683
 0.65593012
 0.65565408
 0.64829137
 0.65816273
 0.66239655
 0.66999953
 0.67226671
 0.67503869
 0.67036681
 0.67852807
 0.67982206
 0.68568342
 0.68504657
 0.68760643
 0.68867896
 0.68786389
 0.68389242
 0.68661653
  0.6862582
 0.68580106
 0.68630602
 0.68017475
 0.67569356
 0.66991327
 0.67317928
 0.67967859
  0.6821872
  0.6853817
 0.68613054
 0.68509172
 0.68335062
 0.68094192
 0.67320222
 0.67294932
 0.66818726
 0.67128179
 0.66947257
 0.67458766
 0.66982726
 0.66403734
 0.66411382
 0.67393058
 0.66304175
  0.6682443
  0.6669689
 0.66321035
 0.66612957
 0.66469334
 0.66594171
 0.67304116
 0.67071157
 0.67214206
  0.6718341
 0.66480136
 0.66857834
 0.66940785
 0.66394244
 0.66589284
 0.67348923
 0.67560576
 0.66978319
 0.66586234
 0.66155435
 0.66482991
 0.66783738
 0.66855712
 0.67650631
 0.67687598
 0.68013296
 0.68071173
 0.67476161
 0.67850997
 0.67151751
 0.67459391
 0.67233014
 0.66985004
 0.67240989
 0.66888633
 0.67438063
 0.65937092
 0.67046816
 0.67240519
 0.66778117
 0.67039804
 0.67285465
 0.67635386
 0.67062827
 0.67404863
 0.67569826
 0.67445301
  0.6802626
 0.67770316
 0.68139857
 0.67168147
 0.67313283
 0.67934455
 0.67838015
 0.67444544
 0.66936743
 0.66985802
 0.67540397
 0.67051918
 0.67780405
  0.6784658
 0.67555695
  0.6700501
 0.67377759
 0.67369291
 0.67161026
 0.67544251
 0.67271241
 0.66713942
 0.66174704
  0.6619701
 0.66175331
 0.66349282
 0.66116904
 0.65886352
 0.65974742
 0.65729896
 0.65411918
 0.65660773
 0.66239744
 0.66590817
 0.66613158
 0.66149785
 0.66181752
 0.65591802
 0.65314163
 0.64511729
 0.64378682
 0.64347411
 0.64378067
  0.6448148
 0.64565922
 0.64438807
 0.64279673
 0.64053075
  0.6360152
 0.64009276
 0.64607239
 0.64398653
 0.64171334
 0.64081751
 0.64564329
 0.64477973
 0.63978583
  0.6400751
 0.63904039
 0.64956677
  0.6549832
 0.65891123
 0.64960522
 0.64991578
 0.64750918
 0.65122315
  0.6486272
 0.64613752
 0.64350199
 0.64025544
 0.63729339
 0.64175584
 0.64017108
 0.63659934
 0.64076103
  0.6393219
 0.64074103
 0.64111709
  0.6405018
 0.63740177
 0.63352848
 0.63379725
 0.63020294
 0.62564104
 0.62880979
 0.62286506
 0.62200929
 0.62721671
 0.62228535
 0.62841366
  0.6328756
 0.63112521
 0.63349369
 0.62769227
 0.63430975
 0.64137895
 0.64228069
 0.65221285
 0.64880086
 0.65407734
 0.65597357
   0.660905
 0.65904916
 0.66086557
 0.65503961
 0.65083948
 0.64865599
 0.65680247
  0.6586805
 0.65742824
  0.6549629
 0.65001747
 0.64715848
 0.64460975
 0.63976667
 0.63875156
 0.63208243
 0.63377721
 0.63046604
 0.63144649
 0.63499253
 0.64081918
  0.6438839
 0.64815634
 0.64666479
 0.65048371
 0.64764727
 0.64680978
 0.64429924
 0.64735074
 0.64301845
 0.64126665
 0.64304694
 0.64860392
 0.64686655
 0.64604754
 0.64661302
 0.64832689
 0.65242429
 0.65233533
 0.64874744
 0.64647105
 0.64563094
 0.64659569
  0.6498192
 0.65328925
 0.65322229
 0.65239705
 0.65300603
 0.65328699
 0.65683621
 0.65743943
 0.66258181
 0.66541361
 0.66077686
 0.65790828
 0.65665295
 0.65560462
 0.65345861
 0.65414981
 0.66216105
 0.66181536
 0.66167944
 0.66186109
 0.66414152
 0.66747688
 0.66795067
 0.66977499
 0.67221799
 0.67252558
 0.66919659
 0.66606957
 0.66194437
 0.66603033
 0.66515763
 0.66129935
 0.66079932
  0.6623731
  0.6623378
 0.66476575
 0.66792648
 0.66685134
 0.66122202
 0.66119777
 0.66172881
  0.6562182
 0.66223459
 0.66500931
  0.6653754
 0.66721814
 0.66607259
 0.66859863
 0.66938311
 0.67278832
 0.67359604
 0.67238082
 0.66967754
 0.66725692
 0.66728413
 0.66513542
 0.66160907
 0.66559901
 0.65444952
 0.65243348
 0.65396731
 0.64967882
  0.6502027
 0.64611571
  0.6489412
 0.64510884
 0.63688982
 0.63896268
 0.63721493
 0.63968256
 0.63888625
 0.63922466
 0.64940323
 0.65264831
  0.6516866
 0.64765412
 0.64312191
 0.64177229
 0.63893157
 0.64158306
 0.64512273
 0.64476123
  0.6491862
 0.65367934
 0.65153392
 0.65332328
 0.64748198
 0.65127744
 0.65470185
 0.65576586
 0.65582338
 0.65602284
 0.66018015
 0.65826202
 0.65877357
 0.65923107
 0.66418805
  0.6576614
 0.65536633
 0.65700442
 0.66058902
  0.6548693
 0.65695312
 0.65627062
 0.65675991
  0.6604246
  0.6625565
 0.66143172
 0.65870265
 0.66589822
 0.66414554
 0.65842953
 0.65855088
 0.65615708
  0.6633535
 0.66452997
 0.66386868
 0.66392349
 0.67078482
 0.67057267
 0.67230565
 0.66843857
 0.66816096
  0.6704588
 0.66731044
 0.66831614
 0.67037907
 0.66916245
 0.67562661
 0.67180123
 0.67130555
 0.66913014
 0.67291197
 0.67313113
 0.67728605
 0.67071299
 0.67600239
 0.67902191
 0.67952906
 0.67515164
 0.67759316
 0.67655327
 0.67230891
 0.66542784
  0.6674155
 0.66332464
  0.6593403
 0.66971958
  0.6749265
 0.67257013
 0.67820387
 0.68118175
 0.68599833
 0.67767585
 0.68275518
 0.68573885
 0.69438999
 0.69049329
 0.70008115
 0.70266593
 0.70709932
 0.71062415
 0.70921359
 0.70403813
 0.70931837
 0.70906568
 0.71435511
 0.71024351
 0.72036963
 0.71776521
 0.71298715
 0.72270156
  0.7163588
 0.70500154
 0.71197602
 0.70969418
 0.70950041
 0.70998087
 0.71013297
 0.71241104
 0.71383209
 0.71329743
 0.72194505
 0.72377904
 0.73003298
 0.72680757
 0.72260127
 0.71848946
 0.72288089
 0.72272511
 0.73514776
 0.73345079
 0.73681178
  0.7425579
 0.73867187
 0.73724646
 0.73522365
 0.72256864
 0.71772009
 0.71417599
  0.7187383
 0.71904189
  0.7187212
 0.72053737
 0.72953171
 0.73157532
 0.73509148
 0.73872034
 0.73803041
 0.74509146
 0.75133074
 0.74687702
 0.74199075
 0.74860107
 0.74715197
 0.74973913
 0.75426149
 0.75810254
 0.75526777
 0.76390142
 0.76303588
 0.76092986
 0.75889599
 0.76216832
  0.7584268
 0.75185442
 0.74481608
 0.74314118
  0.7470407
 0.74854371
 0.75637629
  0.7622986
  0.7593186
 0.75177173
 0.74816685
 0.75373147
 0.75915995
 0.75856803
 0.76371495
 0.75677448
 0.75963627
 0.75871184
 0.75583605
  0.7529714
  0.7565889
  0.7502167
  0.7477646
 0.74250658
 0.73549636
 0.73068682
 0.73350255
 0.74159807
 0.73916308
 0.74286137
 0.74475067
 0.74013705
 0.74534281
 0.74741791
 0.74654255
 0.75051276
 0.74982611
 0.74440011
 0.74506317
 0.75087677
 0.74514938
  0.7395444
 0.73150449
 0.72916835
 0.72688904
 0.72294806
 0.72427957
 0.73181001
 0.72555962
 0.73908211
 0.74116935
 0.73892448
 0.75218561
 0.74946568
  0.7551769
 0.75489226
 0.76475537
 0.76822962
 0.76996973
 0.76761942
 0.76440884
 0.76678321
 0.76993569
 0.76516862
 0.76662485
 0.77560991
 0.77662492
 0.78393107
 0.78529276
 0.77956325
 0.78074167
 0.78397513
 0.77553945
 0.77982344
 0.78048548
 0.78618452
 0.78784084
 0.78940082
 0.78962347
 0.78340115
 0.78437888
 0.78961329
 0.78637394
 0.78459452
 0.78717736
 0.77651265
 0.77897064
 0.77613222
 0.78139916
  0.7856495
 0.76758845
 0.77856247
 0.77484696
 0.77983069
 0.77513857
 0.77636828
 0.77961301
 0.77424433
  0.7803501
   0.768208
 0.77873387
 0.77215601
  0.7627388
  0.7631493
 0.77276573
 0.77195892
 0.76521859
 0.76548707
 0.76037118
 0.76580659
 0.77491112
 0.75815352
 0.75701063
 0.75532569
 0.74599243
 0.75143819
 0.74554663
 0.73674514
 0.75608452
   0.769146
 0.76115071
 0.77015331
 0.76562523
 0.77933993
 0.77142885
 0.77932466
 0.77545757
  0.7718001
 0.76559801
 0.76395456
 0.75657294
 0.76645164
 0.75119445
 0.75385537
 0.75104876
 0.74355474
 0.74653189
 0.74444021
 0.74902747
 0.75516158
 0.75746025
 0.75990264
 0.75504659
 0.76539965
 0.75341103
 0.75562058
 0.75960229
 0.75115614
 0.75369747
 0.74793472
 0.75916122
 0.75193884
 0.74678256
 0.74791358
 0.75260839
 0.74517831
 0.74655547
 0.74839511
 0.75724088
 0.74351437
 0.75003897
 0.75599322
 0.74480237
 0.75034225
 0.74982693
 0.75354394
 0.75286485
 0.74327956
 0.74315823
 0.73267042
 0.74633258
  0.7366088
 0.73876593
 0.75185606
 0.75776875
 0.76273516
 0.76178413
 0.75983866
 0.75493329
 0.75306199
 0.75515549
 0.75675425
 0.76237662
 0.76439617
 0.76844022
 0.77072687
 0.76917582
 0.77203569
 0.76561772
 0.76404426
 0.75434701
 0.76198734
 0.75806661
 0.75584119
 0.75165893
 0.75375005
 0.76132594
 0.75975121
 0.75956601
 0.75434124
  0.7590153
 0.76062753
 0.76212356
 0.76164653
 0.76677928
 0.76451854
 0.76708427
 0.76760201
 0.76773359
 0.76865621
 0.76642528
 0.77237339
 0.77091282
 0.77746109
 0.77039569
 0.76761053
 0.76977252
 0.76883652
 0.77191566
 0.77120348
 0.77536916
 0.77041778
 0.76795901
 0.76696348
 0.76670241
 0.75716348
 0.76390598
 0.76083395
 0.75723351
 0.76107951
 0.76720678
 0.76870635
 0.76329362
 0.75932585
 0.76437767
 0.76312395
 0.76628175
 0.76985615
 0.76552498
 0.77518742
 0.77243862
 0.77901292
 0.77006898
 0.76979694
 0.77718176
 0.76858481
  0.7707227
 0.76510085
 0.76244467
 0.76722248
 0.76371336
  0.7632954
 0.75851289
 0.75170392
 0.75346445
 0.75591186
 0.75531942
  0.7572365
 0.76293635
 0.76409557
 0.76177533
 0.76676514
 0.76987469
 0.77470175
 0.77311322
 0.77999881
 0.78079085
 0.78257218
 0.77770274
 0.76592981
 0.76086653
 0.77036857
 0.77448041
 0.77623018
 0.77746353
 0.77797972
   0.775454
  0.7754039
 0.77755106
 0.77420908
 0.77310777
 0.77158065
  0.7693758
  0.7747045
   0.777902
 0.77811702
 0.76839302
 0.77230025
 0.77254675
 0.75822779
 0.76015646
 0.75771079
 0.75635251
 0.75819139
 0.76943707
 0.76233442
 0.76824703
 0.76677717
 0.77521888
   0.760056
 0.76533205
 0.76178871
 0.75933914
 0.76516124
 0.76111329
 0.77177313
 0.76821019
 0.77566718
  0.7763656
 0.77469051
 0.77331612
 0.77005314
 0.76725779
 0.76231466
 0.76237998
 0.76712725
 0.77130539
  0.7750992
  0.7731868
 0.76890918
 0.77255209
 0.78060257
 0.78200449
   0.783042
 0.78123991
 0.78303619
 0.77544534
 0.77207709
 0.77703429
 0.77891352
 0.77824382
 0.77698582
 0.77375815
 0.77360658
 0.77604377
 0.77118433
 0.78008809
 0.77190574
  0.7729349
 0.76974462
  0.7765807
 0.77540307
 0.77314927
 0.77914926
 0.77369246
 0.78540709
 0.78343191
 0.78347754
 0.78237083
  0.7847485
 0.77450206
 0.78048251
 0.78344886
 0.79034845
 0.79027008
 0.79047316
 0.79127315
 0.79118442
 0.79500735
 0.79852219
  0.8024336
 0.79160403
 0.79354072
 0.79708523
 0.79920982
 0.79855948
 0.79996871
 0.79454364
 0.79678717
 0.79006372
 0.79581244
 0.79634616
 0.78755878
 0.78991785
 0.78590453
 0.79360353
 0.78773868
  0.7893979
 0.78542171
 0.77937299
 0.78544003
 0.79142423
 0.80244786
 0.80267137
 0.80024327
 0.79401237
 0.79413102
 0.79063893
 0.79143539
 0.79535093
 0.80695772
 0.81000268
 0.81798942
 0.81336163
 0.81595106
 0.81310174
 0.81329487
 0.80446813
 0.80112679
 0.80669666
 0.80932826
 0.81107538
 0.80397229
 0.81006263
 0.80123061
 0.80290379
 0.80215131
 0.80080351
 0.79198159
 0.78051705
 0.79264969
 0.79757358
  0.7966202
 0.80327133
 0.79803933
 0.79909127
 0.80279722
  0.7970165
 0.80076425
 0.79627233
 0.79879385
  0.7928199
 0.79204155
 0.79574349
 0.79503184
 0.79071193
 0.79264529
 0.79490889
  0.7938469
 0.79772432
 0.79564213
 0.79779445
 0.80150078
 0.80692788
 0.80105408
 0.80515263
  0.7955188
 0.80410116
 0.79672373
 0.79755558
 0.80383776
 0.80139237
 0.80491621
 0.80766394
 0.80716925
 0.80923987
 0.80968727
 0.80280038
 0.81137848
 0.80998862
 0.80693693
 0.80206211
 0.80182233
 0.80593006
 0.80400875
 0.80563025
 0.79984843
 0.80152238
 0.80524086
 0.80597827
 0.80964544
 0.81387746
  0.8062513
 0.81059447
 0.80755795
 0.80138553
 0.80954752
 0.80527587
 0.80345759
  0.7994629
 0.79698642
 0.80326866
 0.79401931
 0.79607956
 0.79968579
 0.80327516
 0.80826156
 0.81121629
 0.80633222
 0.80370171
  0.8035008
 0.80317041
 0.80107668
 0.80135789
 0.80092661
 0.80419287
 0.79411503
 0.79539452
 0.79179437
 0.79214893
 0.79293533
 0.78998583
 0.79911061
 0.79757306
 0.79291731
 0.79276626
 0.79720503
  0.7934379
 0.78923937
 0.78880196
 0.78566072
 0.78182036
 0.78551748
 0.78656717
 0.78487333
 0.78570479
 0.78549811
 0.78927843
 0.78741487
 0.78572655
 0.78285733
 0.78193103
 0.78344281
 0.77921741
 0.77903287
 0.78817854
 0.78900857
 0.78637697
 0.79382493
 0.78925194
 0.79092037
 0.78866823
 0.79462048
 0.79021494
 0.79828454
 0.79208861
  0.7922077
 0.79937639
  0.7988581
 0.79624767
   0.797938
 0.79921605
  0.7984189
 0.79453061
 0.79442047
 0.79438883
 0.78971973
 0.79290521
 0.79634214
 0.79486959
 0.78910707
 0.79517218
 0.79789408
 0.79906185
 0.79831511
 0.79521401
 0.79639498
 0.79715577
 0.79538772
 0.79653301
 0.79780502
 0.79524209
 0.79690735
 0.79668745
 0.78514331
 0.78943116
 0.78518481
 0.78799687
  0.7866162
 0.78708421
 0.79377302
 0.79427621
 0.79657065
 0.78738307
 0.78467896
  0.7824479
 0.77913184
 0.78399327
 0.78442557
 0.78362389
 0.78674006
 0.78738864
 0.78954203
 0.78298891
 0.78944216
  0.7883392
 0.78754583
 0.78451144
  0.7860845
 0.78332513
 0.79101507
 0.79113347
 0.78931751
 0.79322482
 0.79840218
  0.7982292
  0.7912381
 0.79091691
 0.78996692
 0.78803005
 0.79335957
  0.7947736
 0.79294851
 0.79120601
 0.78942858
 0.79410329
 0.79195238
 0.79471438
 0.78753696
 0.80145893
 0.79982782
 0.79679237
 0.78672417
  0.7894511
 0.77896253
 0.79245262
 0.79725761
 0.79158735
 0.79838868
 0.79469793
 0.80066309
 0.79735459
  0.8042456
 0.80405022
  0.8004419
 0.79692397
  0.8043564
  0.7971886
 0.79444648
 0.80533695
 0.80476934
 0.80260715
 0.79639827
 0.80105871
 0.79473819
 0.79720715
 0.79539939
 0.79542049
 0.79875203
 0.79148005
 0.79174928
 0.78898341
 0.79457628
 0.79416077
 0.79370319
 0.79097361
 0.79088235
 0.78569131
 0.78583588
 0.77905512
 0.77809326
 0.78540096
 0.78860988
 0.78352944
  0.7831674
 0.78399493
 0.77709778
  0.7902443
 0.78603012
 0.79442439
 0.78660887
 0.79581444
 0.79761841
 0.78609105
 0.78925606
 0.79084681
 0.79431582
 0.79236325
  0.7888288
 0.80157997
 0.79275265
 0.79972184
 0.79542854
 0.79571448
 0.79574458
 0.78702473
 0.79095054
 0.79426603
 0.78080404
 0.78600889
 0.78297739
 0.78280181
 0.78254144
 0.78722551
 0.78292734
 0.78200659
 0.78590571
 0.78455281
 0.78622792
 0.79356755
 0.78990761
 0.78839372
 0.78942137
 0.78974334
 0.78660787
 0.78755294
 0.78571911
 0.78822196
 0.78878083
 0.78081449
 0.78392291
  0.7940003
 0.78376886
 0.78101495
 0.77759346
 0.77619035
 0.78807902
 0.78355897
 0.78623459
 0.78916284
 0.78923989
 0.79287449
 0.79703352
  0.7969353
 0.80012617
 0.79852427
 0.80459012
  0.8021461
 0.79526585
 0.79695379
 0.80066692
 0.79703676
 0.79541569
 0.79421829
 0.79285319
  0.8008096
 0.79258959
 0.79202235
 0.79506871
 0.79807269
 0.80152956
 0.80558069
 0.80997009
 0.81482835
 0.81729771
 0.81426359
 0.82310462
 0.82113184
 0.82041972
 0.82304122
  0.8217516
 0.82248875
 0.82097143
 0.81433908
 0.81067551
  0.8061672
 0.80866823
 0.80486552
 0.80784745
   0.811019
 0.80226008
 0.80561565
 0.80090121
 0.80199566
 0.80227537
 0.80584124
 0.80396039
 0.80581836
 0.80227711
 0.80540533
 0.80490216
 0.80791089
  0.8050195
 0.80460886
 0.78995326
 0.78713232
 0.78765789
 0.79139702
 0.79357276
 0.79561684
 0.79697342
 0.80063586
 0.79720353
 0.79690536
  0.7934795
 0.80805988
 0.80317232
 0.80747203
 0.81121859
 0.80877824
 0.80206309
 0.80817508
 0.81658414
 0.81719934
 0.81508991
  0.8195124
 0.80552114
 0.81003503
 0.81532325
 0.81775489
 0.81304573
 0.81590798
 0.81424392
 0.81127251
 0.81023269
 0.81137316
 0.81481742
 0.81555895
 0.81878853
 0.81596267
 0.82269632
 0.82733919
 0.82699662
 0.82448709
 0.83261379
  0.8334796
 0.82993019
 0.82964045
 0.82587392
 0.82515659
 0.83267895
 0.83808825
 0.84016594
 0.84366831
  0.8384192
 0.83890823
 0.83827182
 0.83795782
 0.83942444
 0.84096661
 0.84050282
 0.84408035
 0.84528003
 0.84017104
 0.84551846
 0.84601172
 0.84570073
 0.84235062
 0.84106341
 0.84471512
 0.84279735
 0.84229277
 0.83942707
 0.84636487
 0.83787461
 0.84164207
 0.84505078
 0.84789246
 0.84715691
 0.84731031
  0.8413809
 0.84019944
 0.84089151
 0.83708827
 0.83806979
 0.83364726
 0.83644454
 0.83896038
 0.82957966
 0.83546269
 0.83252963
 0.82917888
 0.82786854
 0.82557069
 0.83181454
 0.82482742
 0.82525555
 0.82383391
 0.81168442
 0.80755428
 0.81984856
 0.81137573
 0.82965048
 0.83326797
 0.82631287
 0.81993922
  0.8195503
  0.8252571
 0.82005917
 0.81167614
 0.81562815
 0.82344719
 0.82716884
 0.82857901
 0.82999624
 0.83398668
 0.82487533
 0.83208518
 0.82796884
  0.8218687
 0.82074548
 0.82179372
 0.81234512
 0.81472659
 0.81644682
 0.81126048
 0.81111307
 0.81373741
 0.80995462
 0.80912139
 0.80019918
 0.80042782
 0.79665576
 0.80377543
 0.80841407
 0.80843246
 0.81669311
 0.82062797
 0.81739869
 0.82689871
 0.82191756
 0.81893135
  0.8200042
 0.81648498
   0.814161
 0.81461876
 0.82412234
  0.8299152
 0.82978565
 0.82165667
 0.81875933
 0.82195642
 0.82122214
 0.81699299
 0.81475514
 0.81357358
 0.81129565
 0.80610855
 0.80948232
 0.80245991
 0.79891716
 0.79923516
 0.79874783
 0.79523884
 0.79198886
 0.79005358
 0.79760554
 0.79728305
 0.80887925
  0.8040735
 0.80645144
  0.8178783
 0.81980147
 0.82260783
 0.81993175
 0.82191859
 0.83046493
 0.83043458
 0.83175741
 0.82977685
 0.82732729
 0.83209169
 0.83055412
  0.8323574
 0.82729311
 0.83121685
 0.82368835
 0.81439743
 0.81030165
 0.81500516
 0.80616838
 0.80606153
 0.81514054
  0.8186599
 0.81390391
 0.80783429
 0.81071709
 0.80441818
 0.80345338
 0.80413295
 0.81489743
  0.8126129
 0.81915957
 0.80580867
 0.82050478
 0.81609552
 0.82386777
 0.82615708
 0.82442987
 0.82560148
 0.81788369
 0.82604676
 0.82242189
 0.81804779
 0.81748588
 0.82892164
 0.83141921
 0.83602624
 0.83668588
 0.83654159
 0.84322362
 0.84360574
 0.84140962
 0.84366565
 0.83959924
 0.83817434
  0.8348644
 0.83254263
 0.83779163
 0.83793005
 0.84511878
 0.84165917
  0.8430555
 0.84259585
 0.83893716
 0.83262376
 0.83073343
 0.82651749
 0.81906217
 0.81961628
 0.81496629
  0.8157053
 0.82196086
 0.82373232
 0.82682988
 0.82910953
 0.82734282
 0.83136836
 0.82328859
 0.82301186
 0.82316067
 0.81815235
 0.82132018
  0.8245078
 0.82704739
 0.81982118
 0.82153536
 0.81680412
 0.82702858
 0.82642332
 0.82825018
 0.83431354
 0.83577991
 0.84165361
 0.83998721
 0.84386988
 0.84483942
 0.84392552
 0.84203646
 0.83933243
 0.84526694
 0.84836727
 0.85095556
 0.85281054
  0.8573413
 0.85812022
 0.85340035
  0.8487512
  0.8541695
 0.85062471
  0.8563108
 0.85742668
 0.85990496
 0.85086811
 0.85314852
 0.84964398
  0.8495332
 0.84358241
 0.83921991
 0.83744249
 0.84004307
 0.84207237
 0.84250347
 0.84772244
 0.84338991
 0.84047936
 0.84541929
  0.8455867
 0.84968086
 0.84836066
 0.84398655
 0.84443394
  0.8507465
 0.85374277
 0.85954932
 0.85964244
 0.86785324
 0.87043732
 0.86805067
 0.86495882
 0.86116058
 0.87093923
 0.86539552
 0.86662254
 0.86437832
 0.86207935
 0.86145607
 0.86284611
 0.87081707
 0.87473914
 0.87542446
 0.88281492
 0.88363889
 0.88788045
 0.87855914
 0.88079116
 0.87621651
 0.88033504
 0.87969785
  0.8808639
 0.87834784
 0.87737337
 0.87917662
 0.87745509
 0.87734673
 0.88278129
 0.88389182
 0.88131247
 0.87841577
 0.88045125
 0.87948099
 0.87751928
 0.87861501
 0.87397521
 0.87733648
 0.87105886
 0.87669549
 0.86944855
 0.87617367
 0.87172534
 0.87526507
 0.87342059
 0.87195739
 0.87159025
  0.8719038
 0.86446127
 0.85762646
 0.85358921
 0.84733287
 0.83803719
 0.83958337
  0.8316052
 0.83393034
 0.83650329
 0.82515351
 0.82669546
 0.83214781
 0.83218085
 0.82788318
 0.83307549
  0.8435348
 0.85901653
 0.86723835
 0.86363521
 0.86705274
 0.86879984
 0.86904458
 0.86610054
 0.86368346
 0.86440892
 0.86499486
 0.86540284
 0.86793774
 0.86834229
 0.86810328
 0.86724622
 0.86876393
 0.86843647
 0.86476736
 0.86360568
 0.86348885
 0.86920054
 0.86669808
 0.87259521
 0.87370799
 0.87628944
 0.87589826
 0.87225788
 0.87469494
 0.87206548
 0.86793013
  0.8602509
 0.86187948
 0.85483038
 0.85424994
 0.85554112
 0.85708298
 0.86179125
 0.85965922
 0.85314057
 0.85403771
 0.85881773
 0.86227648
 0.86141129
 0.86293227
 0.86057789
 0.86812351
 0.86702274
 0.86279257
 0.86382379
 0.86564712
 0.86836858
 0.86805185
 0.86655467
 0.86849035
 0.87077062
 0.86335214
 0.85951401
 0.86737134
 0.87020843
 0.87607557
 0.88001761
 0.88240545
 0.88665847
 0.88985049
 0.89196729
 0.88624022
 0.88486189
 0.88759631
 0.88668872
 0.88653909
 0.88915513
 0.89278461
 0.89932166
 0.89965308
 0.90398733
 0.90191545
 0.89781649
 0.89803261
 0.90112149
  0.9025039
 0.90226023
 0.90354142
 0.90349501
  0.9023569
   0.900038
 0.90088598
 0.89802758
 0.89216543
 0.89844808
 0.89669888
 0.89849286
 0.90030786
 0.89873126
 0.89818777
 0.89954852
 0.90225952
 0.90068067
 0.89247363
 0.89058064
 0.89108992
  0.8935239
 0.89380364
 0.89655513
 0.89554208
 0.89697801
 0.90445188
 0.91092774
 0.90413424
 0.89934333
 0.88919118
 0.89381706
 0.89804383
 0.89787129
 0.89715173
 0.89720254
 0.90077679
 0.89682108
 0.89574545
 0.89896193
 0.90216289
 0.88975334
 0.89701173
 0.89941757
 0.89759085
 0.88410593
 0.88255584
   0.882046
 0.88081883
 0.88723973
 0.89262323
 0.89130439
 0.90129284
 0.90386142
 0.89600701
 0.88514208
  0.8855631
 0.88978955
 0.88471088
 0.88457923
 0.88157896
 0.88549591
 0.88634891
 0.88090027
 0.87382392
 0.87109443
 0.86909884
 0.87470497
 0.87334459
  0.8823384
 0.87894071
 0.87961095
  0.8791375
 0.87170925
 0.87296296
 0.87653949
 0.87017277
 0.87052339
 0.87384683
 0.87025766
 0.87063439
 0.86770856
 0.86382087
 0.86661615
 0.87377883
 0.86296459
 0.85844436
 0.85182844
  0.8547798
 0.84316502
 0.83879148
 0.83661855
  0.8432212
 0.84933849
 0.86475695
 0.86603764
 0.86332372
 0.85260272
 0.83897817
  0.8280117
 0.83368094
 0.83017267
 0.83013495
 0.82592487
 0.82603903
 0.82549831
 0.82919137
 0.83784494
 0.84052365
 0.84218247
 0.83770966
 0.84096584
 0.83942691
 0.84252705
 0.83943842
 0.83521332
 0.83657117
 0.83960336
 0.84090192
 0.84360192
 0.83832058
 0.83795774
 0.84784229
 0.84781838
  0.8431227
 0.84476719
 0.84839536
 0.85554133
 0.84144894
 0.84525857
 0.84190728
 0.84179424
 0.84262791
 0.84208493
 0.84237736
 0.85334343
 0.85060161
 0.85278677
 0.85502566
 0.85736007
 0.86134163
 0.86190214
 0.86241846
 0.87124324
 0.86801339
 0.87377522
 0.87756542
 0.87556908
 0.87756057
 0.87233031
 0.87893635
 0.87605621
 0.87329579
 0.86801543
 0.86655562
 0.87679824
 0.88343507
 0.88698053
 0.88807825
 0.88949239
 0.88666269
 0.88646361
 0.88249025
  0.8848438
 0.88435926
 0.89034754
 0.88793666
 0.89192941
 0.88826521
 0.88825722
 0.89238671
 0.89538109
  0.8916634
 0.88885577
 0.88803381
 0.89181554
 0.88510625
 0.88803409
 0.88982746
 0.88932826
 0.88738687
 0.87861047
 0.88090675
 0.87547643
 0.88059404
 0.87893843
 0.87846464
 0.88447603
 0.88452041
 0.87000835
 0.86937375
 0.86563848
 0.86510508
 0.85693895
 0.84912776
 0.83835406
 0.84525803
 0.84019247
 0.83934517
 0.83630041
 0.84945277
 0.83766548
 0.85825728
 0.84833053
 0.85655265
 0.85722446
 0.85589315
 0.84308468
 0.83193648
   0.831738
 0.83338851
 0.83319458
 0.84767232
 0.84074554
 0.83580981
 0.82462307
 0.84994389
 0.85720283
 0.85101478
 0.85251056
 0.84449812
 0.84551441
 0.85077389
  0.8423219
 0.85049282
 0.85901039
 0.85883896
 0.86094551
 0.86463267
  0.8652376
 0.86754049
 0.86374388
 0.87621822
 0.87623694
   0.873577
 0.88267562
 0.88705281
 0.88255749
 0.88440868
 0.87325477
 0.87732251
 0.87145362
 0.85573951
 0.85616184
 0.85598267
 0.85398987
 0.85753625
 0.85908156
 0.84377762
 0.85143197
  0.8456877
 0.85229587
 0.85323039
 0.85729946
  0.8518317
 0.85018738
 0.84297015
 0.85081748
 0.85753166
 0.87081594
 0.87346026
 0.87289524
  0.8783224
 0.87709541
 0.87937994
 0.87070474
 0.87047915
 0.87394956
 0.86982993
 0.87573331
 0.87934609
 0.88650461
 0.88465366
 0.88819753
 0.87925666
 0.88084963
 0.87820272
 0.88426597
  0.8817907
 0.87986997
 0.88646385
 0.88451863
 0.88823863
 0.88687802
 0.89324573
 0.89820363
 0.89092944
 0.89225488
 0.88802725
 0.88912063
 0.89124465
 0.89234752
  0.8922209
 0.88669337
 0.88679374
 0.88803959
 0.88874065
 0.89095536
 0.89045699
 0.88603275
 0.88694378
 0.88437674
 0.87496738
 0.87536716
 0.88300315
 0.89591177
 0.88695031
  0.8903112
 0.89067219
  0.8857794
 0.88633933
 0.89366572
 0.89635911
 0.89711119
 0.89682264
 0.90194307
 0.90638812
 0.90466704
 0.90518369
 0.89708515
 0.89136167
 0.89476813
 0.89523678
 0.89466127
 0.89582332
 0.89404692
 0.88474378
  0.8774176
 0.88070399
 0.88075029
 0.88178692
 0.88840328
 0.88092943
 0.88883195
 0.89825808
 0.89555724
 0.89502628
 0.89250471
 0.88824329
 0.87215132
 0.87594121
 0.87405337
 0.88000818
 0.89320652
 0.89360029
 0.89319117
 0.90257027
 0.89802962
 0.89569797
 0.87913205
 0.88791445
 0.88802305
   0.885928
 0.88458611
 0.88844414
 0.88848906
 0.89048289
 0.89215319
 0.89538724
 0.89822483
 0.89974324
 0.89950417
 0.90281067
 0.89646226
 0.90113241
 0.90227502
 0.90260579
   0.898854
 0.89764155
 0.90181012
 0.89744019
 0.90177964
 0.89975147
 0.90423147
  0.9041352
 0.90193894
 0.90247822
 0.90300556
 0.90023655
 0.89874873
 0.89898863
 0.90607567
 0.90805118
 0.90631255
 0.90426471
 0.90143083
 0.89814701
 0.89567662
 0.89581115
 0.89051634
  0.8823913
 0.87266905
 0.87116771
 0.87132998
 0.87835681
 0.88136247
 0.87358471
 0.86863917
 0.87795857
 0.87782539
 0.87860058
 0.87136197
 0.88602393
 0.88711245
 0.88952327
 0.88921224
 0.88477223
 0.88747857
 0.88255832
 0.88975332
 0.89179624
 0.89295207
 0.88623988
 0.89124599
 0.89149502
 0.89001441
 0.88684369
 0.88498214
 0.88954726
   0.882063
 0.88642637
 0.88837292
 0.88749109
 0.88907943
 0.89526012
 0.89620554
 0.89673797
 0.90310193
 0.90327792
 0.89826437
 0.88986343
 0.89568398
 0.89967911
 0.90334144
 0.90364791
 0.90302833
 0.90306414
 0.90286675
 0.89839864
 0.89208039
 0.89510813
 0.90168396
 0.89761761
 0.90178463
 0.90020575
 0.89898607
 0.88697028
 0.89353472
 0.88874063
 0.88854346
 0.89975855
 0.89964819
 0.89796362
  0.9015873
 0.90825178
 0.91102888
 0.90999416
 0.91017043
 0.90701815
 0.90913104
 0.91456835
 0.91614596
 0.91755781
  0.9277975
 0.92462761
 0.92754611
 0.92489917
 0.92663337
  0.9261455
 0.92842023
 0.93785859
 0.93728596
 0.93764475
 0.93855744
  0.9365947
 0.93771523
 0.94003027
 0.93865606
 0.92864859
 0.92185038
 0.92612416
 0.93365345
 0.93431966
 0.92218534
 0.91379689
 0.90665159
 0.91115454
 0.90508675
 0.90440203
 0.90752564
 0.90452016
 0.90605349
  0.9107313
 0.91398019
 0.91579622
 0.91738639
  0.9189823
 0.91636092
 0.91028399
 0.90414321
 0.90480058
 0.90099273
 0.90269704
 0.90344715
 0.89867793
 0.89448733
 0.88685112
 0.89565421
   0.896918
 0.91110586
 0.91670279
 0.90973026
 0.91561433
 0.91627888
 0.91479727
 0.91143997
  0.9153047
  0.9150558
 0.91434006
 0.91102282
  0.9108224
 0.90833713
 0.90354907
  0.9118132
 0.91778371
 0.92087457
  0.9233077
 0.92160277
 0.92058598
 0.92038935
 0.91632208
 0.91523985
 0.91450857
 0.90777561
 0.91043613
 0.91038818
 0.90947078
 0.90755707
  0.9085837
 0.90890947
 0.91220163
 0.91344742
 0.92140681
 0.91250293
 0.90956881
 0.91591735
 0.91366761
 0.91157721
 0.92091849
 0.91968497
 0.92237294
 0.91912021
 0.91162052
 0.91449699
 0.91576426
 0.91624654
 0.91533482
 0.90695504
 0.90627031
 0.91226076
 0.90990352
 0.90604874
 0.89789683
 0.89422621
 0.89745927
  0.8936293
 0.90042606
 0.90533369
 0.89493044
 0.90597102
 0.89409645
 0.91383732
 0.91586686
 0.90947806
 0.90984435
 0.91170989
 0.90864381
 0.90820946
 0.91084453
 0.90894823
  0.9097364
 0.91604159
 0.91560634
 0.91536412
 0.91506413
 0.91094337
 0.91349229
 0.91500818
 0.91996345
 0.92533704
 0.92750327
 0.93553423
 0.93043695
 0.93150292
 0.92659095
 0.92518711
 0.92992832
  0.9273476
 0.93710326
 0.93355103
 0.92911432
 0.92867276
  0.9375405
 0.93869328
  0.9365789
 0.93626774
 0.92668027
 0.91733554
 0.91773788
  0.9124585
 0.90525782
  0.9057443
 0.90601217
 0.91367473
 0.92068723
 0.92622866
 0.93235628
 0.93105927
 0.93541687
 0.93916116
 0.93952711
 0.94081041
 0.95070398
 0.94402723
 0.93494605
 0.93689707
 0.94184977
  0.9413864
 0.94458795
 0.94511403
 0.94392397
  0.9410461
 0.94178756
 0.94034568
 0.93704423
  0.9415707
 0.93765854
 0.93266739
 0.93405158
 0.93406218
 0.93940995
  0.9377296
 0.93518992
 0.93320645
 0.93560884
 0.93872608
 0.93371118
 0.93007276
 0.93054693
 0.93034847
  0.9307819
 0.92908509
 0.92955931
   0.927675
 0.92281469
 0.91862446
 0.91806038
 0.91540086
 0.90543455
 0.91266393
 0.90980907
 0.91719116
 0.90901232
 0.91393843
 0.91589718
 0.91154831
 0.91594252
 0.91018162
 0.90900014
  0.9134078
  0.9103125
 0.90514895
 0.90469462
  0.9056659
 0.90862702
 0.91185252
 0.91139205
 0.91881245
   0.919776
 0.91746326
 0.90962101
 0.90575591
 0.90271972
 0.89626974
 0.89813782
  0.8990088
  0.8945171
 0.88791647
 0.89863476
 0.90094372
 0.90093558
 0.90825424
 0.91466869
 0.92241288
 0.91936587
 0.92461116
 0.91669288
 0.91651637
 0.92063245
 0.92618245
 0.92140414
 0.92205553
 0.91924971
 0.91600422
 0.91806677
 0.92428689
 0.92537775
 0.92139933
 0.91678088
 0.91376075
  0.9143545
 0.91326256
 0.91298819
 0.90799885
 0.91241836
 0.91482558
  0.9150728
 0.90795334
 0.90697413
 0.91265607
 0.91384853
 0.91225954
 0.91666019
 0.90653296
 0.90768416
 0.91905927
  0.9171087
 0.91737481
 0.92358011
 0.92783731
  0.9227647
 0.92070041
 0.92786593
 0.92986877
 0.93079162
 0.92881768
 0.93566236
 0.93811818
 0.94563822
 0.94479613
 0.93622737
 0.93717312
 0.93701434
 0.93825909
 0.95207131
 0.95608814
 0.95322436
 0.95504773
 0.95050721
 0.94485187
 0.94662384
 0.94418986
  0.9400137
 0.93407557
 0.93901445
 0.94024426
 0.93876791
  0.9428383
 0.94259948
 0.94178244
 0.94431919
 0.94138829
 0.93822713
 0.93371201
 0.94109147
 0.94429856
 0.94008939
 0.93456989
 0.94108613
 0.93598446
 0.94938857
 0.94624414
 0.94612095
  0.9429803
 0.93721275
 0.93282361
 0.93109795
 0.92075745
 0.91885224
  0.9236698
 0.92462701
 0.92958998
  0.9204613
 0.92155557
 0.92888429
  0.9237234
 0.92863604
 0.92593928
 0.92773344
 0.92847964
 0.91750962
 0.91950152
 0.92082382
 0.92061522
 0.91268225
 0.90577671
 0.89861542
 0.90105415
 0.90586552
 0.90845361
 0.90241029
 0.90690812
 0.90648908
 0.90757341
 0.92108817
 0.92741516
 0.93236262
 0.93233352
 0.93386058
 0.93304129
 0.93676169
 0.93182929
 0.93772744
 0.94030926
 0.93754121
 0.93310986
 0.92674089
 0.93705086
 0.93916672
 0.94268478
 0.93754141
 0.93896094
 0.94167558
 0.94418205
 0.94177697
 0.94337168
 0.94062084
  0.9344231
 0.93771066
  0.9376848
 0.94352043
  0.9416499
 0.94069691
  0.9399376
 0.93181365
 0.93237664
 0.93029211
 0.93059679
 0.93001666
  0.9283778
 0.92058363
 0.92371924
 0.91875434
 0.91422105
 0.90913341
 0.90292121
 0.91349287
 0.91924993
 0.92596185
 0.91973559
 0.92548594
 0.93048766
  0.9272564
 0.92442713
 0.92667564
 0.92498484
 0.91850672
 0.92640657
 0.93767952
 0.94624538
 0.94804704
 0.94207174
 0.93915089
 0.94009727
 0.93380066
 0.93599074
 0.93908839
 0.94436395
 0.94454382
 0.93778898
 0.93723611
 0.93663717
 0.92954243
 0.92739733
 0.92889254
 0.93537575
 0.93742898
 0.93442301
 0.91971955
  0.9246476
 0.92351833
 0.92107589
 0.91597297
 0.90587643
 0.90329453
 0.89611327
   0.894461
 0.90536242
 0.91044005
 0.91614767
 0.91992164
 0.92870465
 0.92133472
 0.91956938
 0.92282982
 0.92931442
 0.92837424
 0.92863751
 0.92598197
  0.9262508
 0.92568718
    0.93075
 0.92730838
 0.93320583
 0.93788694
 0.93689616
  0.9361615
 0.94234854
 0.93928158
 0.93604076
 0.93917339
 0.93739079
  0.9408745
  0.9335116
 0.93987102
 0.93847607
 0.94271874
 0.93205183
 0.93579352
 0.93008283
 0.92170815
 0.91562727
 0.91596419
 0.91372724
  0.9062493
 0.91117084
 0.91060284
 0.92263799
 0.93216958
 0.92072958
 0.91685031
 0.92535546
 0.93169974
 0.93794556
 0.94620093
 0.93933627
 0.93966748
 0.93567404
 0.93560934
  0.9374111
 0.93814389
 0.93770946
 0.94269858
 0.94786707
 0.94212561
 0.94327929
 0.94568262
 0.94888862
 0.95046116
 0.94635039
 0.94543797
 0.94333568
 0.95028472
 0.94092438
  0.9384865
 0.94166052
 0.94226058
 0.94849619
 0.95225558
 0.95275704
 0.94869966
 0.95011788
 0.94979496
 0.94813903
 0.94815455
 0.94440333
 0.93831802
 0.93610566
 0.93390749
 0.93410378
 0.93424496
 0.93661257
 0.93605728
 0.93669558
 0.93545562
  0.9379014
 0.93920591
 0.93886717
 0.94377946
 0.93996614
  0.9381479
 0.93193205
 0.92575995
 0.92407437
 0.92898113
 0.93490148
 0.93468263
 0.93505811
 0.93609169
 0.93382148
 0.93556256
 0.93435177
 0.93400999
 0.93249151
 0.93292768
   0.939203
 0.93193801
 0.93763485
 0.92517969
 0.91814611
 0.91750179
 0.91939903
 0.92429017
 0.91107942
 0.91110921
 0.91290432
 0.91840378
 0.93012845
 0.93617341
 0.93501894
 0.92407029
 0.93273471
 0.92443288
 0.92256898
 0.92796954
 0.92259709
 0.92042534
 0.91599414
 0.92224458
 0.92679773
 0.92967039
 0.93096785
  0.9302345
 0.93295812
 0.93336532
 0.93932007
 0.93290363
  0.9309604
 0.93027677
 0.93103607
 0.93188439
 0.93021933
 0.92652773
 0.92314476
 0.92495467
 0.91690014
 0.91745702
 0.91814274
 0.92197878
  0.9243739
 0.92733959
 0.93405418
 0.93694228
 0.93150881
 0.92860196
 0.93648011
  0.9331031
 0.93789741
 0.93690614
 0.93633335
 0.93243596
  0.9343414
 0.93921955
 0.94145377
 0.94411997
 0.94385158
 0.94397355
 0.94147441
 0.94304438
 0.93346847
 0.93470419
  0.9310959
 0.93520588
 0.92298249
 0.93512664
  0.9276993
 0.92623975
 0.93400504
 0.92522233
 0.93396139
 0.94206167
 0.93577377
 0.93907954
 0.92666901
 0.93410252
 0.93862347
  0.9403977
 0.94844879
 0.94056948
 0.93353271
 0.93780992
 0.92497037
 0.91568226
 0.92370855
 0.92147203
 0.91775972
 0.92290967
  0.9213743
 0.92424025
 0.92280886
 0.92198957
 0.91713643
 0.92764552
 0.91538287
 0.92402522
 0.92511994
 0.92497009
 0.93384091
  0.9401669
 0.94324242
 0.94862295
 0.94823127
 0.95166694
 0.94465143
 0.94339053
 0.93800213
 0.93399895
 0.94258699
 0.92969025
 0.92848168
 0.92932266
 0.92709926
 0.90861296
 0.90444373
 0.89407297
 0.90676455
 0.91012188
 0.90192356
 0.91712829
 0.91298202
 0.91929432
 0.91898296
 0.91678005
 0.92324918
 0.92188279
 0.91895744
 0.91835109
 0.92403289
 0.93322067
 0.94202676
 0.93678256
 0.94195368
  0.9391635
 0.94691842
 0.94015013
 0.94218233
 0.94565825
 0.93880015
 0.94270764
  0.9382489
 0.93601697
 0.94406933
 0.94521236
 0.94853729
 0.94459066
 0.94740552
 0.94018143
 0.93882219
 0.93022047
 0.93577456
 0.93330275
 0.92963769
 0.92610573
 0.92778506
 0.90697158
 0.91645082
 0.92374671
  0.9310006
 0.92567321
 0.92745112
 0.93205544
 0.93366788
 0.93227578
  0.9274876
 0.92464209
 0.92222606
 0.93761254
 0.92759376
 0.94122367
 0.93667289
 0.92301719
  0.9364682
 0.93303752
 0.92757005
 0.92753372
 0.93362444
 0.92549131
 0.92996154
 0.93702637
 0.94287094
 0.94721244
 0.93746325
 0.93022791
 0.93645053
 0.94450893
 0.94432237
 0.94779842
  0.9383095
 0.93617283
 0.93532273
  0.9260111
 0.92629121
 0.92636186
  0.9274138
 0.92513251
  0.9300807
 0.93299918
 0.93600886
 0.93200467
 0.93224032
 0.93103387
 0.92207425
 0.91998555
 0.91860993
 0.90899654
 0.92814778
 0.92416836
 0.92380977
 0.92064294
 0.92479705
 0.92505119
 0.92266998
  0.9213619
 0.92031148
 0.91311027
 0.92016533
 0.90978875
 0.90675116
  0.9066475
 0.90130102
 0.90362775
 0.90970509
 0.90840691
 0.92065285
 0.91332631
 0.91309953
 0.90876415
 0.90357538
 0.89358183
 0.88273996
  0.8807186
 0.88312958
 0.88278992
 0.87159706
 0.87183624
 0.86977599
 0.86944171
 0.86909118
 0.88111277
 0.87674435
 0.87778341
 0.87658005
 0.87943955
 0.88124753
 0.88539501
 0.88066181
 0.87044176
 0.86893042
 0.87232156
 0.87805253
 0.87708355
 0.87960867
 0.87901516
  0.8715888
 0.87859033
 0.87889048
 0.87439438
 0.87120388
 0.86770725
 0.86699909
 0.87291545
 0.87182886
 0.87634821
 0.87285619
 0.87461046
 0.86701905
  0.8734758
 0.86822053
 0.87524362
  0.8721917
 0.87637265
 0.88556985
 0.88567078
 0.88577087
 0.88007781
 0.88335717
 0.88161313
 0.88065821
 0.88695127
 0.88416694
 0.88192536
  0.8840472
 0.88633964
 0.88862704
 0.88782982
  0.8902786
 0.89123578
 0.89435565
 0.89167216
 0.88986445
 0.88947634
 0.88586683
 0.88797785
 0.87952697
 0.88351082
 0.88489668
 0.88675947
 0.88801851
 0.89181967
 0.89544677
 0.89628738
 0.89978238
 0.90078988
 0.90092178
 0.89957608
  0.8987833
 0.89646882
 0.89901623
 0.90227017
 0.90417008
 0.89948059
 0.89669998
 0.89857088
 0.89812179
 0.89580911
 0.89850479
 0.89604301
 0.90042673
 0.90741169
 0.90955145
 0.91006813
 0.90858672
 0.90774929
 0.91158107
 0.90955479
 0.89163727
 0.89118457
 0.88624443
  0.8859411
 0.88854896
 0.88916885
 0.88980607
 0.87815411
 0.87768339
 0.87450629
 0.86897191
 0.85236676
 0.84293163
 0.84364072
 0.84205561
 0.83704299
 0.83822718
 0.84154078
 0.84089128
 0.84640253
 0.84871818
 0.85078633
 0.85373265
 0.85177519
 0.85157781
  0.8544669
 0.84968063
  0.8476113
 0.84649616
 0.84928146
 0.84734405
   0.844586
 0.84308778
 0.83240936
 0.82986758
 0.83626449
 0.82791092
 0.82842627
 0.83592908
  0.8307503
 0.83526917
  0.8340379
 0.82938378
 0.83816717
 0.83716108
 0.84105246
 0.84041493
 0.84517795
 0.83265098
 0.84274721
 0.84715479
 0.85072486
 0.85794032
 0.85758152
 0.85868681
 0.85253639
 0.86339717
 0.86972555
 0.87320405
 0.87101327
 0.86339737
 0.86490778
 0.86859329
 0.86561901
 0.86793247
  0.8673576
 0.86725502
 0.87101216
 0.87795297
 0.87805618
 0.88017818
 0.88366567
 0.87755225
 0.88179708
 0.88115403
 0.87420036
 0.87771067
 0.87568632
  0.8741448
 0.86847945
 0.87255728
 0.87401195
 0.87628574
 0.87393619
 0.87892829
 0.87829882
 0.87968563
 0.87205871
 0.86870446
 0.87147507
 0.86390748
 0.86968411
 0.86855541
 0.86323055
 0.85863507
 0.85980539
  0.8631103
 0.86292761
 0.86720221
 0.85493319
 0.86497418
  0.8620461
 0.85783329
 0.85361165
 0.84906266
 0.85416637
 0.85342257
 0.85567126
 0.84785293
 0.84463508
 0.85772379
 0.86087958
 0.86356222
 0.86831586
  0.8700603
 0.86499398
 0.87041689
 0.86206706
 0.86682086
 0.86939838
 0.86438271
 0.85901365
 0.84802034
 0.85035677
 0.84747982
  0.8387199
 0.84348036
 0.84612011
 0.83087276
  0.8320959
 0.82577677
 0.81991377
 0.81953928
 0.81881656
 0.83004587
 0.83283053
 0.83207222
 0.83565468
 0.83642468
 0.83304559
 0.83788919
 0.82992487
 0.82999235
 0.83370417
 0.83266854
 0.84093064
 0.83899065
 0.84223766
 0.83521641
 0.83791997
 0.82897098
 0.83210591
 0.84677538
 0.84163718
 0.84690935
 0.85203118
 0.85432723
 0.85760909
 0.86016817
 0.85505972
 0.85771193
 0.85806902
 0.86118341
 0.86000219
 0.85832374
 0.85791255
 0.85550079
 0.85391023
 0.85514633
 0.85932128
 0.86171582
 0.86252758
 0.86386309
  0.8649951
 0.86498723
 0.86946293
 0.87150624
 0.86782332
 0.86624481
 0.86714567
 0.86174394
 0.86710189
 0.86342459
 0.86648239
 0.86068192
   0.861116
 0.85519294
  0.8532418
 0.85241034
 0.85883158
 0.85265851
 0.85315617
 0.85345066
 0.85527994
 0.85227117
 0.84738507
 0.85541947
 0.85520561
 0.85726665
 0.84969245
 0.85208821
 0.85175468
 0.84382274
 0.85538068
 0.85437295
  0.8585672
 0.85232565
 0.85962624
 0.85368304
 0.86224871
 0.85379542
 0.86036448
  0.8591255
 0.85172447
 0.85107875
  0.8578366
 0.86528666
 0.86323749
 0.86704404
 0.86699284
 0.87537876
  0.8714245
 0.87321034
 0.86711375
 0.86571862
 0.86764932
 0.86592055
 0.86763078
 0.85950104
 0.85846425
 0.84973902
 0.85434071
 0.85061559
 0.85715303
 0.85219629
 0.84443189
 0.84790542
 0.84054465
 0.84263738
 0.84888171
 0.85238964
 0.84890444
 0.85813684
 0.85909159
 0.85032721
 0.85730309
 0.85573485
 0.85837384
 0.86465868
 0.85642573
 0.85923433
 0.85152143
 0.84699507
 0.84982367
 0.84324627
 0.84934811
 0.84284014
 0.85280549
 0.85663179
 0.85882694
 0.86072614
 0.86546842
 0.86634407
 0.86367962
 0.86168353
 0.85922264
 0.85794769
 0.86325765
 0.86803834
 0.86520855
 0.86992922
 0.86738326
 0.86536296
 0.86842996
 0.87192111
 0.87675273
 0.87747682
 0.87714338
 0.87208055
 0.87010723
 0.87133393
  0.8765778
 0.87507993
 0.87536986
 0.87880768
 0.87796545
 0.87597632
 0.87649155
 0.87285203
 0.87227611
  0.8727423
 0.87539244
 0.87148066
 0.87150572
 0.87231875
 0.86978472
 0.87412721
 0.86914786
 0.86967883
 0.86676123
 0.86772453
  0.8618894
 0.87060241
 0.86342853
 0.86030191
 0.86862982
 0.87096293
 0.86769149
 0.86514249
 0.86679703
  0.8591737
 0.85766705
 0.85636302
 0.86072507
 0.86250832
 0.86316186
 0.87022616
 0.86605788
 0.87854414
 0.87390146
  0.8677853
 0.86927426
 0.87483486
 0.87305034
 0.87753334
 0.88412391
 0.88549513
 0.89243243
 0.89566746
 0.89695504
 0.89295112
 0.89008499
  0.8835515
 0.88690223
 0.88978818
 0.88569295
 0.89038022
 0.88503721
 0.88499936
 0.89194064
 0.89496262
  0.8975339
 0.89645899
 0.88964188
 0.89007301
  0.8889372
 0.89428617
 0.89443255
 0.89313358
 0.88877053
 0.89374383
 0.89543799
 0.89903076
 0.90076467
 0.89710344
 0.89505512
 0.88873914
 0.89481942
 0.89265738
  0.8927122
  0.8928692
 0.89220283
 0.89302298
 0.89499274
 0.89622427
 0.89725509
 0.89691436
 0.89891186
 0.89883191
 0.90108474
 0.89700066
 0.90449701
 0.90348895
 0.90666295
 0.90701115
 0.90772777
 0.90890637
 0.90575327
 0.90725189
 0.90600675
 0.90682143
 0.90131103
 0.89823333
 0.89798339
 0.88664065
  0.8940252
 0.89061655
 0.88849587
  0.8896772
 0.89098533
 0.89572719
 0.90269765
 0.89753265
 0.89089003
 0.88489993
 0.88426417
 0.89271318
 0.89732963
 0.89283592
 0.89085357
 0.88764023
 0.88975735
 0.89248909
 0.89643003
 0.89674658
 0.89810052
 0.90123318
 0.90355439
 0.90473774
 0.90075564
 0.90134475
 0.89811061
 0.90327092
 0.89882345
 0.89447323
 0.89488551
  0.8955675
 0.89137791
 0.89279561
 0.88630595
 0.89665378
 0.89637806
 0.89714674
 0.89445154
 0.88811527
 0.88326366
 0.88347177
 0.88228017
 0.88108701
 0.87912587
  0.8809159
 0.87627817
 0.88281216
 0.88225599
 0.87477049
 0.87555854
 0.87441643
 0.87171394
 0.86736254
 0.86716534
 0.87384782
 0.86926468
 0.86343047
 0.86716213
  0.8707399
 0.87357216
 0.87793251
 0.87018308
 0.86822039
 0.86639141
 0.86314458
 0.87325938
 0.86648821
 0.87475403
 0.87252591
 0.87285968
 0.87288063
 0.88235632
 0.88855506
 0.88454794
 0.88542964
 0.88436243
 0.89382747
 0.88779033
 0.88518056
 0.87911841
 0.87990052
 0.87748717
 0.87858484
 0.88270129
  0.8857695
 0.88681711
 0.88758843
  0.8892631
   0.888675
 0.89454794
   0.899462
 0.90358121
 0.90816504
 0.90532179
 0.90394278
 0.90680105
 0.89886076
 0.89817217
 0.89911827
 0.89115131
 0.88407013
 0.89738781
 0.89033661
  0.8924193
 0.89503182
 0.88765597
 0.89228975
 0.88818833
 0.89020791
 0.89144752
 0.88537925
 0.89068597
 0.88765495
 0.88734788
 0.88033407
  0.8734034
 0.87827412
 0.87083778
 0.87253957
 0.87802252
 0.87363598
 0.87833014
 0.87526554
 0.87265484
 0.86276804
 0.87865985
 0.87902611
  0.8756183
 0.88494687
 0.88998766
 0.88833495
 0.88472851
 0.88106886
 0.88059388
 0.88381225
    0.88809
 0.88558801
 0.89072655
 0.88977615
 0.89783512
 0.90112809
 0.90059081
 0.89682535
  0.8930417
 0.88660991
 0.88194598
  0.8800725
 0.87292807
 0.87393223
 0.88271342
 0.88365268
 0.88338323
 0.88600492
 0.89105565
 0.88865151
 0.88559736
 0.87891592
 0.88417141
  0.8870341
 0.88200746
 0.88595166
  0.8891945
 0.88934334
 0.89075059
 0.88993578
 0.89296228
 0.88954835
 0.89155526
  0.8946255
  0.8988409
 0.89959735
 0.89718323
 0.90416126
 0.90635125
 0.90655088
 0.90785862
 0.90684142
 0.90424531
 0.90691129
 0.90363166
 0.90349466
 0.90177217
 0.89391478
  0.8918263
 0.89556173
 0.89374331
  0.8907185
 0.89321082
 0.90118741
 0.90022608
 0.90027576
 0.90360436
 0.90402553
 0.90503698
 0.90527355
 0.90709956
 0.90441537
 0.89451618
 0.89918937
 0.90411008
 0.90740165
 0.90495637
 0.90306954
 0.90936236
 0.90966021
 0.91345804
 0.91382146
 0.91602592
  0.9127237
 0.91459956
 0.91246106
 0.90811167
    0.90348
 0.90559613
 0.91382373
  0.9188513
 0.91726144
 0.91778299
  0.9138345
 0.91168851
 0.90915889
 0.90865648
 0.90518351
 0.90319837
 0.90257416
 0.89261943
 0.90192133
 0.91420076
 0.91537541
 0.91473991
 0.90858246
 0.90955753
 0.91313443
 0.91897979
 0.92071591
 0.91616845
  0.9187597
 0.91789194
 0.90831366
 0.90197676
 0.90543558
 0.90721494
 0.91098916
 0.90918729
 0.91150334
 0.90612621
 0.90722779
 0.90737139
  0.9030197
 0.90057813
 0.90063879
 0.89674961
 0.89627309
 0.89826029
 0.90545459
  0.9027839
  0.8967303
 0.89670106
 0.88493624
 0.88491256
 0.88871497
 0.88814769
 0.89137611
 0.90162487
 0.89982828
 0.89671493
  0.9014884
 0.90114032
 0.89988291
 0.89603187
 0.89324434
 0.88022177
  0.8766544
 0.89874276
 0.89974795
 0.88987795
  0.8928935
 0.89554817
 0.89922199
 0.90448026
 0.90428095
 0.89633398
 0.89530458
 0.89943238
 0.90143475
 0.89810486
  0.9039941
 0.89371705
 0.89316872
 0.89013515
 0.88976931
 0.88457326
 0.88015768
 0.87182717
 0.87554669
 0.88248015
 0.88714077
 0.88942331
 0.89297356
 0.89973879
 0.91146513
 0.91018907
 0.90588899
 0.90676774
  0.9129546
 0.91081462
 0.91303231
  0.9105089
 0.91148778
 0.90794402
 0.90906743
 0.90639644
 0.91468911
 0.91139176
 0.90592922
 0.91263784
 0.91716674
 0.91699531
 0.91657663
 0.91393423
 0.91217356
 0.90915124
 0.90691295
 0.90340151
 0.89582539
 0.89809614
 0.90854682
 0.90537124
 0.90709503
 0.91415335
 0.91190857
 0.90571658
 0.90520929
 0.90129924
 0.88919401
  0.8952272
 0.91125186
 0.91263934
 0.91380854
 0.91214262
 0.91565997
 0.91527337
 0.91859705
 0.91844726
 0.91866643
 0.91268261
  0.9171128
 0.91513859
 0.90998592
 0.91131136
 0.90544298
  0.9077211
 0.91112639
 0.90188562
   0.903145
  0.8970059
 0.89304099
 0.89043048
 0.89440448
 0.89447251
 0.90873372
 0.90328314
 0.90597186
 0.89797392
 0.88853319
 0.89526926
 0.89937639
 0.90041305
 0.89407578
 0.89472553
 0.89381582
 0.88926154
 0.90154025
 0.90896932
 0.90894569
 0.90735679
 0.90754364
 0.90349118
 0.89999318
 0.90830159
 0.90614794
 0.90389526
 0.90069628
 0.90540892
  0.9083605
 0.91555524
 0.91936709
 0.92083774
 0.91488493
 0.91073911
  0.9045128
 0.91224655
  0.9089736
  0.9037399
 0.89847253
 0.90007339
 0.89618436
 0.89690778
 0.90048197
 0.90675101
  0.9134286
 0.91561321
  0.9172537
 0.92158048
 0.93069105
 0.93252948
 0.93118753
 0.93364879
 0.93799602
 0.93964321
 0.94207879
 0.93967616
 0.94201531
 0.94283153
 0.94341798
  0.9442316
 0.94148699
 0.94042323
 0.93809671
 0.92847746
  0.9278297
 0.91541796
 0.91858371
 0.93182271
 0.93070043
 0.93250346
 0.93720781
 0.93815063
 0.92871523
 0.92197563
 0.92399401
 0.92053164
 0.91808738
 0.92500544
 0.92512188
 0.92777984
 0.92715314
 0.91857419
 0.92391262
 0.92270745
 0.92874032
 0.91734037
 0.91891192
  0.9200239
 0.91704397
 0.91870698
 0.91978285
 0.91928584
 0.92429843
 0.91791046
 0.91704677
  0.9186569
 0.91235775
 0.90750928
 0.90854335
 0.90745151
  0.9049061
 0.90919056
  0.9065862
 0.89965912
  0.8848782
 0.88082802
 0.86829213
  0.8639786
 0.85712725
 0.84441738
 0.83855955
 0.84311145
 0.84601026
 0.84322373
  0.8371261
 0.83526039
 0.83382292
 0.83028709
 0.82809587
 0.82659122
 0.82931516
 0.81168253
 0.80662046
 0.80692005
 0.80983003
 0.81381307
 0.79718253
 0.79499399
 0.79575601
 0.78645485
 0.80128966
 0.79971467
 0.79873513
 0.79067079
 0.79475728
 0.81061066
 0.81293919
 0.81968211
 0.82149963
 0.83443163
 0.83587336
 0.83385568
 0.82811202
 0.83274759
 0.84167943
 0.83755995
 0.83372614
 0.84568867
 0.84765524
 0.84024736
 0.84057668
 0.84623898
 0.85074873
 0.85395544
 0.85517605
 0.85261038
 0.83942702
 0.83472614
 0.83974257
 0.83248485
 0.84253957
 0.83540316
 0.82537119
 0.81698266
 0.81982512
 0.83429896
 0.82736794
 0.83010245
 0.83139767
 0.83357568
   0.827781
 0.82571313
 0.83758355
 0.83563819
 0.83781091
 0.83063888
 0.82879197
 0.83265598
 0.83252722
 0.83459449
 0.82898956
  0.8334943
 0.83846443
 0.84862197
 0.84340085
  0.8495613
  0.8466323
 0.84569036
 0.83834529
 0.83981544
 0.84042332
  0.8513702
 0.84943419
 0.84644347
 0.84890463
  0.8507055
 0.84934652
 0.85336527
 0.85218883
 0.85470853
 0.85433442
 0.85722066
 0.85360549
 0.85317493
 0.84189128
 0.84358371
 0.84684203
 0.85464663
  0.8507756
 0.84269715
  0.8499414
 0.85092232
  0.8510074
 0.84859984
 0.85406623
 0.86024551
  0.8612015
 0.86030512
 0.85672208
 0.86301027
 0.86338639
 0.86181589
 0.86077402
 0.86263271
 0.85585343
 0.85714088
 0.85709248
 0.86189217
 0.86676702
 0.86786525
 0.86932311
 0.86801567
 0.87181721
 0.86894506
 0.86766723
 0.87278645
  0.8683563
 0.86400553
 0.87246349
 0.88060906
 0.88939523
 0.88898877
 0.88862268
  0.8859285
 0.88528104
 0.88789527
 0.88761246
 0.89492632
 0.89154331
 0.90103855
 0.89733256
 0.89139249
 0.88982391
 0.88986303
 0.88894396
 0.89153444
 0.89172698
 0.88635892
 0.88834428
 0.88537786
 0.88279713
 0.88399548
 0.88422641
 0.88501721
 0.88480503
 0.89201816
  0.8921564
 0.88988916
 0.89016943
 0.88973597
 0.88953515
 0.88682702
 0.88902588
 0.88862472
 0.89224793
 0.89598643
 0.89248483
 0.89217566
 0.88712097
 0.89043038
 0.88626197
 0.87900107
 0.87365463
 0.88097815
 0.87614019
  0.8769706
 0.88183648
 0.88052999
 0.88527187
  0.8802681
 0.88487572
 0.88257269
 0.88154601
 0.87993332
 0.87678195
 0.87295945
 0.87807686
 0.87474443
 0.87416774
 0.87649663
 0.87874905
 0.87559223
 0.87208016
 0.87187423
 0.86779132
 0.87086915
 0.86840788
 0.86342825
 0.86580375
 0.86013496
 0.86664428
 0.86649125
 0.86625904
 0.86988442
 0.86459725
 0.86663443
 0.86620021
 0.85814671
 0.85713692
 0.85936433
 0.85588942
 0.86270589
   0.858787
 0.86413255
 0.86158078
 0.86037304
 0.86390559
 0.86662096
 0.86987463
 0.87589223
 0.87926646
  0.8813655
 0.88194217
  0.8703958
 0.86974191
 0.87269902
 0.87036704
 0.86455136
 0.86530967
 0.86652195
 0.86957384
 0.87564934
 0.87695106
 0.86995322
  0.8607811
 0.87781313
 0.87464812
 0.86931677
 0.87167351
 0.87209135
 0.86490593
 0.86493772
  0.8709419
 0.86806347
 0.86897703
 0.86468526
 0.86131847
 0.86032615
  0.8649751
  0.8720367
 0.87108943
 0.87339902
 0.87233626
 0.86799953
 0.86681128
 0.86093766
   0.861978
 0.86871008
 0.86472228
  0.8617931
 0.85790417
  0.8481532
 0.84752302
 0.85330606
  0.8453563
  0.8457081
   0.830173
 0.80604375
 0.81104981
 0.80397702
 0.82185856
 0.81137246
 0.81878252
 0.83095847
  0.8324088
  0.8380298
  0.8506778
 0.85727895
 0.86682503
 0.87587554
 0.87701443
   0.873766
    0.87282
 0.86768891
 0.86332081
 0.87239465
   0.880783
 0.87876213
 0.87760868
 0.88460497
  0.8899206
 0.89826953
 0.89850984
 0.89279515
 0.89785982
  0.8971222
 0.88824658
 0.88307939
 0.88887239
 0.88900835
 0.88698929
 0.89249989
 0.89375881
 0.89034107
 0.89023427
 0.89038675
 0.89670831
 0.89978325
 0.90116387
 0.89784423
 0.89692398
 0.88955705
 0.88990216
 0.88230015
 0.88053966
 0.87402961
 0.87381412
  0.8754983
 0.87438349
 0.87806459
 0.87452827
 0.87118337
 0.87276906
 0.87748451
  0.8719191
  0.8711421
 0.87609915
 0.87480277
 0.88189729
 0.88405181
 0.88022804
 0.88097141
 0.87928572
 0.87541718
 0.87288504
 0.87250406
 0.86980296
 0.86480825
 0.86926899
 0.86785735
  0.8624087
 0.86574668
 0.87375804
  0.8777133
 0.87475126
 0.86544428
  0.8642906
 0.86726226
 0.86899447
 0.87145603
  0.8716173
  0.8791375
  0.8786074
 0.88566371
  0.8862674
 0.89153172
 0.88363216
 0.88311844
 0.88449284
 0.88014341
 0.87946578
 0.87807832
 0.88707199
 0.89799507
 0.90258781
 0.90871281
 0.90389723
 0.90753026
 0.90870447
 0.90489438
 0.89687035
 0.88711578
 0.89094305
 0.89223858
 0.89937311
 0.89259834
  0.8848131
 0.87764245
 0.88280493
 0.88335395
 0.87758102
 0.87829253
 0.87802768
 0.88243796
 0.88449915
 0.88106011
 0.88483262
 0.88666176
 0.88875655
 0.88980958
 0.89429187
 0.89814002
 0.89578742
 0.88299836
 0.87571759
 0.87567457
 0.88064816
 0.88405995
  0.8857775
 0.88907372
 0.88837908
 0.88819842
 0.88575879
 0.89232737
  0.8915795
 0.89393431
 0.89615456
 0.89228187
 0.89713559
 0.89658966
 0.88935739
 0.89271053
  0.8906518
 0.88229065
 0.88833202
 0.87790222
 0.87724886
  0.8800688
 0.88005733
 0.87665542
 0.88157656
  0.8652534
 0.87003512
 0.87194293
 0.87806152
 0.87242596
 0.87070125
 0.87123817
 0.86802586
 0.86900572
 0.86067552
 0.86134266
 0.86076304
 0.85355173
 0.85386367
  0.8488824
 0.84540436
 0.85535914
 0.85536029
 0.85805709
 0.86395164
 0.86040073
 0.85736341
 0.85829158
 0.86195577
 0.85821994
 0.85858911
 0.85438664
 0.86062763
  0.8551997
 0.86167886
 0.86509119
 0.86247741
 0.86098453
 0.85917579
 0.85500215
  0.8601877
 0.86028293
 0.85901573
 0.85839579
 0.85252115
 0.85292379
 0.85917399
 0.86062861
 0.86184997
 0.86890846
 0.86339829
 0.86718934
 0.86390262
 0.86685901
 0.85936466
 0.86149714
 0.85596053
 0.86328087
 0.86343957
 0.86141687
 0.86562614
 0.86962801
 0.87373463
 0.87351956
 0.87372855
 0.87613921
 0.87427563
 0.88141021
 0.87356218
 0.87414535
 0.87281454
 0.87762437
 0.87979788
  0.8841393
 0.88637282
 0.88417059
 0.88250955
 0.87581368
 0.87795933
 0.88457308
 0.88966794
 0.89685315
  0.8877169
 0.88458678
 0.87966647
 0.87629039
  0.8846298
 0.88166434
 0.89259023
 0.89245037
 0.89450035
 0.90237168
 0.88775591
 0.88195041
 0.88511784
 0.87847257
 0.87576565
  0.8805762
 0.88127051
  0.8707525
  0.8787108
 0.87575153
 0.87523887
 0.87233197
 0.87047821
 0.87831623
 0.87552573
 0.88272017
 0.89552855
 0.89126818
 0.90560824
 0.89805845
 0.88790647
 0.87609528
 0.87184619
 0.87337771
 0.87763602
 0.88594063
 0.87935278
 0.89322976
 0.88659398
 0.90041546
 0.90261067
 0.90463273
 0.91117422
  0.9113669
 0.90571947
 0.90825622
 0.90556823
 0.91096377
 0.90701831
 0.89772653
 0.90420212
 0.89914879
  0.9017065
 0.90870645
 0.91576464
 0.91159529
 0.91347089
 0.90900338
 0.91204063
  0.9136311
 0.90825256
 0.89919679
 0.90763511
 0.90280398
 0.90194817
  0.8953798
 0.89963418
 0.89589187
 0.90079895
  0.8970472
 0.90617282
 0.90390568
 0.90400333
 0.90491031
 0.90758843
 0.90616167
 0.90927598
  0.9172825
 0.91423697
 0.90797239
 0.90632397
 0.90554026
 0.91314521
 0.91735954
 0.92082652
 0.91843479
 0.90760485
 0.90740072
 0.90809074
  0.9163679
  0.9128735
 0.91198807
 0.91158115
 0.91232523
 0.91859642
 0.91188276
 0.91355163
 0.90835402
 0.90365108
  0.9012331
 0.91081492
 0.91831581
 0.92072185
 0.92007732
 0.91845679
 0.91943239
 0.92126064
 0.91827387
 0.91995042
 0.92204678
  0.9237522
 0.92308792
 0.91864953
  0.9130091
 0.91288862
 0.91093694
  0.9022864
  0.9043564
 0.89915517
 0.89396188
 0.90166781
 0.89562889
 0.89820227
 0.89975647
 0.89844224
 0.88753373
 0.88009282
 0.89404431
 0.89791239
 0.90192632
 0.89849121
 0.89028707
 0.88054281
 0.88178803
   0.877826
 0.87494763
 0.87066592
 0.85991637
 0.85738942
 0.86561488
 0.88358721
 0.88951777
 0.90368603
 0.90483342
 0.89973632
 0.90348043
 0.90525895
 0.90925607
 0.91046235
  0.9087453
 0.90839389
 0.90607795
 0.90432192
 0.90541225
 0.90288541
  0.9083406
 0.91104374
 0.91041694
 0.91170021
 0.91205592
 0.91190181
 0.91566412
 0.91574819
 0.91004642
 0.90567549
 0.91400198
 0.91484751
 0.91687231
  0.9131609
 0.91155148
 0.91210602
 0.91199579
 0.91441297
 0.91652751
 0.91635242
 0.91387146
 0.91022443
 0.90529203
 0.89817253
 0.89645333
 0.89686319
 0.89080934
 0.89243567
 0.88608388
 0.88636849
 0.87878427
 0.88293488
 0.87795368
 0.87875863
   0.877118
 0.88129292
 0.87790778
 0.87816266
 0.87528267
 0.88234677
 0.88411178
 0.88844755
 0.88269791
  0.8846922
  0.8826693
 0.88203555
 0.88492728
 0.89088789
  0.8803157
 0.88233641
  0.8782639
 0.88047516
 0.88435549
 0.88078742
 0.87822895
 0.88116867
  0.8884226
 0.88962521
 0.89077595
 0.88406182
 0.88916464
 0.89017493
 0.88904812
 0.89259882
 0.89435645
  0.8997393
 0.89851201
 0.90297131
 0.90587136
 0.90669117
 0.89546021
 0.89506282
 0.89978306
 0.90133208
 0.90040932
 0.89994179
 0.89458034
 0.89264683
 0.89153141
 0.88973647
 0.89345553
 0.89387468
  0.8987472
 0.89508073
 0.88773559
  0.8864764
  0.8774343
 0.87581245
 0.88525811
 0.87657828
 0.88611754
 0.87509332
 0.87260035
 0.87516684
 0.86845292
 0.87661239
 0.88656426
 0.88544558
 0.88118759
  0.8771019
 0.88041392
 0.86825131
 0.86450309
 0.86390539
 0.85974408
 0.85869144
 0.86247538
 0.87592257
 0.86581872
 0.86238604
 0.86698341
  0.8755084
 0.87638902
 0.89983739
 0.89603036
 0.89696643
 0.88723023
 0.88791751
 0.89642455
 0.89753096
 0.88275237
 0.87458025
 0.86845524
 0.86419314
 0.86439763
 0.87381227
 0.87584495
 0.88479554
 0.88643557
 0.88027485
 0.87592318
 0.87137383
 0.86350462
 0.87286462
 0.86783808
 0.86963046
 0.87508104
 0.87157006
 0.86718359
 0.86522342
 0.87163029
 0.87241132
 0.87506025
 0.87810046
 0.87771961
 0.87557415
 0.86967849
 0.86971502
 0.85688594
 0.85467787
 0.85419291
 0.84725166
 0.84200444
 0.85305786
  0.8559313
 0.85469036
  0.8470811
 0.85017305
 0.85489442
 0.85479002
 0.85635285
 0.86123234
 0.86726778
 0.87553303
 0.87396596
 0.87788121
 0.87434318
 0.87678742
 0.88247378
 0.89309456
 0.89493616
 0.89201291
  0.8977244
 0.90722455
 0.91036043
 0.90628902
 0.90459444
 0.90704649
 0.91893781
 0.91782963
 0.91736027
 0.91467091
 0.91234773
 0.91412877
 0.91698739
 0.91536349
 0.91187877
 0.90475964
 0.91318956
 0.91357349
  0.9154885
 0.90893163
 0.90624569
 0.90589637
 0.91463448
 0.91139855
 0.90156568
 0.88564749
 0.89359782
 0.90306424
 0.90984673
 0.90142372
 0.90827731
 0.91274943
 0.91135337
 0.90916412
  0.9083666
 0.91437483
 0.91827597
 0.91896486
 0.92003186
 0.91721056
 0.92233185
 0.92035155
 0.92032922
 0.91827165
 0.91576316
 0.91821431
 0.91922191
 0.91588606
 0.91469864
 0.91744021
 0.92145358
 0.91415539
 0.91566115
 0.91734892
 0.91346234
 0.91410605
  0.9189213
 0.91843515
 0.91740264
 0.92690513
 0.92608479
 0.91920567
 0.91897951
 0.91165523
 0.90538249
 0.90678587
 0.90880153
 0.91679871
 0.91348582
  0.9017146
 0.89241996
  0.8859335
 0.88080972
 0.88742707
 0.89025739
 0.88655117
 0.87839048
 0.87264662
 0.86945041
 0.87989869
 0.88437741
 0.88442029
 0.89781329
 0.90786015
   0.907206
 0.92500669
 0.92857621
 0.93048317
 0.93200161
  0.9365489
 0.93324916
 0.93063073
 0.93255403
 0.94194012
 0.94928379
 0.94342314
 0.94577996
 0.94658426
 0.94735588
 0.94409912
 0.93402389
 0.93869879
 0.93978942
 0.94248033
  0.9348549
  0.9372602
 0.93193811
 0.92736661
 0.92075502
 0.91157677
 0.90390362
 0.90180732
 0.90961876
 0.91658097
 0.90778733
 0.91233582
 0.89903246
 0.91071742
 0.90618221
 0.91035627
  0.9155484
 0.91235649
 0.91456887
 0.90796359
 0.89829612
 0.89502098
 0.89216118
 0.89551931
 0.89502217
 0.89408487
 0.90372631
 0.90931386
 0.90351857
 0.91558939
 0.91063852
 0.91024045
 0.90973411
 0.89447685
 0.89990625
 0.91645925
  0.9202898
 0.92020864
 0.92233373
 0.92491474
 0.93388426
 0.93334613
 0.93669503
 0.93683164
  0.9361638
 0.94555307
  0.9468275
 0.93854306
 0.94076766
 0.93680527
  0.9166413
   0.925084
  0.9265092
 0.93192801
 0.93964142
 0.93516008
 0.92657228
 0.92657843
 0.91663928
 0.92522722
 0.92743443
 0.93270952
  0.9271352
 0.92346526
 0.92456975
 0.92385322
 0.92266687
 0.92560193
 0.91752819
 0.92017195
 0.92004338
 0.92183249
  0.9282502
 0.92606752
 0.91841677
 0.91684719
 0.91686069
 0.92438042
 0.92983667
 0.93446555
 0.93745989
 0.93323323
 0.93029856
 0.92682652
  0.9226154
 0.91925571
 0.91187672
 0.91227898
 0.91262341
 0.91137138
 0.91039079
 0.90953184
  0.9150367
 0.91702033
 0.90933178
 0.91225468
 0.91226622
 0.91351834
 0.91801165
 0.91525788
 0.92337978
 0.92532184
 0.92779484
  0.9171159
 0.91997279
 0.91989414
 0.91833039
 0.92910233
  0.9264975
 0.92619591
 0.92379403
 0.93362329
 0.93074874
 0.92639378
 0.91768611
 0.91543611
 0.91354905
 0.91578054
 0.91143552
 0.91262767
 0.91483435
 0.92118866
 0.92213635
 0.92220584
 0.92525404
 0.92748708
 0.92719795
 0.92687687
 0.92418399
 0.92819044
  0.9288741
 0.93010144
 0.93319782
  0.9388985
 0.94214419
 0.94645429
 0.94463313
 0.93580674
 0.93283437
 0.93270136
 0.93492882
  0.9304507
 0.92337644
 0.92357692
 0.92114944
 0.93193246
  0.9432775
 0.93437007
 0.94094747
 0.94163787
  0.9447047
 0.95079163
 0.95157442
 0.95147848
 0.95141715
 0.95086673
 0.94477982
 0.94385955
 0.94930315
 0.94761373
 0.94445183
 0.94996606
 0.94687494
 0.94293841
 0.94405104
 0.94450827
 0.94640221
  0.9407384
 0.94298653
 0.93834532
 0.93271847
 0.93468819
 0.94023808
 0.94568986
 0.94667321
 0.94411793
 0.94484302
 0.93345562
 0.93138706
 0.93833595
 0.94196915
 0.94224884
 0.93642787
 0.94525768
 0.93879792
 0.93880853
 0.94505616
 0.94794057
 0.95391035
 0.95311141
 0.95083294
 0.94817396
 0.95116056
 0.94976626
 0.94922484
 0.95477395
 0.95414327
 0.95740525
 0.95633502
 0.95953851
 0.95543445
 0.95076523
 0.94498764
 0.93825875
 0.94079733
 0.93823307
 0.93285901
 0.93079386
 0.93256617
 0.92400575
 0.92115224
  0.9156988
 0.92684864
 0.93398729
 0.94063694
 0.93638492
 0.95011941
 0.95135339
 0.94967494
 0.94490435
 0.94453739
 0.94831402
 0.95404105
 0.95725732
 0.95460975
 0.95285585
 0.95389017
 0.95233686
 0.94915026
 0.94692022
 0.95317962
 0.95515085
 0.95369653
  0.9542199
 0.95947918
 0.95922121
 0.95509826
 0.95070992
 0.94755737
 0.94716572
 0.94266519
 0.94758567
 0.94330393
 0.94248784
 0.94466399
 0.94745019
 0.94243895
  0.9433131
 0.94434964
  0.9392292
 0.93525349
 0.92702652
  0.9310994
 0.92815645
 0.93736275
 0.94564817
 0.93780708
 0.94142583
 0.93865471
 0.94539558
 0.95042031
 0.95010128
 0.94815213
 0.94620448
 0.94642172
 0.94741189
 0.95134487
 0.94572285
 0.93969849
 0.94373956
 0.94726457
 0.95386896
 0.95160625
 0.94551248
 0.94026001
 0.93001771
 0.93040633
 0.92785434
 0.92141407
 0.92093125
 0.91916791
 0.92454294
 0.93149726
 0.93240601
 0.94255872
 0.94142743
 0.94300893
 0.94213655
 0.93196491
 0.93298652
 0.93120691
 0.93487214
 0.93199531
 0.93812877
 0.93580195
 0.94320301
 0.93540429
 0.94097961
 0.94264717
 0.94801546
 0.94479294
 0.94004192
 0.94045758
 0.94194237
 0.94231345
 0.94184994
 0.94128061
 0.93291463
 0.93104511
 0.93630408
 0.94023626
  0.9424002
 0.94108413
 0.94295398
 0.93477362
 0.93668512
  0.9351203
 0.93012482
 0.93423283
 0.92428173
 0.92045066
 0.91635808
 0.91214519
  0.9121852
 0.92167865
 0.93144064
 0.92952108
 0.92624265
 0.92252344
  0.9217452
 0.92662168
 0.92422694
 0.92340826
 0.91473979
 0.90389635
 0.90494701
 0.91812309
 0.91202404
 0.91305847
 0.91369873
 0.91506933
 0.91579726
 0.91123229
 0.90902526
 0.91262446
 0.91467025
  0.9126284
 0.90975719
 0.90311599
 0.90017323
   0.904876
 0.89967767
 0.88705396
 0.90062544
 0.89606568
 0.89521257
 0.89297586
 0.89339859
 0.89805778
 0.90576894
 0.90773503
 0.89706655
 0.90862654
 0.90881981
 0.90610202
 0.91092053
 0.90229492
 0.89709138
 0.90826249
   0.905995
 0.90652968
  0.9110602
 0.91310192
 0.91189176
 0.90365294
 0.89829951
 0.90186074
 0.90754445
 0.90777348
 0.90436337
 0.90204462
 0.90917874
 0.89831885
 0.90480967
 0.90603497
 0.90756508
 0.90420541
 0.90398009
 0.90373186
 0.89785472
 0.89935792
 0.89146082
 0.88911109
 0.89269808
 0.88491411
 0.88759782
 0.88178715
 0.88666432
 0.88996736
 0.88766148
 0.87828536
 0.87243729
 0.85767461
 0.86998139
 0.86244846
 0.85758318
  0.8578347
 0.85589179
  0.8723031
 0.87844987
 0.88860243
 0.88867548
 0.88082697
 0.87471523
 0.87428851
 0.87971081
 0.88847869
 0.89195569
 0.89764551
 0.89155437
 0.90234133
 0.90714034
 0.90348529
 0.90585256
 0.90512584
  0.8982322
 0.89332365
 0.90032029
 0.89069525
 0.88858697
 0.89266641
 0.89916593
 0.90040295
 0.90623093
 0.90740726
 0.90731448
 0.89962541
 0.90339608
 0.90314656
 0.89279125
  0.9039167
 0.89997707
 0.89736339
 0.89497666
   0.897967
 0.89291823
 0.88415293
  0.8804606
 0.88668995
  0.8879435
 0.88611875
 0.89027101
 0.88066075
 0.88484167
 0.88452195
  0.8882557
 0.88122487
 0.88004665
  0.8773924
 0.87964774
  0.8756646
 0.87710413
  0.8826354
 0.89003579
 0.90428364
 0.89986269
 0.90349189
 0.90194763
 0.89001114
 0.89974669
 0.90230579
 0.90014385
 0.89608776
 0.89570626
 0.89507733
 0.90320594
 0.90292679
 0.90455469
 0.90888176
 0.91115727
 0.90543813
 0.90133997
 0.90815304
 0.91116901
 0.90073812
 0.89647629
 0.89308102
  0.8889161
 0.89121254
 0.89432346
 0.89115211
 0.89389808
 0.89388115
 0.89505108
 0.89365186
 0.88595227
  0.8868923
 0.89002928
 0.88263236
 0.88471271
 0.88494653
 0.89151093
 0.88201805
 0.87649894
 0.87150939
  0.8597175
 0.85163741
 0.84783534
 0.83979785
 0.83585935
 0.84218666
  0.8325381
 0.83437213
 0.83100386
 0.83688616
 0.82136117
 0.82157513
 0.82095036
 0.81833722
 0.82175053
 0.82323006
 0.82011012
 0.82737959
 0.82982271
 0.83528015
 0.83298031
 0.83629511
 0.83246408
 0.82304702
 0.81532406
 0.81246216
 0.81366104
 0.81011182
 0.79820873
 0.79902351
 0.78818871
 0.79139167
 0.78509475
 0.79241021
 0.78582105
  0.7879343
 0.79519034
 0.79371579
 0.79691196
  0.7965005
  0.7879672
 0.78383629
 0.77847931
 0.76959671
 0.78081831
 0.77732486
 0.79393093
 0.77702593
 0.79069646
 0.78842747
 0.78779197
  0.7838325
  0.7850222
  0.7865622
  0.7824484
 0.78955649
 0.79361024
 0.78252029
 0.78330348
 0.78974684
 0.78255025
 0.78234571
 0.78342178
 0.78204299
 0.77394846
 0.77822385
 0.77882802
  0.7877495
 0.79434753
 0.79523797
 0.80365815
 0.80152449
 0.79921923
 0.79843195
 0.79341615
 0.79831898
 0.79818184
 0.79851323
 0.79765189
 0.79949601
 0.80263812
 0.80212452
  0.8072628
 0.80471972
 0.79581997
 0.80245566
 0.80307736
 0.79719726
 0.79798823
 0.79242774
 0.79066622
 0.78664853
 0.78478701
 0.77555472
 0.78091315
 0.78374936
 0.78033206
 0.78260671
 0.78056717
 0.78107532
 0.78083155
 0.78732606
 0.78361635
  0.7841745
 0.77771267
 0.77226354
 0.76230278
 0.75991131
 0.76481234
 0.76542647
 0.76288367
 0.75456611
 0.74965772
 0.74754395
 0.74943668
 0.74109581
 0.74934347
 0.75181187
  0.7576719
 0.75229534
 0.73754103
 0.74173395
 0.74005013
  0.7342861
 0.72815186
 0.72153089
 0.70868871
 0.70947809
 0.70619788
 0.70169756
 0.69148138
 0.69312153
 0.69062062
 0.69391076
 0.69333725
 0.69938506
 0.69772925
 0.69317243
 0.69878625
 0.70225616
 0.70787174
 0.71105392
 0.70968723
 0.70247297
 0.70058499
 0.70090522
  0.7006366
 0.70474766
 0.70385136
 0.70521912
 0.70750907
 0.70873077
 0.70918936
 0.70033327
 0.69931868
  0.6968672
 0.69527916
 0.69258743
 0.69428814
  0.6943816
  0.7013892
 0.69466395
 0.70086729
 0.70566172
 0.71017759
 0.71047857
 0.70874275
 0.70502051
 0.70955244
 0.72279658
  0.7139429
 0.72030597
 0.72075024
 0.71696154
 0.72210192
 0.71930218
 0.72249825
 0.72896005
 0.72453594
  0.7311354
 0.72031116
 0.73415897
 0.72930257
 0.73227759
 0.72990792
 0.73252248
 0.74379889
 0.72701773
  0.7403139
 0.74065528
 0.73451152
 0.73521917
 0.74340189
 0.75232485
 0.74453743
 0.74312123
 0.74174502
 0.74548373
 0.75269358
 0.76104594
 0.76027213
 0.75577821
  0.7584489
 0.76516094
 0.76465607
  0.7562572
  0.7638122
 0.75302623
 0.75685729
 0.75890497
 0.74975602
  0.7514003
 0.75410726
 0.75250042
 0.75769694
 0.75657286
 0.75428999
 0.76521422
 0.76652058
  0.7709228
  0.7634157
 0.76184893
  0.7643825
 0.76293007
 0.76530319
 0.76347974
 0.76302992
  0.7579658
 0.75971354
 0.75937142
 0.75863108
 0.76093781
 0.76044489
 0.76015028
 0.75865725
 0.75543402
 0.75648694
 0.76495839
 0.75978375
 0.76526698
 0.75884896
 0.76951257
 0.76433457
 0.76997205
 0.76036129
 0.76678023
 0.76920909
 0.76851343
 0.77006768
 0.77192431
  0.7679632
 0.77060608
 0.77621817
 0.78011526
 0.78228269
 0.78656823
 0.77845016
 0.78215041
 0.79269848
 0.79370048
 0.79567167
 0.80117408
 0.80414556
 0.80229983
 0.79615529
 0.79644568
 0.79961925
 0.80034977
 0.78885543
 0.78816196
 0.79353536
 0.79838919
 0.80624286
 0.79843064
 0.79906878
 0.79369206
 0.79357277
 0.79421392
 0.79406246
 0.79901895
 0.79512921
 0.79016956
 0.79024522
 0.79612702
 0.78905659
  0.7945364
 0.79228836
 0.79429574
  0.7930723
 0.79214062
 0.79453699
 0.80437408
 0.79880646
 0.79840532
 0.80215375
 0.79966623
  0.7973928
 0.79887589
 0.79689357
 0.78933336
 0.78790403
 0.78701272
 0.77766209
  0.7693474
 0.77084374
  0.7672778
 0.76508643
 0.77054857
 0.75294052
 0.76008535
 0.76235693
 0.76581456
 0.77200494
 0.77728983
 0.77018447
  0.7708275
 0.76437801
 0.75533536
  0.7607279
 0.76772171
 0.76795998
 0.77106862
 0.77403986
 0.77200892
 0.76974176
 0.76284492
 0.76130796
 0.76450261
 0.77179958
 0.76674535
 0.77204086
 0.76826711
 0.76919133
 0.77222538
 0.77670295
  0.7718187
 0.76521423
 0.77316908
 0.76727807
 0.76787027
 0.77222511
 0.76628457
  0.7658483
 0.77127783
 0.77513496
 0.78188049
 0.77451205
 0.77241548
 0.77026639
 0.76678676
 0.76716411
 0.76543726
 0.76504976
 0.76371912
 0.77072277
 0.76952509
 0.76819208
 0.76792352
 0.77183123
 0.77283965
 0.77326253
  0.7768292
 0.77645479
 0.77641417
 0.76718849
 0.77266742
 0.77533088
 0.76702394
 0.77528554
 0.77080139
 0.77028157
 0.76694552
  0.7652856
 0.76494576
 0.76397228
  0.7673163
 0.77453332
 0.77862412
 0.77512363
 0.77493131
 0.77555336
 0.77442605
 0.77077091
 0.77505002
 0.76925971
  0.7691139
 0.75714103
 0.75561016
  0.7560072
 0.76581704
 0.75639957
 0.76590642
 0.76751679
 0.77478969
 0.77907464
 0.77601414
 0.77379053
 0.76909948
 0.75993847
 0.76290133
  0.7721918
 0.76943024
 0.76888802
 0.76975626
 0.76790936
  0.7668542
 0.76613473
 0.76556009
 0.77022211
 0.77325701
 0.77321021
 0.77250669
 0.76814478
 0.77027112
 0.76710373
 0.77013534
 0.77299044
 0.77421833
 0.77926526
 0.77851218
 0.76769985
 0.77593586
 0.77396338
 0.77057394
 0.76765294
 0.78073677
 0.76777643
  0.7744741
 0.77672233
 0.78018011
 0.78383061
  0.7874115
 0.78590788
 0.78576451
 0.78067546
 0.78209296
 0.78528836
 0.78780264
 0.79095603
 0.79165094
 0.78939283
 0.79194554
 0.78503943
 0.78974851
 0.78486137
 0.78784855
 0.78539933
 0.78164362
 0.78777678
 0.79007408
 0.79725344
 0.78961678
 0.79952554
 0.80573866
 0.80556209
 0.80523302
 0.81122634
  0.8093348
 0.81437546
 0.81374068
 0.80712802
 0.81987288
 0.82130686
 0.81417081
 0.81256079
 0.80643629
 0.80794997
 0.80196145
 0.80047441
 0.80849204
 0.80462704
 0.80160644
 0.79831569
 0.80077145
 0.79333166
 0.79710569
 0.79153928
 0.79769514
 0.79079513
 0.80168906
 0.80168431
 0.80221678
 0.81114561
 0.81828984
 0.81987498
  0.8132891
 0.82403036
 0.82286935
 0.82270094
 0.82163869
 0.81435459
 0.81771316
 0.81518722
 0.80934333
 0.80344111
 0.79862748
 0.80451649
  0.8041529
 0.81287881
   0.820694
 0.83043563
 0.83039403
 0.83656199
  0.8334298
 0.82786125
 0.83187826
 0.82531434
 0.83348539
 0.83143248
 0.83278176
 0.83123981
 0.83554637
  0.8354956
  0.8258139
 0.82623687
 0.82655202
 0.83732711
 0.83986187
   0.837107
 0.82745035
 0.84093719
 0.84478375
 0.84429641
 0.84050834
 0.83790474
 0.83765197
 0.84207715
 0.84597751
 0.83965748
 0.84012968
 0.83641731
 0.83312572
 0.83391348
 0.83413974
 0.82902569
 0.82346643
 0.81930875
 0.82835924
 0.82722073
 0.82932356
 0.83356577
 0.83932026
  0.8444288
 0.84282078
  0.8413439
 0.83944726
  0.8363926
 0.83484257
 0.83866337
 0.84610774
 0.84577615
 0.84517581
 0.84538177
 0.83680992
 0.83651443
 0.83307163
    0.84218
 0.83434836
 0.84374234
 0.83114174
 0.84387716
 0.83830753
 0.84077318
 0.84781652
 0.84611283
 0.85042072
 0.85783575
 0.85610557
 0.85879629
 0.85377004
 0.85012255
 0.84293696
 0.84379576
 0.83851755
 0.82911653
 0.84087439
 0.83240559
 0.83934314
 0.84008973
 0.84067661
 0.84502912
 0.85466555
 0.85499576
 0.85508672
 0.84997332
 0.85278412
  0.8508742
 0.85299482
 0.84626499
 0.84690531
 0.84974691
 0.84890263
 0.85232952
 0.85313015
 0.85212381
 0.85066838
 0.84311634
 0.84425422
  0.8469397
 0.84548284
 0.84238937
 0.83953327
 0.84539527
  0.8421017
 0.84889252
 0.84604309
 0.85078049
 0.85018457
 0.84699719
 0.85283379
 0.83551836
 0.83863162
 0.84031604
 0.83227187
 0.84012488
 0.84462056
 0.84477429
 0.85563516
 0.85634024
 0.85507605
 0.85677051
 0.85423532
 0.85677903
 0.85187703
 0.85510658
 0.86554253
 0.86821671
 0.86528602
  0.8610846
   0.874222
 0.86988674
 0.87498255
 0.88024111
 0.88021984
 0.88289277
 0.88925722
 0.88571071
 0.87932067
  0.8848631
  0.8759773
 0.87239171
 0.86919089
 0.86665743
 0.85965239
 0.85706843
 0.86114908
 0.86539332
 0.87450034
 0.86794666
 0.86860607
 0.87185057
 0.85608184
 0.86133564
 0.87031604
 0.86609018
 0.85942756
 0.86087233
 0.85434026
 0.83677491
 0.82885246
 0.83392699
 0.84775654
  0.8408191
 0.84236639
 0.85374073
 0.85765342
 0.85664776
 0.86122616
  0.8742789
  0.8731975
 0.87007494
 0.86825397
 0.86899251
  0.8670386
 0.86091181
 0.85867383
 0.86474633
 0.87038658
 0.86399722
 0.87412884
 0.87342491
 0.87197472
  0.8743615
  0.8711082
 0.87134657
 0.86665413
 0.86265813
 0.85651002
 0.85682239
  0.8585051
 0.85603221
 0.86519945
 0.85757164
 0.86463249
 0.86991264
 0.87129039
 0.87077681
 0.86610626
 0.87889889
 0.87220999
  0.8702599
 0.86486769
 0.85920989
  0.8561072
 0.85880159
 0.85976456
 0.85642263
 0.85396315
 0.84538126
 0.84191031
 0.84130572
 0.84185515
 0.83476663
 0.82629019
 0.83455349
 0.82584892
 0.82652291
 0.81899117
 0.81742282
 0.82904118
 0.82942625
 0.83984501
 0.82362732
 0.83160815
 0.82526832
 0.83157035
 0.82734746
 0.83122502
 0.82948312
 0.81934234
 0.82197944
 0.82089547
 0.82151756
 0.81710365
 0.81371628
 0.80929537
 0.81266396
 0.81661285
 0.81352242
 0.82168339
 0.82604187
 0.82670683
 0.83165337
 0.83507261
 0.82957587
 0.83371689
 0.83164791
 0.83329112
 0.82842727
 0.82470004
   0.818309
 0.82690513
 0.83066618
 0.83540907
 0.83613831
 0.83086793
 0.83760129
 0.83643168
 0.83802583
  0.8420291
 0.83940695
 0.83929288
 0.84050436
 0.83887276
 0.83530343
 0.83754947
 0.83241982
 0.82971533
 0.83492003
 0.83447912
 0.83170654
 0.82713705
 0.82485793
 0.82452473
 0.82353822
 0.82556717
  0.8303577
 0.83080012
 0.82501685
 0.82908447
 0.82779136
 0.82829812
  0.8274165
 0.82188209
 0.81814758
 0.82292993
  0.8163091
 0.83008104
 0.83038227
 0.84062333
 0.84271765
 0.83670063
 0.83673106
  0.8383022
 0.83987644
 0.83982021
  0.8378997
 0.83307933
 0.83506029
 0.82351245
 0.83525343
   0.833313
 0.83843621
 0.83351238
 0.83939828
 0.83221123
 0.82492804
 0.82377194
 0.82031728
 0.82499755
 0.82875419
 0.83545699
 0.83783372
 0.83896538
 0.84316681
 0.84498846
  0.8506213
 0.84261563
 0.84274017
 0.84127077
 0.84251304
 0.83643272
  0.8431637
 0.84146369
 0.83807764
  0.8457984
 0.84678258
 0.84936022
 0.84686906
   0.845318
 0.84759714
 0.84737738
 0.84817483
 0.84500028
 0.84224236
  0.8457784
 0.84949143
  0.8498606
  0.8541054
 0.85381617
 0.85675195
 0.85608506
 0.85542248
 0.85602109
 0.85726558
   0.857641
 0.85695231
 0.85053745
 0.84996193
 0.85228403
 0.85331917
 0.84773421
 0.84733131
 0.84782381
 0.84836937
 0.85340871
 0.85480614
 0.84924263
 0.84706826
 0.84259116
 0.84721037
 0.84981282
 0.83932199
 0.84585113
 0.83827909
 0.84762812
 0.84754749
 0.85544824
  0.8671352
 0.87311551
 0.86433751
  0.8760853
 0.87528556
  0.8777165
 0.87378029
   0.872871
 0.87916207
 0.87284347
 0.87737089
 0.88002448
 0.88987022
 0.88993722
 0.88707486
 0.88335627
 0.88317743
 0.88090793
 0.88754298
  0.8857327
 0.88314569
 0.87163942
 0.87180414
 0.87631212
 0.87895051
 0.87869346
 0.87362254
 0.86946541
 0.87280404
 0.87552148
 0.87933953
 0.88435907
 0.87971803
   0.873557
 0.87585904
 0.87245133
 0.87804795
 0.87768475
 0.87859005
 0.87467331
 0.87314535
 0.87644675
 0.87620282
 0.87994325
 0.88229874
  0.8759223
  0.8771708
 0.87987965
 0.87812792
 0.87676055
 0.86747305
 0.87183002
 0.87308611
 0.87550481
 0.88088243
 0.88160122
 0.88168236
 0.88035947
 0.88201315
  0.8807101
 0.88434041
 0.88359815
  0.8849702
 0.88984189
 0.88559265
 0.88530487
 0.88106019
 0.88477777
 0.88228801
 0.87983241
 0.88776634
 0.88784144
 0.88462292
 0.88159009
 0.88533922
 0.89075831
 0.88723243
 0.88864723
 0.88807979
 0.88452097
 0.88347044
 0.89036894
 0.88776215
 0.89073365
 0.88401292
 0.88363219
 0.88400193
 0.88288748
 0.88654418
 0.88894809
 0.89207829
 0.89028298
 0.89573835
 0.89946317
  0.8978202
 0.90159697
 0.90020068
 0.89807515
 0.89920388
 0.89587584
 0.90057871
 0.90011746
  0.8991312
 0.89842449
 0.90091493
  0.9012083
 0.90001959
 0.90653169
 0.90996764
 0.90320187
 0.89899978
  0.8958027
 0.90279993
 0.89066426
 0.89567871
 0.90340351
 0.90092164
 0.90575777
 0.91411959
 0.91402448
 0.90935515
 0.90740376
 0.91154154
 0.91409682
 0.91464511
 0.91714945
 0.91309675
 0.91092706
 0.90734827
 0.90950021
 0.90980779
 0.90492062
  0.9083859
 0.90282836
 0.90141993
 0.89657521
 0.89264859
 0.89363082
 0.90188859
 0.89981698
  0.9027191
 0.89574451
 0.89180022
 0.89433722
 0.89996575
 0.90236377
 0.89416519
 0.89953816
 0.90032651
 0.90071973
 0.89578309
 0.89991912
 0.89751307
 0.90194791
  0.9050326
 0.90676434
  0.9066654
  0.8963688
 0.90192092
 0.89968556
 0.89878643
 0.89567828
 0.89976135
 0.90683758
 0.90646851
 0.90901427
 0.91029928
 0.90576004
 0.90580167
 0.90421274
 0.89735163
 0.89970275
 0.90213484
 0.89531484
  0.9020694
 0.89718505
 0.89936518
 0.89842616
 0.89531558
 0.89039512
 0.89356184
 0.88908568
 0.88936077
 0.88602446
 0.88410979
 0.89213002
  0.8953973
 0.89848429
  0.9005665
 0.89364986
 0.89111678
 0.89873332
 0.89002611
 0.88758022
 0.88433641
 0.87684192
 0.87341614
 0.87614745
 0.87291923
 0.86925816
 0.87512139
 0.87700937
 0.87356992
 0.88007416
 0.87561032
 0.87952426
 0.87463607
 0.87482847
 0.88390295
 0.88512993
 0.87908203
 0.88000838
 0.88337643
 0.87519412
 0.86753199
 0.86652577
 0.87147853
 0.87193713
 0.87477217
 0.87457167
 0.88270541
 0.88652433
 0.89154363
 0.89639705
 0.89683802
 0.88950258
 0.88850777
 0.89022727
 0.88463275
 0.88892521
 0.88972245
 0.89624316
 0.88788917
 0.90390972
 0.89795696
 0.89202048
 0.88710922
 0.88722023
  0.8861713
 0.88905125
 0.88220628
 0.89119433
 0.88937877
 0.89480289
 0.89440145
 0.88676374
 0.89645227
 0.89887976
 0.89894561
  0.9024963
 0.89812549
 0.89281401
 0.89569279
 0.89904162
  0.8992382
 0.90006229
 0.90549187
  0.9092022
 0.91028074
 0.91289018
 0.91051357
  0.9087137
 0.90436774
 0.90158856
 0.90080797
 0.90114549
 0.90328973
 0.89211564
 0.89500866
 0.88960212
 0.87778637
 0.86887499
 0.87641688
 0.88256116
 0.88442917
 0.88198418
 0.88824444
  0.8832511
 0.87944041
 0.87281632
 0.88406724
 0.87295475
 0.88036189
 0.87017504
 0.87997313
 0.88011173
 0.88015329
 0.88231161
 0.89064225
 0.90254072
 0.90870885
  0.9157371
 0.90734852
 0.91588824
 0.91144154
 0.91435736
 0.91506478
 0.90511853
 0.90466795
 0.90757369
 0.90365957
  0.9113819
 0.90816983
 0.90738982
 0.89794507
 0.89707461
 0.89401349
 0.89783649
 0.89695841
 0.90498042
 0.89845668
 0.89167792
  0.8960544
 0.89776479
 0.89479722
 0.89356037
 0.89619106
 0.89352003
 0.89201878
 0.88424487
 0.88330935
  0.8780784
  0.8812602
 0.89323786
 0.89623279
 0.89884227
 0.90386924
 0.91039786
  0.9179671
 0.91763063
 0.92110546
 0.91398847
  0.9258987
 0.92021183
 0.91982564
 0.91856046
 0.91413859
 0.92115103
 0.91615214
 0.91367332
 0.91343618
 0.90801858
 0.90232005
 0.89709669
 0.90023938
 0.88509302
 0.87718119
 0.87011595
   0.859642
 0.83664614
 0.84696252
 0.85970698
 0.86350713
 0.85648606
 0.85423967
 0.86260632
 0.85137802
 0.85036589
 0.87350953
 0.88070638
  0.8830987
 0.88138199
 0.87618563
 0.87763852
 0.87465892
 0.87596334
 0.87661094
 0.89264576
  0.9018848
 0.90266292
 0.90300533
 0.90327577
  0.9087563
 0.91873566
   0.918295
 0.91897494
 0.91787313
  0.9208241
 0.91699738
 0.91710809
 0.91042716
   0.916974
   0.907274
 0.91119325
 0.90424286
 0.90854883
 0.91054626
 0.90729063
 0.90072035
 0.89516309
 0.89853165
 0.90615204
 0.90417109
  0.9024319
 0.90543149
 0.89979156
 0.90353441
 0.90806662
 0.91562495
 0.91433881
 0.91779721
 0.92134264
 0.91660057
 0.91747351
 0.91810465
 0.91303252
 0.90883623
 0.90840436
 0.91147718
  0.9133364
 0.91411887
 0.92740822
 0.92434913
 0.92550914
 0.92221418
 0.92286581
 0.91520093
 0.91876615
 0.91790759
 0.92733635
 0.92647561
 0.92373866
  0.9127855
 0.90928453
 0.91401033
 0.90630967
 0.89721319
 0.89529277
 0.89154468
 0.88234514
 0.88511327
 0.88783651
 0.88637019
 0.88784494
 0.88855801
 0.88566993
 0.88380881
 0.87362887
 0.87327959
 0.86447585
 0.85933166
 0.86398199
 0.86269549
  0.8694029
 0.87034057
 0.85738654
 0.85470173
 0.85347859
 0.84023132
 0.82825032
 0.82559055
 0.81614471
 0.80738448
 0.81353686
 0.81957046
 0.82160181
 0.81779532
 0.82744319
 0.83477742
 0.83455455
 0.82533773
 0.82751392
 0.82779059
 0.81906413
 0.81216864
 0.81830028
 0.82576945
  0.8530135
 0.86398802
 0.86848616
 0.86899735
  0.8835382
 0.87721667
 0.88325915
   0.892069
 0.90767343
 0.90968823
 0.90555831
 0.90287178
 0.90360985
  0.8987266
 0.89012948
 0.88208328
 0.87034047
 0.88400876
 0.88552581
  0.8867313
 0.87713444
 0.87192647
 0.85885459
 0.86702101
 0.85784621
 0.86476555
 0.84709854
 0.84654638
 0.84259916
 0.84516338
 0.84460689
 0.86465652
 0.87566221
 0.86977213
 0.87076301
 0.86992591
 0.85703103
 0.85656445
 0.84872829
 0.83601881
 0.83242585
 0.84564145
 0.84849528
 0.85738038
 0.85226231
 0.85771763
 0.84291712
 0.84749109
 0.83202097
 0.82660901
 0.82361126
 0.82627867
 0.81586976
 0.82572946
 0.82709445
 0.82910986
 0.82166411
 0.81576368
 0.81495852
 0.80285622
 0.81952623
 0.81713954
 0.81434035
 0.81887916
  0.8260047
 0.83125507
 0.82379339
 0.82029052
 0.81290195
 0.81104397
 0.80541429
 0.80809155
 0.79842697
 0.78909046
 0.78770549
 0.79519022
 0.80484544
 0.80193497
 0.80934467
 0.80814624
 0.80009496
 0.80547326
 0.80563963
 0.80595285
 0.80221801
 0.80143055
 0.79910145
 0.79855638
 0.80445582
 0.80376217
 0.81127346
 0.80872027
 0.81327086
 0.81513067
     0.8135
 0.81203651
 0.82016105
 0.82365229
 0.83052386
 0.82174813
 0.81122422
 0.81117165
 0.80893346
 0.80802572
 0.80855955
 0.81816643
 0.81273429
 0.81338401
 0.81862186
 0.82105175
 0.82218236
 0.82773254
 0.82957223
 0.82609726
 0.83521032
 0.83624943
 0.84136771
 0.83336567
  0.8369394
 0.83919016
 0.83761551
 0.84220601
 0.83768058
 0.82596232
 0.81934426
 0.81209231
 0.80854658
 0.80994231
 0.80785397
 0.81659585
  0.8145963
 0.82577604
 0.83338374
 0.83044498
 0.83428695
 0.82338926
 0.82748011
 0.82517698
 0.82619917
   0.820217
  0.8198532
 0.81874002
 0.82192342
 0.82262256
 0.83280307
 0.82302586
 0.81817612
 0.81929221
 0.80427432
 0.79878896
 0.79970781
 0.80005233
 0.80165035
 0.81157357
 0.80337437
 0.81856931
 0.82118081
 0.82559221
 0.82932406
 0.82036716
 0.82456358
 0.80928718
 0.81808472
   0.806965
 0.81190095
 0.81938695
 0.82341592
 0.83003924
 0.83345028
 0.83812414
 0.82956437
 0.83290463
   0.834724
 0.84327642
 0.84348167
 0.84310474
 0.84432518
 0.84210806
  0.8441768
 0.84552017
  0.8506021
 0.84865061
 0.84272413
 0.84070079
 0.83811504
 0.83538754
  0.8272973
 0.82393643
  0.8230199
 0.83476504
 0.82963853
 0.83090261
 0.83220361
  0.8322267
 0.82675223
 0.82504309
 0.82438295
 0.81768812
 0.82511408
 0.82746477
   0.833187
  0.8362943
 0.83376028
  0.8334094
  0.8301675
 0.83740218
 0.84163245
 0.83821941
 0.84688813
 0.84447739
 0.84565092
 0.84211675
 0.84562698
   0.844182
 0.84465262
 0.84592817
  0.8509632
 0.85332835
 0.85648022
 0.85446598
 0.85179712
 0.84830389
 0.85392061
 0.85488727
 0.84960562
 0.86308846
 0.86853242
 0.86260068
 0.86091283
 0.85488745
 0.85795629
 0.86484039
 0.86684319
 0.87311142
 0.86651606
 0.87243976
 0.85778617
 0.85346011
 0.85581682
 0.85747522
 0.86894595
 0.86153774
 0.85618874
 0.86204631
 0.86340448
 0.86609165
 0.86532757
 0.85778282
 0.84766959
 0.84062195
 0.84237855
 0.84803573
 0.85883057
 0.85874805
  0.8587047
 0.85546243
 0.87226932
 0.87000181
 0.88274916
 0.88829311
 0.88629101
 0.89200354
 0.89631602
 0.89309139
 0.88760145
 0.88603999
 0.89272298
 0.89105661
 0.89852988
 0.89095376
 0.88971977
 0.89148149
 0.89682671
 0.89907901
 0.89466659
 0.89867077
 0.89476943
 0.90057152
 0.89634537
  0.8960995
 0.89666096
  0.8929249
 0.90022816
 0.89285071
 0.89684428
 0.90474019
 0.90187058
 0.90283151
 0.89922239
 0.89840151
 0.89583052
 0.88924588
 0.88952518
 0.89018809
 0.88017536
  0.8828966
 0.88342433
 0.88149946
 0.88575599
 0.87789234
 0.87608537
 0.88297901
 0.88951903
 0.88696899
 0.87645086
 0.89011317
   0.890754
 0.90200837
 0.90326521
 0.90414107
 0.90568634
 0.90560646
 0.90092014
 0.89889599
  0.8980559
 0.90088437
 0.89781019
 0.89222862
 0.88956255
 0.88197999
 0.88054156
 0.87907133
  0.8803781
 0.87297599
 0.87800681
 0.87285067
  0.8647216
 0.86880189
 0.87247517
 0.87120456
 0.88394639
 0.88057787
 0.87892753
 0.88247983
 0.88131181
  0.8770241
 0.87812013
 0.87688354
 0.87491315
 0.87587249
 0.87737246
 0.87499835
 0.87217758
 0.87154769
 0.86837641
  0.8691673
 0.86581975
  0.8653002
 0.86909618
 0.86745645
  0.8611561
 0.86831785
 0.86736913
 0.86394785
 0.85748769
 0.85044351
 0.85000212
 0.85722201
 0.86395389
 0.86270979
 0.86511546
 0.86661707
 0.87615511
 0.87175411
  0.8680672
 0.86835569
 0.86780487
 0.86876878
 0.86794845
 0.87105144
 0.86866399
 0.87066896
 0.87013904
 0.87428362
 0.87364104
 0.87143927
 0.87646409
 0.86941736

