0.020438083
0.021833563
0.021525859
0.021313361
0.021332459
0.021264951
0.021280141
0.021274575
0.021207542
0.021184789
0.021294508
0.021379349
0.021381148
0.021273991
0.021309361
0.021204997
0.021290763
0.021241062
0.021372006
0.021429342
0.021317257
0.021503863
 0.02201268
0.022415841
0.023045545
0.023365961
0.023673356
0.024324282
0.024599706
0.025515673
0.026167842
0.026505205
0.027040207
0.027737763
0.028123772
0.028180353
0.028154727
0.028319405
0.028308722
0.028705403
0.029247111
0.029585567
0.029893835
0.030179469
0.030993191
0.031085125
0.031500939
0.031554611
0.032681881
 0.03330031
0.034191061
0.034346133
0.034693501
0.035389008
0.035903704
0.036805171
0.037462732
0.038237356
0.038123852
  0.0385381
0.038341595
0.038976182
0.040015147
0.040679182
0.040874538
0.041329486
 0.04203899
0.041693882
0.041987689
0.042557548
0.043716877
0.043832099
0.043756352
0.043189344
0.044628994
  0.0446653
0.045399476
0.045662488
 0.04568827
0.045317619
0.046255426
0.046910371
0.046418811
0.046402762
0.046892722
0.046435362
0.046714614
 0.04716891
 0.04794095
0.048438614
0.048758459
0.049537114
0.049490777
0.049434272
0.049379054
0.048807081
0.049976266
0.050398919
0.050926828
0.052939638
0.054268613
0.053126542
 0.05394979
0.055824764
0.057354231
0.058747327
0.059164992
0.060037396
0.060507069
 0.06203361
0.063591663
0.065256046
 0.06665576
0.066604046
0.067742319
0.067915244
0.068493249
 0.06906097
0.070700515
0.070528045
 0.07140652
 0.07138629
0.071862326
 0.07155614
0.072133283
0.073201468
0.071551342
0.071029857
0.070479781
0.071301428
0.072949754
0.073184726
0.074060197
0.076618568
0.077724822
0.077221301
0.079427148
0.079943148
0.084664969
0.089243925
0.086069694
0.088986915
0.090914448
 0.09270869
0.096232784
0.099394428
 0.10534886
 0.11354603
  0.1195225
 0.11903589
 0.12456048
 0.13101397
 0.13465219
 0.13761012
 0.14055713
 0.14402622
 0.15016099
 0.15333095
 0.15577968
 0.15542764
  0.1580011
 0.15380021
 0.15342129
 0.15139519
  0.1559626
 0.16076647
  0.1557953
 0.16087544
  0.1595889
  0.1583474
 0.16032249
 0.15999629
 0.15976258
  0.1605789
 0.16177787
 0.16187377
 0.16175725
 0.16421529
 0.16217624
 0.16280152
 0.16360299
 0.16667615
  0.1685541
 0.16929539
 0.16864941
  0.1667488
 0.16582208
 0.16540005
 0.16664594
 0.16785943
 0.16629202
 0.16726152
 0.16772943
 0.16903714
 0.17213798
 0.17071029
   0.172825
 0.17360089
  0.1728695
 0.17353606
 0.17591995
 0.17275595
 0.17184035
 0.17278785
 0.17351841
 0.17171111
 0.17321744
  0.1742802
 0.17319897
 0.17385769
 0.17496059
 0.17609492
 0.17489794
 0.17475161
 0.17624238
  0.1810631
 0.18010109
 0.18121394
 0.18306958
 0.18307771
 0.18528378
 0.18886445
 0.18792072
 0.18958239
 0.19063256
 0.19524247
 0.19653475
 0.19995633
 0.20393646
 0.20560766
 0.20779935
 0.20943741
 0.20938564
 0.20988588
 0.21359966
 0.21424665
 0.21439858
 0.21542935
 0.21521797
 0.21508368
 0.21583327
 0.21717116
 0.21923565
 0.21816441
 0.21855371
 0.21853209
 0.21973504
 0.21910609
 0.21793873
 0.21756379
  0.2155017
 0.21688066
 0.21973405
 0.21973065
 0.21840821
 0.22022686
 0.22520899
 0.22513945
 0.22578538
 0.22357755
 0.22339673
 0.22305492
 0.22435741
 0.22384559
 0.22522527
  0.2240079
 0.22446801
 0.22812748
 0.23071229
 0.23042245
 0.22723451
 0.22898956
 0.22691791
 0.23263242
 0.23077337
 0.22750823
 0.22734553
 0.22537752
 0.23181952
 0.23209955
 0.23514791
 0.23748865
  0.2387989
  0.2435285
  0.2401565
 0.24417419
 0.24273069
 0.24269428
 0.24475356
 0.24482262
 0.24678353
 0.24655602
 0.24601526
 0.24648046
 0.24587381
 0.24332606
 0.24296685
 0.24312491
 0.24525386
 0.24844152
 0.24711563
 0.24737527
 0.25038676
 0.24915191
 0.24821572
 0.24932922
 0.25269022
 0.25718927
  0.2574813
 0.25763045
 0.25776939
 0.25582454
 0.25473443
 0.25226997
 0.25470476
 0.25625104
 0.25607003
 0.25712074
 0.25742725
 0.25472676
 0.25768865
 0.25969955
 0.26015532
 0.25726369
 0.25783052
 0.25872353
  0.2604508
  0.2609804
 0.26281007
 0.25863387
 0.26213341
 0.26401104
 0.26352002
 0.26278734
 0.26332253
 0.26482401
 0.26561892
 0.26231243
 0.26343135
 0.26342855
 0.26455762
 0.26575112
 0.26559771
 0.27417599
 0.27692464
 0.27682651
 0.28279819
 0.28967363
 0.28884189
  0.2870382
 0.28671383
 0.29011426
 0.30083755
 0.30527469
 0.30602651
 0.30479344
  0.3094945
 0.31215068
 0.31780371
 0.31125082
  0.3151703
 0.31754209
 0.31619744
 0.32025901
 0.32431414
 0.32498827
  0.3228846
 0.32031811
 0.32480155
 0.32849764
 0.32825306
 0.32985679
 0.33519827
 0.33740244
 0.33897253
 0.33563175
 0.33540912
 0.33547186
  0.3391391
  0.3362852
 0.33878412
 0.34397089
 0.33939691
 0.33911293
 0.33868822
  0.3459472
 0.35473769
 0.35384305
 0.35291762
 0.36203248
 0.35768645
  0.3590746
 0.35531535
 0.35189362
 0.35232352
 0.35300221
  0.3623315
 0.36098416
 0.36531634
 0.37130785
  0.3713103
 0.36914751
 0.37937875
 0.37449478
 0.37193066
 0.37406988
 0.37807281
  0.3759206
 0.37694858
 0.37892528
 0.37991488
 0.37002683
 0.37655185
 0.38269281
 0.37493239
 0.37617277
 0.37821364
 0.38327199
 0.38250046
 0.38140284
 0.38085084
 0.38204795
 0.38319008
 0.38317774
 0.38349567
 0.38101291
 0.38034937
 0.38273013
 0.38242486
 0.38349352
 0.37805404
 0.38114322
 0.37967674
 0.38422083
 0.38028417
 0.38335028
 0.38110761
 0.38815251
 0.38975326
 0.38762339
 0.38673906
 0.38235923
 0.38386983
 0.38179253
  0.3830908
 0.38609803
 0.38362562
 0.38235346
 0.38301249
 0.38076048
 0.38243216
  0.3811908
 0.38126627
 0.38107434
 0.38298495
 0.38503765
 0.38454478
 0.38974766
 0.38803186
 0.39229322
 0.39111337
 0.39154862
 0.40197967
  0.4028684
  0.4078198
 0.41294269
 0.41605575
 0.41533546
 0.42137901
 0.41439948
 0.41848183
 0.42112898
 0.42023597
 0.42689141
 0.42693215
 0.42692355
 0.42762009
 0.42699998
  0.4284996
 0.42679214
 0.43064537
 0.42775215
 0.43473458
 0.44113766
 0.43784451
  0.4411376
 0.44811468
 0.44225489
 0.44549013
 0.43929213
 0.44333803
 0.43894098
 0.44369424
 0.44322725
 0.44322007
 0.44697718
 0.44754535
 0.44218098
 0.44799452
 0.45149675
 0.44668097
 0.45306062
  0.4483836
 0.44385085
 0.45381932
 0.44516838
 0.44410283
 0.44613724
 0.44363967
 0.45331846
  0.4480043
 0.44198349
 0.44094538
 0.44520474
 0.44786369
 0.44604201
 0.45230102
  0.4522917
 0.45797046
 0.45518387
 0.46518798
  0.4598861
  0.4625762
 0.45945172
 0.46165029
 0.46593814
 0.45755436
 0.45244508
 0.45472008
 0.45869902
 0.45912305
 0.46445532
 0.47123424
 0.47253589
 0.47617473
 0.47535901
 0.47461562
 0.47495503
 0.47526803
 0.47541416
 0.47615723
 0.47533478
 0.47978399
 0.47600119
 0.48320095
 0.48276835
 0.48677175
 0.48683529
 0.48523875
 0.48462593
 0.48313523
 0.48797335
 0.48704719
 0.48423478
 0.48237589
 0.49076231
 0.48683862
 0.48942631
  0.4908501
 0.48925325
 0.48561808
 0.48680164
 0.48236149
 0.48742588
 0.48413687
 0.48430648
 0.48501243
 0.48363658
 0.48183771
 0.48099978
  0.4810967
 0.47949114
 0.47960525
 0.47374464
 0.46688065
  0.4790087
  0.4761994
 0.48157438
 0.47571147
 0.47713239
 0.47110548
 0.46540324
 0.46836239
 0.46328917
 0.46129577
  0.4665393
 0.45811378
 0.46779179
  0.4657106
 0.47342657
 0.46720813
 0.46643943
 0.47138161
 0.46375494
 0.46339997
 0.46822081
 0.47138212
 0.46281914
 0.47486392
 0.46685847
 0.46825389
 0.46750938
  0.4704604
 0.47551553
 0.48222202
 0.47305657
  0.4771013
 0.48209165
 0.47962871
   0.475982
 0.47352143
 0.47653953
 0.47439975
 0.47770884
 0.47709253
 0.47619304
 0.47747673
 0.47837354
 0.48375067
 0.47956072
 0.48069626
 0.48353803
 0.48266444
 0.47872302
 0.48404132
 0.48686343
 0.48457064
 0.48654636
 0.48706707
 0.48792533
 0.48545452
 0.49011093
 0.49228993
  0.4897692
 0.49097517
 0.48662043
 0.48628444
 0.48293918
 0.48505263
 0.48103175
  0.4886514
 0.49690774
 0.49785225
 0.50092257
 0.49786043
 0.50146261
 0.50301514
 0.50810208
 0.50783171
 0.51285218
 0.51238413
 0.51135894
 0.50588102
  0.5071573
  0.5107896
 0.50720283
 0.50875453
  0.5082512
 0.50869234
 0.50945545
 0.50831123
 0.50918713
 0.51091245
  0.5130409
 0.51692344
 0.51712364
 0.51627539
 0.51450576
 0.51430052
 0.51695447
 0.51542811
 0.51330876
 0.51369224
 0.50946391
 0.51652183
 0.51173187
 0.51406673
 0.51701632
 0.51712796
 0.51549423
 0.51158763
 0.51649872
 0.51287719
 0.51517264
 0.51329062
 0.51674725
 0.51946417
 0.51034307
 0.51978437
 0.52438248
 0.52037973
 0.52509086
 0.52749256
 0.53290167
 0.53282165
 0.53160812
 0.53038552
 0.52966389
 0.53669158
 0.53843644
 0.53517678
 0.53632014
 0.54253615
 0.54514143
 0.55475205
 0.55826672
 0.56042259
 0.56101732
 0.56617821
 0.56823491
 0.56523116
 0.56483194
 0.57457127
 0.58034256
 0.57447118
 0.57561667
 0.59144631
 0.58479244
 0.58350872
  0.5836018
 0.58648116
 0.58668846
 0.59220374
 0.58566613
 0.59112374
 0.58946103
 0.58709539
 0.59091201
 0.59756474
 0.59633822
 0.60089333
 0.61060991
 0.61105353
 0.61093771
 0.61827994
 0.61989466
 0.62663345
 0.63333364
 0.63005556
 0.63361058
 0.63747721
 0.63522086
 0.65476863
 0.65302473
 0.64541835
 0.66069562
 0.64842889
 0.65748364
 0.66397609
 0.65194244
 0.66419755
  0.6769645
 0.67208336
 0.67590789
 0.68364237
 0.66729414
 0.66679236
 0.67825653
 0.68205972
  0.6862576
 0.68490649
  0.6847919
 0.68242719
  0.6871392
 0.68704381
 0.68625844
 0.68847613
 0.68113453
 0.68287346
 0.68735177
  0.6759986
 0.67552373
  0.6759193
 0.67803914
 0.68341986
 0.68234034
 0.68305529
 0.68743754
 0.68388923
 0.68046621
 0.68201758
 0.68606124
 0.67834216
 0.67845763
 0.67714287
   0.679102
 0.67381195
 0.66829346
 0.68014468
 0.68279941
 0.69271592
 0.69273535
 0.69067654
 0.68958958
 0.67910036
 0.67572931
 0.66915607
 0.67676943
    0.67528
 0.67839547
 0.68051557
 0.67569457
 0.67103053
 0.67989302
 0.68599695
 0.68389822
 0.68965635
 0.68169672
 0.68787581
 0.68270571
 0.67458462
  0.6717238
 0.67871476
 0.68052581
 0.68293864
 0.68344014
 0.67928923
 0.68716207
 0.68616347
 0.68529084
 0.68186008
 0.68992622
 0.69641542
 0.69499766
 0.69370542
 0.69604025
 0.69647774
 0.69024795
 0.68132592
 0.67903018
  0.6805186
  0.6868735
 0.68888319
  0.6824893
 0.68415243
 0.67938268
 0.68328911
 0.68255068
 0.69025019
 0.68922167
 0.68697928
 0.69079682
 0.68511311
 0.68826415
 0.69217453
 0.69210899
 0.69753878
 0.70424263
 0.70375792
 0.70529969
  0.7023761
 0.70677918
 0.70695557
 0.70157522
 0.69923606
  0.6968728
 0.69766067
 0.70136064
 0.69275962
 0.69606341
 0.69621584
 0.68735402
 0.68976253
 0.68967163
 0.68549678
  0.6821106
 0.67905679
  0.6790162
 0.67435915
 0.66789031
 0.66694879
 0.66792207
 0.67338703
 0.67265291
 0.67321266
 0.67152115
 0.66692899
 0.66537255
 0.67058827
 0.65944602
 0.65403317
 0.65299651
 0.65064623
  0.6555678
 0.66422274
 0.67032045
 0.66824654
 0.66956158
 0.67211619
 0.67874821
 0.66978815
 0.67859567
 0.66981031
 0.67401527
 0.67642707
 0.67177996
  0.6766146
 0.67168455
 0.67245497
 0.66428108
 0.68086053
 0.67679113
 0.67157374
 0.67471184
 0.67204297
  0.6787072
 0.67063575
 0.67601385
 0.68154016
 0.67726209
 0.67431483
 0.67435307
 0.67140772
 0.67625129
 0.68616871
 0.69196605
 0.68976544
 0.68501625
 0.69033519
 0.68719159
 0.68935588
 0.69158597
 0.68944574
 0.69799273
 0.69720469
 0.69453682
 0.70601507
 0.70500432
 0.70110474
   0.709164
 0.69845419
 0.70922955
 0.70830539
 0.70541042
 0.71274986
 0.70818156
 0.70436729
 0.69970581
 0.70150542
 0.70060039
 0.70595232
 0.70835338
 0.70823426
 0.71569117
 0.72378952
 0.71441377
 0.72270646
 0.72240325
 0.71665589
 0.71140698
 0.71575343
 0.71231127
 0.71346451
 0.71027668
 0.71491764
 0.72428537
  0.7131686
 0.72283731
 0.73405755
 0.72513587
 0.74365031
  0.7404381
 0.75906709
 0.75693625
  0.7464686
 0.74637236
 0.74733241
  0.7367945
 0.73921553
 0.74132271
 0.74473941
 0.75956411
 0.76038353
  0.7497487
 0.75004887
 0.75395208
 0.75535395
 0.75385138
  0.7555592
 0.76057337
 0.76097295
 0.76424711
 0.76821376
 0.77078345
 0.76745629
  0.7671361
 0.76150641
 0.76579497
 0.76795529
 0.76487332
 0.76875231
 0.76742092
 0.76167421
 0.76084802
  0.7631708
  0.7689149
 0.76619402
 0.77309074
 0.77090987
 0.76987054
 0.77327146
 0.77241228
 0.77676946
 0.78191557
 0.78855502
 0.79222125
  0.7879554
 0.79968597
 0.80681704
 0.80911546
  0.8027384
 0.81405162
 0.80613142
 0.80343244
 0.80786336
  0.8090626
 0.81732687
 0.82327373
 0.81822119
  0.8195184
 0.82742383
 0.83433528
 0.82270731
 0.83577566
 0.83589191
 0.83196293
 0.83639034
 0.83474506
 0.83203111
 0.82918979
 0.82344409
 0.82702961
 0.83506907
 0.82377322
 0.82301122
 0.80991021
 0.80623555
 0.82171521
 0.81870677
 0.81946009
 0.81454892
 0.81496045
 0.81835899
 0.81658915
 0.80581026
 0.80884024
 0.80679003
 0.79540905
 0.79920723
 0.79047469
 0.79692842
 0.80039318
 0.80076039
 0.80097458
 0.80450402
 0.80765153
 0.80480771
 0.79980669
 0.79788011
 0.79132405
 0.78937001
 0.79567777
 0.80238866
 0.79593284
 0.80531821
 0.80343673
  0.8078621
 0.80613266
  0.8052932
 0.80903409
 0.80790319
 0.80607538
 0.79731179
   0.797548
 0.79224745
 0.79166469
 0.79945058
 0.80501736
 0.79892562
 0.80711485
 0.79596762
 0.79861797
 0.80438537
 0.78831297
 0.79407435
 0.79146222
 0.79510727
 0.79794137
 0.80025234
 0.80544615
 0.80192039
 0.80183478
 0.79430516
 0.79661996
 0.80004033
  0.8034782
 0.80121004
 0.79935648
 0.79374382
 0.79775416
 0.79880169
 0.80212688
 0.79756318
 0.80493137
 0.80380497
 0.80717746
 0.80661098
  0.8073695
 0.80199749
 0.80376633
 0.80506483
 0.80565837
 0.80829667
 0.80989363
 0.81983176
 0.81340644
 0.81496765
 0.81534007
  0.8120113
 0.81444814
 0.81637318
 0.81993393
 0.81757502
 0.81447155
 0.82375989
 0.81793941
 0.82349046
 0.82268621
 0.82101808
  0.8302333
 0.82811558
 0.82354728
 0.82625934
 0.82605127
 0.82385851
 0.82023313
 0.82533094
 0.82251781
 0.82825094
  0.8238388
 0.82158473
  0.8249175
 0.82727774
  0.8267051
 0.83102552
 0.83999828
 0.84060264
  0.8445782
 0.85151894
 0.85323383
 0.84596799
 0.83532883
 0.83869198
 0.84586233
 0.85165983
 0.84761771
  0.8477955
 0.84567665
 0.83871618
 0.84265436
 0.85239966
 0.84845278
 0.84219611
 0.83991738
 0.84061962
 0.83698014
 0.83269046
 0.83729652
  0.8326391
  0.8284525
 0.83676863
 0.83483633
 0.83070013
 0.82830917
 0.82985891
 0.82475991
 0.83005549
 0.83251588
 0.82546871
 0.82880505
 0.82562893
  0.8287625
 0.82226092
 0.82525727
 0.81772285
 0.81638562
 0.82294471
 0.82247618
 0.83057374
 0.83064648
 0.83135168
 0.83204087
 0.83970918
 0.83924895
  0.8419203
 0.83508489
 0.84082881
 0.83204927
 0.83165871
 0.83957908
 0.83111816
 0.83548369
 0.82785258
 0.82218238
 0.82021872
 0.82370051
 0.82803617
 0.82565603
 0.82395687
 0.81866765
 0.82189879
 0.81672842
 0.82529234
 0.82714303
 0.83092409
 0.83782446
 0.83964785
 0.84404437
 0.84212574
 0.83214335
 0.84420388
 0.84133965
 0.84981213
 0.84660313
 0.84482592
  0.8403742
 0.83522047
 0.84161887
 0.84142575
 0.84779276
 0.84543598
 0.85245729
 0.84780951
 0.84432077
 0.84764864
 0.85063464
 0.84700261
 0.84751969
 0.85005987
 0.84626685
 0.84801678
 0.84755024
 0.84714345
 0.85234293
 0.85450061
 0.85215616
 0.85315789
 0.85117859
 0.85431869
 0.85727361
 0.85868237
 0.85884866
 0.85635525
 0.85127224
 0.85567849
 0.84900696
 0.84053519
 0.84311888
 0.85340239
 0.85464237
 0.85262822
 0.85112665
 0.85183818
 0.84750534
 0.84397306
 0.85145726
 0.85410173
 0.85901579
 0.85082373
 0.86159601
 0.86342984
  0.8563779
 0.85236693
  0.8580057
 0.85906261
 0.85482098
 0.85556591
 0.84655242
  0.8488505
 0.83959891
 0.83699196
 0.83389479
 0.83458765
 0.84116751
 0.84322527
 0.83960115
 0.83485416
 0.84049222
 0.83645014
 0.84689714
 0.84349472
 0.84628842
 0.84877192
 0.85013476
 0.85143237
 0.85110627
 0.86009878
 0.85448874
 0.85503726
 0.85454287
 0.85117767
 0.85355025
 0.85791823
 0.84815129
 0.85102955
 0.85376305
 0.85330556
  0.8513434
 0.85466887
  0.8503127
 0.85457127
 0.85063714
 0.84580951
 0.84878904
 0.85278335
 0.85076402
 0.85999731
 0.85975443
 0.85273238
 0.85272501
 0.85274509
  0.8512831
  0.8474515
 0.85533574
 0.84811898
 0.85497261
 0.85561826
 0.85474087
 0.85556155
  0.8555431
 0.85602629
  0.8534649
 0.85189435
 0.84872472
 0.84453857
 0.84991331
 0.85100887
     0.8447
  0.8440367
 0.83839291
 0.84259695
 0.82530016
  0.8286536
 0.82781819
 0.83674133
  0.8384596
 0.83972916
  0.8412383
 0.83825121
  0.8321823
 0.83117722
 0.82770348
 0.82651655
 0.83465734
 0.83576331
 0.83657286
 0.83784519
 0.83417623
 0.83328238
  0.8301397
 0.82424445
 0.82670672
 0.82477274
 0.82432144
 0.82681906
 0.83399118
 0.83474783
 0.83463463
  0.8332851
 0.83840835
  0.8318523
 0.83447526
 0.83232212
 0.83907226
 0.83823914
 0.83570183
 0.83739528
 0.83773742
 0.83686624
 0.83285891
 0.83110952
 0.82828838
 0.82739392
 0.82672674
 0.82714104
 0.83134844
 0.82711163
 0.82432384
 0.82153666
 0.82713203
 0.81937529
 0.83199319
 0.82544051
  0.8248753
 0.82346812
 0.81746504
 0.83224407
 0.83634491
  0.8362185
 0.83692035
 0.83599386
  0.8266377
  0.8382779
 0.83290583
 0.82864192
  0.8255418
 0.83619798
 0.83536436
  0.8346986
 0.82938854
 0.83626998
 0.83627437
 0.82994146
 0.83591331
 0.82781147
 0.83435448
 0.83907073
 0.83806487
 0.84524392
 0.84597801
 0.84333493
 0.84261987
 0.84565899
 0.84235664
  0.8390535
 0.84194849
  0.8358009
 0.83999499
 0.84038309
 0.84509371
 0.84034146
 0.83882564
 0.83886215
 0.83824382
 0.83209755
 0.82974731
  0.8319013
  0.8243502
 0.83155427
  0.8223685
 0.83140823
 0.82659638
 0.82160602
 0.82886934
 0.82936061
 0.83478711
 0.83687834
 0.84021107
 0.84985853
 0.84966599
 0.84183732
 0.84443535
 0.84917727
 0.84429257
 0.84388821
 0.84492189
 0.84634795
 0.85490816
 0.84914516
 0.85514051
 0.85352131
 0.85561173
 0.85348776
 0.85585081
 0.85315406
 0.85291623
 0.84779855
 0.84397658
 0.84271845
 0.84461538
  0.8519764
 0.85070637
  0.8565686
 0.85059435
 0.85647017
 0.85896855
 0.85830585
 0.85977153
 0.85637913
 0.86096807
 0.85995287
 0.85826702
 0.86178305
 0.85423921
 0.85457854
 0.85154715
 0.85028004
  0.8510694
 0.85711478
 0.85601651
  0.8520318
 0.85866931
 0.85089186
 0.84877437
 0.85320089
 0.85109763
 0.84868593
  0.8542444
 0.84939272
 0.84874331
 0.85299283
 0.85031807
 0.84226914
 0.84286798
 0.84076481
 0.84065382
 0.83889913
 0.83871743
 0.83543372
 0.83754639
 0.83875619
 0.83927251
 0.84544741
 0.83972931
 0.84158591
 0.84246085
 0.84820822
 0.84584532
 0.84697836
 0.84570547
 0.84860095
 0.85458613
 0.84971349
 0.85456082
 0.85692297
 0.85612522
 0.85637667
 0.85548758
 0.85190268
 0.85877931
 0.85484434
  0.8489051
 0.84611656
 0.84678225
 0.84491571
 0.85070533
 0.85024854
 0.84901029
 0.84632647
 0.84155255
 0.84128813
 0.84247859
 0.83773171
 0.83517377
 0.83741737
 0.84133962
 0.83930368
 0.84609946
 0.84803572
 0.84410437
 0.83906811
 0.83856203
 0.83629029
 0.84441883
 0.84292215
 0.84044639
 0.83301147
 0.83515637
  0.8347931
 0.83368379
  0.8321461
 0.84331843
 0.84296681
 0.84485952
 0.84541927
 0.84280484
 0.83873108
 0.84308514
 0.84196164
 0.84116624
 0.84422288
 0.84301622
 0.83522076
 0.83753453
 0.83284311
 0.83274489
 0.82192144
 0.82458175
 0.82559043
 0.82645511
 0.82240636
 0.81899952
 0.82138319
 0.81549016
 0.80547319
 0.81608515
  0.8143093
 0.81910159
 0.82183216
 0.80828893
 0.81137432
 0.80947998
 0.81146846
 0.80423564
 0.79856594
 0.80857509
 0.80124171
 0.79998752
  0.8079688
 0.80401686
 0.81735106
 0.81568763
 0.81452121
 0.80406164
 0.79780549
 0.80963216
 0.79386109
 0.79942901
 0.79652692
 0.79328116
 0.78892945
 0.78883998
 0.78376532
  0.7785934
 0.78609624
 0.79709738
 0.78419413
 0.79262392
 0.78058697
 0.77796231
 0.77426807
 0.78978939
 0.78552661
  0.7980308
 0.78356902
 0.78661206
 0.76791743
 0.77509368
  0.7648534
 0.75959988
  0.7692877
 0.77628636
 0.78558867
 0.78963575
 0.78876125
 0.80520892
 0.79354662
 0.80762466
 0.79614131
 0.79952398
  0.8061652
 0.77886244
 0.78167879
 0.78781345
 0.79877431
 0.79710622
 0.79142237
 0.78627059
 0.79317204
 0.77479561
 0.77795113
 0.76593833
 0.77117008
 0.77193871
 0.77038266
 0.77098827
 0.76369649
 0.76432889
 0.75221474
 0.74075968
 0.73270765
 0.72962562
 0.72655165
 0.72482936
 0.73006687
 0.73739754
  0.7400626
 0.73950535
 0.74173076
 0.74678772
 0.74210421
  0.7473582
 0.74151786
 0.74730487
  0.7445787
 0.74585254
 0.74442826
 0.74386953
 0.75166528
 0.75244644
 0.76536065
 0.75841125
 0.75920044
  0.7603982
 0.75324869
 0.76033236
 0.75747559
 0.76011034
 0.75746198
 0.74614125
  0.7585713
 0.75216585
 0.75137068
 0.76825436
 0.76743029
 0.77892974
 0.77673719
 0.78116267
 0.77510311
  0.7703212
 0.77128776
 0.78423885
 0.78075036
 0.77521189
  0.7779438
 0.78242082
 0.78474344
 0.78110441
  0.7786827
  0.7671611
 0.76993729
 0.76492446
 0.76681163
 0.77310873
 0.75874455
 0.76256961
 0.75936585
 0.76154074
 0.77486902
 0.78654046
 0.77723017
 0.78156193
  0.7817853
 0.78930253
 0.78843639
 0.78357323
 0.77436335
 0.77803402
 0.77544693
  0.7826113
 0.77889534
 0.77565664
 0.77949657
 0.77400274
 0.78412816
 0.78124982
  0.7755953
 0.77238053
 0.77557171
  0.7690155
 0.77088162
 0.76524818
 0.76423262
 0.76656645
 0.77050852
  0.7692565
 0.76801411
 0.77348432
 0.77090464
 0.77120606
 0.77467767
  0.7635782
 0.76279153
  0.7603467
 0.75896868
 0.76175835
 0.76677698
 0.76701565
  0.7691324
 0.76686711
 0.76554287
 0.77281596
 0.77064291
 0.76167117
 0.76325589
 0.77022591
 0.77141732
 0.76871826
 0.77766643
 0.77363996
 0.76339773
 0.76418133
 0.76205876
 0.76916191
 0.77699677
 0.77213176
 0.77543223
 0.77099315
 0.77422617
 0.75891193
  0.7733502
 0.76171598
 0.76524333
  0.7558116
 0.75885499
 0.75838506
 0.75182809
 0.75442631
 0.75559647
 0.76218803
    0.76195
 0.77710749
 0.77669942
 0.78168808
 0.78250668
 0.78664261
 0.79443121
 0.78863834
 0.79409254
 0.79247295
 0.79022523
 0.78606969
  0.7820071
 0.80314457
 0.80121267
 0.81003253
 0.81443532
 0.82771441
 0.82505109
 0.82933667
 0.82409373
 0.81210091
 0.81133611
 0.81190522
  0.8278985
 0.82651273
 0.82301945
   0.828887
 0.82875875
 0.83731136
 0.83211568
 0.83985574
 0.82857054
 0.81554724
 0.81704825
 0.82296026
 0.82865937
 0.82406026
 0.81235654
 0.81015755
 0.81145591
 0.80759913
 0.80043911
 0.79499163
   0.800122
 0.80112054
 0.80993164
 0.80526878
 0.80204432
 0.78985666
 0.79080555
 0.78771666
 0.78999424
 0.78716634
 0.78826138
 0.78645127
 0.78856996
 0.77939719
  0.7798622
 0.77265278
 0.76672506
 0.77409605
 0.77253091
 0.77422901
 0.76031475
 0.76777751
 0.76784106
  0.7678507
 0.76814061
 0.75900073
 0.76115842
  0.7662668
 0.76558549
 0.77074252
 0.77477636
 0.77197563
 0.77153326
 0.77085448
 0.77165001
 0.76402197
 0.78062229
 0.77533415
 0.77565176
 0.78542983
 0.79156711
 0.78298517
 0.78363481
 0.78214174
 0.78591381
 0.77995626
 0.79545922
  0.7868198
 0.78280473
 0.78255978
 0.79121401
 0.79148192
 0.79042675
 0.79565406
 0.79398566
 0.78454444
 0.79084522
   0.791317
 0.79374738
 0.78960333
 0.78909852
 0.79066519
 0.79103846
 0.79381195
 0.79031259
  0.8000075
 0.79421422
 0.79580877
 0.79122192
 0.79155396
 0.78917006
 0.79193378
 0.79037135
 0.78225444
 0.78434402
 0.78326073
 0.78030284
 0.78396259
 0.78208612
 0.79411897
 0.79746483
 0.79559329
  0.8007841
 0.79659678
 0.79870436
 0.79716219
  0.7982042
  0.8025233
 0.80161763
 0.80470782
 0.79534196
 0.80070407
 0.79797686
 0.79726658
 0.79720035
 0.79499523
 0.79983486
 0.79561365
 0.80513085
 0.80190866
 0.80071682
 0.80010939
 0.80194167
 0.80153659
 0.79765543
  0.7999181
 0.79353204
 0.79296329
 0.79489203
 0.79848776
 0.79961184
 0.79520375
 0.80120359
 0.79737003
 0.78327029
 0.78306463
  0.7892815
 0.78929436
 0.79477691
 0.80350576
 0.79721309
 0.80102161
 0.80662217
 0.80827088
 0.80606106
 0.80548854
 0.80106917
 0.80402185
 0.80161046
 0.80075995
 0.80685953
  0.7999939
 0.80052314
 0.80066168
 0.80572162
 0.80265706
 0.80285159
 0.80120499
 0.80205714
 0.80594303
 0.80513029
 0.80695738
 0.80247901
  0.8045751
 0.80356388
  0.8018743
 0.79652324
 0.79327491
 0.79175503
 0.79901907
 0.79527325
 0.79351793
 0.79344069
  0.7908879
 0.79206257
 0.79891078
 0.79610936
 0.80067475
 0.80358538
 0.80890856
 0.81145648
 0.81036458
 0.81041401
 0.80935471
 0.81198861
 0.80957744
 0.81276388
 0.81237057
 0.80537003
 0.80446883
 0.80572999
 0.80888776
 0.81201458
 0.82023519
 0.81383081
 0.81679748
 0.81574174
 0.81601618
 0.81928909
 0.82061079
 0.81031953
 0.80802111
 0.81371836
  0.8117592
  0.8191565
 0.82012113
 0.82946264
 0.82811333
 0.83626037
 0.83367025
 0.83286319
 0.83562205
 0.83860703
 0.83503037
 0.83106989
 0.83140583
 0.83320016
 0.83881374
 0.83232286
 0.83199773
 0.83856638
 0.83306619
 0.83855075
 0.83935708
 0.84207425
  0.8365654
 0.83429042
 0.83167149
 0.83897226
 0.84058059
 0.83797777
 0.82819967
 0.82956249
 0.82516781
  0.8308308
 0.82923158
 0.83492928
 0.83732903
 0.83880205
 0.83899814
  0.8390222
 0.83831879
 0.84512139
  0.8443122
 0.83951079
 0.84476127
 0.84290202
 0.83592311
 0.83932441
  0.8384246
 0.83197155
 0.83080272
 0.82716493
 0.82744779
 0.82029637
 0.81963894
 0.82824088
 0.82615138
 0.82633765
 0.82630738
 0.82544257
 0.82904406
  0.8278504
 0.82296397
 0.82081986
 0.81599012
 0.82380051
 0.82325349
 0.82233776
 0.82167425
  0.8213736
 0.82494095
 0.81993331
 0.81718139
 0.81593192
 0.81267902
  0.8135825
  0.8132767
 0.80686063
 0.80872623
 0.80911131
 0.80677865
 0.79830479
 0.79519158
 0.80139896
 0.79927533
  0.8044506
 0.80412703
 0.80331271
 0.80866343
 0.81208635
 0.81254735
 0.81600776
  0.8171292
 0.81398248
 0.82076534
 0.81915559
 0.81634167
 0.81293345
 0.81794305
 0.81640094
 0.80989728
 0.80325906
 0.80559924
 0.81020269
 0.81126133
 0.80228715
 0.80608414
 0.80484674
 0.80410488
 0.80592865
 0.80442129
 0.79592323
 0.79314418
 0.80180892
 0.80648988
 0.80176878
 0.80168662
  0.7964381
 0.79750252
 0.79883968
 0.79997145
 0.79392234
 0.79663954
 0.79640621
 0.80219159
 0.80559373
 0.80720041
 0.80272506
 0.80373269
 0.80283955
  0.8026556
 0.80694197
 0.80946008
  0.8112039
 0.81241962
 0.81820586
 0.82009355
 0.82086103
 0.82059451
 0.81524201
 0.81198642
 0.82080432
 0.82387261
 0.81843412
 0.81236071
 0.81412205
 0.82194435
 0.81432652
 0.80939118
 0.81945062
 0.81756157
 0.81683324
 0.82303505
 0.81897294
 0.81600928
 0.81439037
 0.81451636
 0.81972305
 0.82243098
 0.82581888
 0.82130136
 0.81324254
 0.80713784
 0.80059033
  0.7931677
 0.79467184
 0.80212611
 0.80689157
 0.80510312
 0.80242724
 0.80442528
 0.80291138
 0.80610356
 0.80286199
 0.79930162
 0.80412068
 0.80493026
 0.79661421
 0.79559858
 0.79353425
 0.79542278
 0.79633766
 0.79892009
 0.80432444
 0.80300648
 0.80197957
 0.80620331
 0.80198118
 0.79919143
 0.79351791
 0.79543839
 0.81203661
 0.81683252
 0.81851467
 0.81254182
 0.81055241
 0.80885499
 0.81014829
 0.81017984
 0.81807846
 0.81166006
 0.80506289
 0.80905823
 0.80958125
 0.80192159
 0.78943129
 0.78653458
 0.77747545
 0.77765913
 0.78516628
  0.7604027
 0.76220575
 0.76701113
 0.78197273
 0.78789072
 0.79242891
 0.78787245
 0.78059321
 0.79305136
 0.80012564
 0.80704884
 0.80685302
 0.80273614
 0.79773484
 0.77567665
 0.75844857
 0.77032972
 0.77667541
 0.77603449
  0.7711736
 0.76910458
 0.76384187
 0.76276885
 0.76088441
 0.75626228
 0.75220048
 0.75435545
 0.76665135
 0.76405098
 0.76357243
 0.76003668
  0.7668389
 0.76724732
 0.76066149
 0.75950625
  0.7700634
 0.77076992
  0.7696977
 0.76708327
 0.76901743
 0.77429298
 0.77572253
  0.7818908
 0.78409019
 0.78658985
 0.78532125
   0.789731
 0.78466346
 0.78833954
 0.79224775
 0.79347427
 0.79285398
 0.79568966
 0.79971276
 0.79679984
 0.79589049
 0.79541756
 0.79375039
 0.79182819
 0.79220318
 0.79218986
 0.78933051
 0.79084639
 0.78620751
 0.78612315
 0.78388184
 0.78747941
 0.78901351
  0.7912749
 0.79989702
  0.8010087
 0.79918962
 0.79634308
 0.80132189
  0.7988992
 0.79800821
 0.79986513
 0.80333388
 0.80337462
 0.80379259
  0.7969616
 0.79048421
 0.79219974
 0.79019463
 0.78862294
 0.78971538
  0.7956717
 0.77980393
 0.77983799
 0.77798538
 0.77787615
 0.78471343
 0.78180519
 0.78451824
 0.78882122
 0.79064945
 0.78815733
 0.79106505
 0.78503948
 0.78613888
 0.78651061
 0.78509371
 0.78823236
 0.78855631
 0.78060883
 0.77840564
 0.77437423
 0.77145413
 0.77801128
 0.78145464
 0.78448469
  0.7851737
 0.78764967
 0.79181957
 0.79437503
  0.7939208
 0.79682647
 0.79709654
 0.79158061
 0.79549867
  0.7891379
 0.79295942
 0.79944702
 0.80382982
 0.80811771
 0.80567719
 0.80536878
   0.800809
 0.79822776
 0.80245181
 0.80660381
 0.80414076
 0.80799612
 0.80972581
 0.80644186
 0.80619923
 0.80695261
 0.80858534
  0.8060311
  0.8090484
 0.81034412
 0.80905062
 0.80549977
 0.80555465
 0.80792274
 0.81256311
 0.81368132
 0.81050404
 0.80958451
 0.80733732
 0.80295437
 0.79809646
 0.80379947
 0.80412544
 0.81029374
 0.81050197
 0.81037131
 0.80398705
 0.81252355
 0.82433812
 0.83142908
 0.82651876
  0.8273045
  0.8264392
 0.82137622
  0.8250684
 0.82716689
 0.82428274
 0.82241854
 0.82100877
 0.81961949
 0.80978362
 0.81516909
 0.81835574
 0.81461485
  0.8178289
 0.81852119
 0.81679205
 0.81369399
 0.80911908
 0.81622902
 0.81656267
 0.81505438
 0.81578344
 0.80970661
  0.8106938
  0.8119199
 0.81572145
    0.82003
 0.81219576
 0.80703827
 0.81120998
   0.813041
 0.80590989
 0.80181555
 0.80489869
 0.80227306
 0.80005507
 0.79594185
 0.79333654
 0.79207343
 0.79259065
 0.79505173
  0.7997251
 0.80235438
 0.80542206
 0.81076806
 0.80404671
 0.80115732
 0.79692626
 0.78671485
 0.79234764
 0.78530258
 0.78690124
 0.78933686
 0.79560895
 0.79568541
 0.79698275
 0.79946265
  0.7950492
 0.79154767
 0.79099231
 0.79204178
 0.79282303
 0.79537306
 0.79766307
 0.79576706
 0.79484014
 0.79480566
 0.79825503
 0.80350885
 0.80843875
 0.81269345
 0.81502436
 0.81222314
  0.8056527
 0.79997821
 0.80932429
 0.80970594
 0.81740668
 0.82177949
 0.82102196
  0.8171483
 0.82239592
 0.82538304
  0.8242265
 0.82428408
 0.82584614
 0.82603372
 0.82321817
 0.82170113
 0.81696331
 0.81490767
 0.82505374
 0.82727643
  0.8309953
 0.82651314
 0.82680035
  0.8299312
 0.82959136
 0.82656701
 0.82077456
 0.82373784
 0.82108443
 0.82981203
 0.83140346
 0.83281082
 0.83349864
 0.83686732
 0.83340663
 0.83305233
 0.83292178
 0.83562671
 0.83753271
  0.8349302
 0.83161674
 0.82992993
 0.82660449
 0.82603086
 0.82889024
  0.8354619
 0.83523613
 0.83190103
 0.83193872
 0.83336526
 0.82856115
 0.83053946
  0.8251361
 0.83237418
 0.82861951
 0.83510909
 0.83046575
 0.83555945
  0.8306126
 0.82793687
 0.83563583
 0.83581999
  0.8264209
 0.82717216
 0.83251277
 0.83810942
 0.84356142
  0.8374944
 0.83126938
 0.83459703
 0.82608241
 0.82914492
 0.81560813
 0.80962019
 0.80304504
 0.80375414
 0.80983638
 0.80359356
 0.80404544
 0.80411658
 0.79515066
 0.79982449
 0.80654829
  0.8083467
 0.81488269
 0.82184393
  0.8174403
 0.81431264
   0.811901
  0.8116153
 0.80913842
 0.81500843
 0.81174167
 0.80226547
 0.81440027
 0.82354952
 0.82907671
 0.83025458
 0.83056107
 0.83759251
 0.83908235
 0.84430155
  0.8455009
   0.841995
 0.82750825
 0.82999956
 0.83093042
 0.83671465
  0.8348466
 0.83491986
 0.82621267
 0.81257783
 0.81269796
 0.80962115
 0.80298446
 0.81463603
 0.80070906
 0.79534864
 0.79681019
 0.80652503
 0.81075539
  0.8268832
 0.82281297
 0.83328329
  0.8354496
 0.84328441
 0.85148992
 0.84988685
 0.85713043
  0.8577411
  0.8594363
 0.85882638
  0.8608783
 0.86147079
 0.85841017
 0.86259429
  0.8607647
 0.86023008
 0.85996616
 0.86237431
 0.86390175
 0.85832281
 0.85045965
 0.86035713
 0.86935447
 0.87278191
 0.87418682
 0.88567385
 0.87783076
 0.88751667
 0.88775389
 0.88940003
  0.8830039
 0.88098001
 0.87951444
 0.87474164
 0.87284072
 0.87625318
  0.8691857
 0.87553113
 0.87792756
 0.87953468
 0.86383839
  0.8646087
 0.87144472
 0.87802248
 0.88344125
 0.88160965
 0.88433314
 0.87631134
 0.87978834
 0.87444138
 0.88520296
 0.89474595
 0.89425612
 0.90039898
 0.90020186
 0.89674696
 0.89382416
 0.88719342
 0.88818775
 0.88524906
 0.88775912
 0.89193007
 0.89074917
 0.88568749
  0.8828965
 0.88222518
 0.88021136
 0.88623671
 0.88550814
 0.88122453
 0.87248374
 0.88022302
 0.87563544
 0.86906219
 0.86535884
 0.86862005
 0.87148094
  0.8709291
 0.86962819
 0.86273406
 0.85717155
 0.85678796
 0.85052648
  0.8489338
 0.84261909
 0.83922084
 0.82441039
 0.82829213
 0.84617756
 0.84316216
 0.84970528
 0.85388505
 0.85152088
 0.85233813
 0.85658551
 0.85583587
 0.85690616
 0.85385835
 0.85552405
 0.85115399
 0.85900665
 0.86267506
 0.87155999
 0.87486381
  0.8713621
 0.86363697
 0.86208541
 0.86246636
  0.8620181
 0.86387685
 0.86042321
 0.86929956
 0.86919004
 0.86717075
 0.86687341
 0.85035177
 0.85465329
 0.85338778
  0.8472944
 0.84240115
 0.86405115
 0.86499064
 0.85909336
 0.87437233
 0.86658491
 0.86643148
  0.8748328
 0.86559543
  0.8712413
 0.87346877
 0.85446697
  0.8723339
 0.87951732
 0.87717229
 0.89383778
 0.89185736
 0.89466027
 0.89666881
 0.90047874
 0.89377632
 0.88748109
 0.87913706
 0.88132729
 0.87659624
 0.87144206
 0.86617926
 0.88194995
 0.88785275
 0.88131033
  0.8771995
 0.88127953
 0.87264982
 0.87801375
 0.87593276
 0.87740605
 0.88521097
 0.87953663
 0.88187165
  0.8797713
 0.88802566
 0.88065769
 0.87816163
 0.88120541
 0.88630703
 0.88324299
 0.88148005
 0.87530624
  0.8757708
 0.88668588
 0.88353342
 0.87061236
 0.86342646
 0.85840446
 0.86702412
 0.87229501
  0.8686669
 0.87386358
 0.87823832
 0.88487795
 0.88020428
 0.87192194
 0.86397572
 0.85838564
 0.86475364
 0.86339873
 0.85446523
 0.84434092
 0.83835399
 0.84191635
 0.83790188
 0.83338851
 0.83238219
 0.83376705
 0.82622165
 0.80866346
 0.82162638
 0.82946998
 0.82196049
 0.83399039
   0.829538
 0.81777707
 0.82750739
  0.8337244
 0.81876144
 0.81491384
 0.82253698
 0.82584413
 0.81286569
  0.8218489
 0.81069477
  0.8122079
 0.81777491
 0.81295273
 0.81186844
 0.81563725
 0.81107639
 0.81130118
 0.82343482
 0.81634875
 0.82147216
 0.81880995
 0.81577088
 0.80399466
 0.79777189
 0.81155096
 0.82555116
   0.830172
 0.83343977
 0.84703865
 0.84298154
 0.84929132
 0.84886015
 0.84212597
 0.84844241
 0.84387887
 0.84446732
 0.83973279
 0.83551821
 0.82607361
 0.82794375
 0.82986356
 0.82962681
 0.82044312
 0.83144166
  0.8322631
 0.83179529
 0.82752322
 0.83332809
 0.83089778
  0.8398513
 0.84198662
 0.83693931
 0.83462412
 0.83568474
 0.84212901
 0.83139306
 0.83318089
 0.83232202
 0.84041483
   0.831508
  0.8153258
 0.83135823
 0.82770382
 0.83278216
 0.83948217
 0.84668022
  0.8429557
 0.83699485
 0.83151543
 0.82228647
 0.81941363
 0.81696847
 0.82251667
 0.82380688
 0.82943121
 0.83287785
 0.83231295
 0.83105364
 0.83289436
  0.8304499
 0.82554152
 0.81125262
 0.82620028
 0.83047067
 0.82934262
 0.83063082
 0.83298199
 0.83235503
 0.83169792
 0.82732987
 0.83294753
  0.8328102
 0.83675222
 0.83522767
 0.83874498
  0.8411528
 0.83560767
 0.83473945
 0.82945615
 0.82734928
 0.83066881
 0.82273419
 0.82479503
 0.82559309
 0.82432796
 0.81973344
  0.8140733
 0.82174989
 0.82192439
 0.82023484
 0.82359108
 0.82762956
 0.82957989
 0.82662968
 0.83035224
 0.82843771
 0.82202419
 0.82842895
 0.83035162
 0.83414685
 0.82940343
 0.83375097
  0.8360596
 0.83516699
 0.84110556
 0.83710018
  0.8335932
 0.83496131
 0.83735632
  0.8376972
 0.84034211
 0.83990284
 0.84121946
 0.83198883
 0.83747438
 0.83859743
 0.84016972
 0.84006442
 0.85522959
 0.86029936
 0.85520981
 0.85581298
 0.86031142
 0.85293367
 0.85335396
 0.85478636
 0.85057833
 0.84752098
 0.84900619
 0.84741917
 0.84598216
 0.84095319
 0.84840458
 0.85066009
 0.85436403
 0.85142349
 0.84537713
 0.85141533
 0.84611334
 0.85085477
 0.84954576
 0.85527123
 0.85862435
 0.85635384
 0.85363246
 0.86606301
 0.85676221
 0.87080065
 0.86079349
 0.86160523
  0.8644802
 0.86268925
 0.86359632
 0.86437812
 0.86785149
 0.86850261
 0.86365782
 0.86328167
 0.85092813
 0.85310629
  0.8399761
  0.8394195
 0.82536355
 0.82717909
 0.83201497
 0.83534102
 0.83682488
 0.83935072
 0.84725319
 0.84811845
 0.84934333
 0.85119626
 0.85320831
 0.85670659
 0.85187403
 0.85273933
 0.85074465
 0.84753453
 0.84439644
 0.84667732
 0.85295352
 0.85455764
 0.85657564
 0.86017504
 0.85799701
 0.85571227
  0.8567448
 0.85883027
 0.85402385
 0.85434632
 0.86001909
 0.85923448
 0.86107866
 0.85868944
 0.86171219
 0.86015065
 0.86652334
 0.86116786
 0.85455497
 0.85577306
 0.85588589
 0.85659348
  0.8518601
 0.86037899
 0.86124771
 0.86075776
 0.85507646
 0.84989809
 0.85099369
 0.85025124
 0.84551811
 0.83081859
 0.83842273
 0.83634921
 0.83218476
 0.84017755
 0.84609128
 0.85396895
 0.84769951
 0.84960044
 0.84656282
 0.83937651
 0.83252809
 0.83238946
 0.83000639
 0.83036305
 0.84049715
 0.82740826
 0.82848809
 0.82411695
 0.82257386
 0.83012434
 0.82135399
 0.81741924
 0.81424908
 0.81555733
 0.81542264
  0.8188674
 0.81126215
 0.80130117
  0.7955333
 0.79945206
 0.80709811
 0.80702338
 0.80942125
 0.80805307
 0.80801712
 0.80383318
 0.81500651
 0.81291037
 0.80340674
 0.79536914
 0.78787578
 0.78465573
 0.80013601
 0.81029188
 0.81086241
 0.80509993
 0.81511448
 0.81380414
 0.81644942
 0.82342731
 0.82208316
 0.82377737
 0.82094417
 0.81992537
 0.81788839
 0.81637327
 0.82569452
 0.82313143
 0.81546743
  0.8231289
 0.82461689
 0.83007061
 0.82423242
 0.82906215
 0.82332973
  0.8309491
 0.84461524
 0.84226517
 0.83915423
 0.83620839
 0.83752143
 0.83784627
 0.83707148
 0.83875696
 0.83805409
 0.84181981
 0.83407106
 0.83613547
 0.83554277
 0.83114899
 0.82809348
 0.82975655
 0.83034163
 0.83092827
 0.82290014
 0.83162818
 0.83188322
 0.82705547
 0.82886348
 0.82869525
 0.82092176
 0.82811624
 0.82656469
 0.82515927
 0.82541543
 0.82263013
 0.82313647
 0.83097282
 0.83765989
 0.83002444
 0.83238252
 0.83368485
 0.82708798
 0.82121199
  0.8329725
 0.83067177
 0.82037751
 0.82349069
 0.82246147
 0.82096284
 0.82068065
  0.8222117
 0.81348624
 0.81934058
 0.81817298
 0.81748005
  0.8215023
  0.8267619
 0.82877052
 0.82481779
 0.82613418
 0.82880389
 0.82848208
 0.82430154
 0.82550466
 0.82157134
 0.81074688
 0.81448634
 0.81146289
 0.81004013
 0.81072214
 0.81715308
 0.81523402
 0.80995325
 0.82109624
 0.81604435
 0.81506918
 0.81745894
 0.82304489
 0.82210321
 0.81910881
 0.82907606
 0.82833588
 0.82372149
 0.81769123
 0.82112739
 0.82306571
 0.82928881
 0.81857048
 0.81247663
 0.81301924
 0.81622401
 0.81433257
  0.8119869
 0.81357295
 0.81545022
  0.8205949
 0.81940123
 0.82408776
 0.81104248
 0.81756915
 0.81787625
  0.8212085
 0.82231748
 0.83050481
 0.82508859
 0.81826495
 0.81437756
 0.82764077
 0.82669139
 0.81166989
 0.82070739
 0.82091904
 0.83141936
 0.82516305
 0.82596197
 0.82403845
 0.82281885
  0.8232848
 0.82533988
 0.82019914
 0.82103099
 0.81706906
 0.81297156
 0.81469172
 0.80686191
 0.80533033
 0.81689419
 0.81384898
 0.80696023
 0.80489486
 0.81338335
 0.81559042
 0.81689225
 0.82043451
 0.82522661
  0.8273949
 0.82419797
 0.82290099
 0.82499484
 0.82808419
 0.82875921
 0.82399725
 0.83053163
 0.81931523
 0.81869814
 0.81820938
 0.81886209
  0.8169644
 0.81157927
 0.80974195
 0.81115968
  0.8124372
 0.81797511
 0.81401141
 0.81386724
 0.80888576
 0.80274631
  0.7981818
  0.8088973
 0.80874166
 0.81058257
 0.81851911
 0.82211159
 0.82428881
 0.82182218
 0.81962324
 0.81295458
 0.82247741
  0.8191946
 0.81403884
 0.81467943
 0.81295634
 0.81594293
 0.80659936
  0.8085531
 0.80575399
 0.80898583
 0.81461579
 0.81012258
 0.81115002
 0.81447927
 0.81150674
 0.80869173
 0.81233451
 0.81766614
 0.81375099
 0.81938411
 0.82843781
 0.82492953
 0.81369516
  0.8368268
 0.82168748
 0.83210524
 0.83858149
  0.8419408
 0.83951209
 0.84558479
 0.84481461
 0.84602465
 0.85947362
 0.84819397
 0.84921503
 0.84833165
 0.85745003
 0.85516517
 0.85793747
 0.84814647
 0.85269658
 0.86418513
 0.85024751
 0.85371715
 0.84961551
 0.84018631
 0.84463764
  0.8461276
 0.85893857
 0.86688752
 0.86815188
 0.86873591
 0.87954092
 0.87852784
  0.8673834
 0.86822896
 0.87566612
 0.88422238
 0.88405286
 0.88102031
 0.88375976
 0.88934734
 0.88896565
 0.88956441
 0.88850566
 0.88438455
 0.88520421
 0.88050284
  0.8808318
 0.87185126
 0.87282543
 0.87828517
 0.87578587
 0.87664127
 0.87388496
  0.8730893
 0.86998886
 0.87365597
 0.88363821
 0.89023655
 0.88633956
 0.89137056
 0.89058313
 0.88919385
 0.88372716
  0.8819853
 0.87716002
 0.87681714
 0.87604083
 0.87504949
 0.86994108
   0.860216
 0.85576918
 0.85313437
 0.85817306
 0.85302646
 0.85608029
  0.8588013
 0.86741808
 0.87006054
 0.87413826
 0.87852167
 0.87674064
 0.88564958
 0.88945347
 0.88598137
 0.88478757
 0.88276514
  0.8893127
 0.88836157
 0.88787752
 0.88674955
 0.88759789
 0.88478532
 0.88126111
   0.880389
 0.88417752
 0.88169867
  0.8860153
 0.89024224
 0.89133558
 0.89148615
  0.8891663
 0.88963979
 0.88902284
  0.8895627
 0.88626779
 0.88258552
 0.88350916
 0.87513544
 0.87355234
 0.85651044
 0.86957079
 0.87001649
 0.86878628
 0.87387996
 0.86857579
 0.87804648
 0.87864919
 0.88222758
 0.88247862
 0.88685768
 0.87876422
 0.89219731
 0.90473581
 0.90534505
 0.90440732
 0.90578922
 0.90540802
 0.90760094
 0.90557674
 0.90427238
 0.90445262
 0.89916281
 0.89828711
 0.89980659
 0.89782254
 0.89874701
 0.89511057
 0.88542508
 0.88568354
 0.89488641
 0.89357217
 0.89485409
 0.89132493
 0.88917586
 0.89438017
 0.88655593
 0.88264485
 0.88643892
 0.89560759
 0.88972709
 0.89586435
 0.90044371
 0.90948276
 0.90803229
 0.90439828
 0.90496474
 0.90663234
 0.89387063
 0.89396552
 0.88417953
  0.8938399
 0.89954974
 0.89068553
 0.88710026
 0.89497481
 0.89333548
 0.88725299
 0.89228822
 0.89999979
 0.90003998
  0.8951501
 0.89969816
 0.89475955
 0.88759075
 0.88014076
 0.88548249
 0.88212977
 0.88381959
 0.88957076
 0.88692019
 0.88238006
  0.8917133
 0.89204816
 0.88544127
 0.88332766
 0.88216624
 0.89237095
 0.88414978
 0.89083754
 0.89933767
 0.89610406
 0.89816123
  0.8972612
 0.88722761
 0.88537659
 0.86954826
 0.87450737
 0.87735075
 0.87859958
 0.87424667
 0.87616496
 0.87040963
 0.87815868
 0.87451515
   0.880229
 0.88049388
 0.86756251
 0.86539334
 0.86132327
 0.85725408
 0.85121661
 0.85095212
 0.84794662
 0.84925134
 0.84883155
 0.85767501
 0.85740211
 0.85431694
 0.84711031
 0.84559309
 0.84839689
 0.84333197
 0.85939127
 0.86964555
 0.88490282
 0.88889738
 0.88865883
 0.89013641
 0.88886938
  0.8983495
 0.89297232
 0.89873157
 0.89827966
 0.88953168
 0.87923253
 0.89518726
 0.90484283
 0.90434651
 0.91094328
 0.91277464
 0.91904549
 0.91832503
 0.91685094
 0.91211623
 0.91069954
 0.91780047
 0.92158344
 0.92464417
 0.91540775
 0.90690204
 0.91191404
 0.91202263
 0.91035817
 0.90675789
 0.90016202
 0.90129018
 0.90517838
 0.90511563
 0.90173788
 0.90001086
 0.90364642
 0.90348878
 0.90911195
 0.90951598
 0.90836534
 0.90572137
 0.91344983
 0.91754878
 0.91189429
 0.91619267
 0.91656099
 0.91396422
 0.91644512
 0.91193804
 0.91791024
  0.9176145
 0.91657407
 0.91599841
  0.9178574
 0.91434624
 0.91176559
  0.9112028
 0.91131416
 0.91436732
 0.91924476
  0.9280433
 0.92497825
 0.92410022
 0.92491621
 0.92237014
 0.92449176
 0.92168903
 0.91573619
   0.926029
 0.91901772
 0.92332463
 0.92539124
 0.91480043
 0.90392673
 0.89355311
 0.89896246
  0.9081094
 0.91204467
 0.91775765
 0.91673664
 0.91546855
 0.90783948
 0.91152805
 0.90148448
 0.89546236
 0.90250717
 0.90026365
  0.9122651
 0.90845291
 0.90569617
  0.9070664
 0.91156654
 0.90542897
 0.90703505
  0.9096508
 0.90855349
 0.91038677
 0.91117639
 0.91379785
 0.91528484
 0.91839076
 0.91229985
 0.90946161
 0.91296646
 0.90951151
 0.90955274
 0.90646391
 0.89812118
 0.90520982
 0.90466728
 0.89812142
 0.89841305
 0.90219339
 0.90351716
  0.9011187
 0.90380077
   0.900717
  0.9051344
 0.90539385
 0.90406258
 0.90174397
 0.90840305
 0.90181283
 0.89859265
 0.90611591
 0.89664691
 0.89775162
  0.8940649
 0.89414601
  0.8906767
 0.88880874
  0.8878636
 0.89441408
 0.89493115
 0.90311646
 0.91014779
   0.908558
 0.90860207
 0.91002185
 0.90925057
 0.90333752
 0.90115246
 0.90698211
 0.91727419
 0.90985901
 0.90921741
 0.91209692
 0.91324709
  0.9110271
 0.91574971
 0.91387647
 0.91349143
  0.9050173
   0.909512
  0.9077684
 0.90742884
 0.90014508
 0.89684535
  0.8997534
 0.89436777
 0.89373127
 0.89417157
 0.89732311
 0.88955104
 0.89332338
 0.89385328
 0.89147157
 0.89348319
 0.89042465
 0.88727912
 0.88580861
 0.88725567
 0.89469151
 0.89228049
 0.89398992
 0.89209548
 0.89329965
 0.89653618
 0.89914602
 0.90027491
 0.90075577
 0.90311899
 0.89633584
 0.88082763
  0.8865927
 0.88518021
 0.88385453
 0.88396374
 0.88663092
 0.88676439
 0.89081429
 0.89130725
 0.90574879
 0.90311926
 0.89946725
 0.89540617
 0.89378792
 0.89418113
 0.89578059
 0.89476071
 0.89925835
 0.89655544
 0.89251972
 0.89484038
 0.89934764
 0.90360899
 0.89305574
 0.87833675
 0.87278321
 0.87323387
 0.87278852
 0.87767542
 0.88135092
 0.87932328
  0.8790992
 0.88514449
 0.88086636
 0.88198518
 0.88219891
 0.88128017
 0.87460355
  0.8756922
 0.87830045
 0.87404465
 0.87169581
 0.87274926
  0.8797684
  0.8775214
 0.87338438
  0.8828523
 0.87631601
 0.87813831
 0.87980956
 0.87901177
 0.87715326
 0.87975289
 0.87736969
 0.87786343
 0.88063295
 0.88319369
 0.88039756
 0.87983004
 0.88362615
 0.88524781
 0.88686836
 0.89004447
 0.89949082
 0.90944983
 0.90170656
 0.90079685
 0.90105453
 0.90210504
 0.90531703
 0.90586558
  0.9115576
  0.9114598
 0.90808176
  0.9027184
 0.90581015
 0.90539809
 0.91106712
 0.91566477
 0.91819185
 0.90980677
 0.90700284
 0.91263755
 0.91228852
 0.90211296
 0.91218687
 0.91004419
 0.91679627
 0.91993805
  0.9164523
 0.91328654
 0.91580618
 0.92041023
 0.91979221
 0.93317596
 0.93320731
 0.93668042
 0.94161488
  0.9379603
 0.93256463
 0.93759143
 0.93829166
 0.94011398
 0.93839202
 0.94369081
  0.9418203
 0.94181835
 0.94258486
 0.94000134
 0.93630808
  0.9331902
 0.93958913
  0.9403956
 0.94059356
  0.9368617
 0.94175389
 0.94278388
  0.9428191
 0.94357144
 0.94581348
 0.94271945
 0.93769232
 0.93937781
 0.94340778
 0.94264658
 0.93729022
 0.93973974
 0.93612114
 0.93020832
 0.93063642
  0.9284534
 0.92156763
 0.92453952
 0.92422514
 0.91570076
 0.91935294
  0.9191501
 0.91341505
 0.90947076
 0.90746577
 0.90974527
 0.90946019
 0.90754062
 0.90492903
 0.90480191
 0.90014612
 0.90120892
 0.90658084
 0.90439994
 0.89874708
 0.90419125
 0.90590055
 0.90292461
 0.90794499
 0.90927504
  0.9066968
 0.90023547
 0.89511029
 0.89408468
  0.9008805
 0.88828938
 0.89033273
 0.88874184
 0.88346823
 0.87979609
 0.86827889
 0.86978461
 0.86819944
 0.87124204
 0.86162491
 0.86396944
 0.86759647
 0.86795112
 0.87571032
 0.87132985
  0.8684155
 0.87991432
 0.86929881
 0.87361165
  0.8644028
 0.85683943
  0.8566894
 0.86292971
 0.87370072
 0.86755981
 0.87165423
 0.87203075
  0.8772739
 0.87339397
 0.87393499
 0.87042253
 0.86514369
 0.87262879
 0.88404148
 0.88403061
 0.88818684
  0.8806044
 0.88900139
 0.89536325
 0.89748116
 0.89981654
  0.8999768
 0.89573971
 0.88808064
 0.87510769
  0.8695403
 0.88140512
 0.90493953
 0.91153835
 0.91813835
  0.9116975
 0.90804361
 0.91803395
 0.90784597
  0.9130684
 0.90510774
 0.90801936
 0.90607755
 0.91060126
 0.91287115
 0.91625376
  0.9217807
 0.92565342
 0.92632865
 0.92729058
 0.92458493
 0.93156744
 0.92860284
 0.92916603
 0.92351594
 0.92573786
 0.91997259
 0.92745933
   0.930549
 0.92267663
 0.92053306
 0.92459065
 0.92768223
 0.92901584
 0.92745937
 0.92115327
  0.9245749
 0.92846501
 0.92463692
 0.91786294
 0.92168101
 0.91643017
 0.91949345
 0.91456511
 0.91521632
 0.91483737
 0.91794164
 0.91487579
 0.91525354
 0.91108571
 0.90467028
 0.89776628
 0.89560559
 0.90076576
 0.89575974
 0.90708899
 0.91022163
 0.91130303
 0.90782621
  0.9104436
 0.90441608
 0.89890984
 0.88940664
 0.89011898
 0.89823744
 0.89807534
 0.88900717
 0.90817707
 0.90135141
  0.8860649
 0.88896877
 0.89283803
  0.8901156
 0.87922726
  0.8859823
 0.87478655
 0.88631479
 0.88934961
  0.8980152
 0.88387789
 0.89566484
 0.89154415
 0.89303374
 0.89620763
 0.88726616
 0.89128861
 0.89602126
 0.89444867
 0.88833752
 0.88406099
  0.8865474
 0.88869505
  0.8873173
 0.88554446
 0.88486087
 0.89159367
 0.89334712
  0.8926859
 0.89794156
 0.89069141
 0.89922824
 0.90522108
 0.90959471
 0.90905105
 0.90838159
 0.90310951
 0.90526323
 0.90613345
 0.90795685
  0.9104147
 0.91107049
 0.90710382
 0.90479136
 0.90347265
 0.89800308
 0.90348803
 0.90735491
 0.90080463
 0.89998236
 0.90143908
 0.91381307
 0.92074713
 0.91928504
 0.92682926
 0.91960434
  0.9143153
  0.9201462
 0.91318631
 0.90632678
 0.90699507
 0.90493533
 0.90368611
 0.90899824
 0.90211203
 0.89532673
 0.89771843
 0.89884454
 0.90660585
 0.90511934
 0.91229328
 0.91034275
 0.90722094
 0.91066964
 0.92046641
 0.91519707
 0.91651032
 0.91531637
 0.91567794
 0.91537905
   0.910462
 0.90700508
 0.90467244
 0.90197028
 0.90173172
 0.90068796
 0.90556948
  0.9027171
 0.90802639
   0.899716
 0.90169679
 0.89640232
 0.89923544
 0.88895431
 0.90097596
 0.89466848
 0.89348756
 0.89991286
 0.89117526
 0.89867689
 0.89773959
 0.89958482
 0.89437781
 0.90451987
 0.90105213
 0.90064975
 0.90368226
 0.90954823
 0.90708203
 0.91057075
 0.91324073
 0.91326867
 0.90832702
 0.90389703
 0.90284959
  0.9037252
 0.90349757
 0.89998737
 0.89081616
 0.88801062
 0.88943169
 0.88319026
 0.88921466
 0.88789744
 0.88031203
 0.87789806
 0.88278302
 0.88613299
  0.8904577
 0.89522569
 0.89882525
 0.89863309
 0.90268927
 0.90380655
 0.90399382
  0.9015435
 0.89985412
 0.89370519
 0.89548365
 0.89880377
 0.90708716
 0.89604976
  0.8977361
  0.9011387
 0.89590646
 0.89048044
 0.90134085
 0.90081476
 0.90089037
 0.90347707
 0.90196976
 0.89929456
 0.90185862
 0.90256423
 0.90635439
 0.90369785
 0.91575025
 0.92432803
 0.92893287
 0.92184956
 0.91373903
 0.91459564
 0.91240718
 0.91954242
 0.92269676
 0.92380534
 0.92231603
 0.92368543
 0.92522393
 0.92446924
 0.93119461
 0.92677855
 0.93474734
 0.92781219
 0.93310438
 0.93018236
 0.93530862
  0.9351148
 0.94342015
 0.93944752
 0.93203504
 0.93301084
 0.93728192
 0.94082151
 0.94289354
 0.94504799
 0.94528187
 0.94853673
 0.94771286
 0.94994888
 0.93921794
 0.94625088
 0.95220654
 0.94620322
 0.94817984
  0.9463177
 0.93943378
   0.949583
  0.9494339
 0.94810612
 0.95040252
 0.94403821
 0.94684929
 0.94053088
 0.94696703
 0.95807913
 0.95449445
 0.94258199
 0.94350385
 0.94407182
 0.94200864
 0.94469672
 0.94394218
 0.94565442
 0.94655204
 0.93546089
 0.93629312
 0.93470165
  0.9367224
  0.9360519
 0.93478727
 0.93628811
 0.93804543
 0.92549221
 0.92787476
 0.92891146
 0.92243213
 0.92191941
 0.92084217
 0.93402406
 0.94022698
  0.9465085
 0.94164407
 0.94257462
  0.9396349
   0.935568
 0.93153605
 0.92697991
 0.92391823
 0.93051249
 0.93453526
 0.93820632
 0.94259235
 0.94849095
 0.94623752
 0.93428299
 0.92633734
  0.9325026
  0.9285389
 0.92031134
 0.92876493
 0.92599767
 0.92987199
 0.93086858
 0.93627876
 0.94131571
 0.93956626
 0.94121292
 0.94074812
 0.94184983
 0.93728156
 0.93801139
 0.93424165
 0.93273721
 0.92122781
 0.91570198
 0.92677691
 0.91675023
 0.93019231
 0.93925089
  0.9384358
 0.93699396
 0.94411919
 0.94482215
 0.93941631
 0.93538633
 0.93672874
 0.94139561
 0.93806911
 0.94163391
 0.94269638
 0.94627485
 0.94416554
 0.94226474
  0.9378514
 0.93254887
 0.93689188
 0.94030724
 0.93677408
 0.93536205
 0.93039667
 0.92982096
 0.93935144
 0.93646814
 0.94205406
 0.93920032
 0.94478659
 0.94025729
 0.94117287
 0.94424821
 0.94207854
 0.93256296
 0.93106004
 0.93354361
 0.93392747
  0.9403711
 0.94012089
 0.94578952
 0.94854887
 0.94407578
 0.94975416
 0.94922026
 0.95101727
 0.94004288
 0.94580197
 0.94556201
 0.94580854
 0.94571776
 0.93696383
 0.92989189
 0.93634583
 0.93861421
 0.93900348
 0.93578164
 0.93574358
 0.93204286
 0.93025224
 0.92038862
 0.91766825
 0.91441771
  0.9176845
 0.92568476
 0.92543082
 0.91612176
 0.91240787
  0.9061997
 0.91927755
 0.91833697
 0.92747497
 0.92588106
 0.92485227
  0.9190703
 0.93178445
 0.93049332
 0.92208948
 0.92783531
 0.93602506
 0.93742112
 0.93698198
 0.93512986
 0.93231039
  0.9431606
 0.94190719
 0.94929729
 0.94747559
 0.94552449
 0.94742221
 0.94258229
 0.93430318
 0.93238074
 0.93532436
 0.93108691
 0.92690781
 0.92203875
 0.92766434
 0.91821914
 0.93212317
 0.93392244
 0.93222103
 0.93303707
 0.93931632
 0.93769911
 0.94229832
  0.9367476
 0.93620488
 0.93955756
 0.93841885
 0.93555336
 0.93513599
 0.94188685
 0.94838294
 0.94846471
 0.94042447
 0.93593007
 0.93996084
   0.935465
 0.93575768
 0.93621354
 0.93563455
 0.92972854
   0.925596
 0.92722445
 0.92936825
 0.92770494
 0.93121462
 0.92426831
  0.9211333
 0.91767305
 0.92023966
 0.91938042
 0.91266071
 0.90737689
 0.89342433
 0.89280633
 0.89191492
 0.89576488
 0.89801867
 0.89265987
 0.89481799
 0.89884927
 0.90054428
 0.90836404
 0.90603613
 0.90479362
 0.89401286
 0.88225891
 0.89046798
 0.91172467
 0.91176249
 0.91259879
 0.90874119
 0.90173549
 0.90270208
 0.90968625
 0.90906223
 0.90405717
 0.89758231
 0.90260287
 0.90423571
 0.90669617
 0.90700546
 0.91440461
 0.90377122
 0.90299999
 0.89671097
 0.90067523
 0.90012731
 0.89541851
 0.89167391
 0.88706472
 0.88646552
 0.88790332
 0.88992154
 0.89440904
 0.90036579
 0.88793436
 0.87762194
 0.88059589
 0.87385491
 0.86580692
 0.88184933
 0.87405092
 0.87136892
 0.87190888
 0.86405093
 0.86564617
 0.86688589
 0.86957002
 0.87418316
  0.8823272
 0.88559169
 0.88059093
 0.87910819
 0.87436691
 0.87543324
 0.87599416
 0.87433674
 0.88454523
 0.88707024
 0.87211463
 0.87569876
 0.89001297
  0.9025495
 0.90944238
 0.89712724
 0.87351537
 0.86775594
 0.86445077
 0.85837694
 0.86050701
  0.8729082
 0.88015124
 0.88467093
 0.88699508
 0.88301663
 0.88467127
 0.89099443
  0.8861639
 0.88407266
 0.87556293
 0.87866146
 0.87623372
 0.87236389
 0.87794567
 0.87588417
 0.87105396
 0.87548562
 0.87766435
 0.87883926
 0.87758143
 0.88220427
 0.86771428
 0.86161199
  0.8674198
 0.87568857
 0.87563169
 0.87473405
 0.86725888
  0.8657467
 0.86808541
 0.86708297
 0.85538438
 0.85693234
 0.86967602
 0.87427788
 0.88141157
 0.88885585
 0.88595032
  0.8826387
 0.87496586
  0.8717092
 0.87774653
 0.87427721
 0.87991966
 0.88140087
 0.88420239
 0.88917482
 0.89009983
 0.89095069
 0.88537053
  0.8770196
 0.87750547
 0.87328753
 0.87615246
 0.86782688
 0.86326597
 0.86842659
 0.86500475
 0.86597716
 0.87192935
 0.86942318
 0.86751858
 0.86871283
 0.86127877
 0.85103357
 0.85057422
 0.85124014
 0.84873524
 0.85273284
 0.85278024
 0.84798232
 0.84294065
 0.84350018
 0.84474645
 0.85166144
 0.85902917
 0.86295994
 0.85636708
 0.85781828
 0.86040764
 0.85931944
 0.86195683
  0.8621045
  0.8645774
 0.86372243
  0.8652581
 0.86620907
  0.8646469
 0.86385307
 0.86365731
 0.86255046
 0.86276873
 0.85956428
 0.86487152
  0.8650394
 0.86282891
 0.86931333
  0.8754969
 0.88227314
 0.89285872
 0.89395696
 0.89430282
 0.89476448
 0.89514451
 0.89874145
 0.89958228
 0.89456341
 0.88666466
 0.88300241
 0.89026899
 0.88791485
 0.88684708
 0.88460754
 0.87492414
 0.86028498
 0.86295046
 0.85815052
 0.85395559
  0.8574331
 0.85644193
 0.85809734
 0.86078701
 0.86641628
 0.86976682
  0.8674001
 0.87520613
 0.86609354
 0.86555966
 0.85812062
 0.86852063
 0.86897432
 0.87602725
  0.8803029
  0.8772905
 0.88003273
 0.87838561
 0.87064701
 0.87047076
 0.86824028
 0.87226072
 0.87062719
 0.87438122
 0.86919471
 0.86898326
 0.86491257
 0.86564076
 0.86324056
 0.86510015
 0.86552891
 0.86982866
 0.86785857
 0.86205521
 0.86326731
  0.8604609
 0.85391956
 0.85878395
 0.85924712
 0.85830646
 0.86295298
 0.85984573
 0.85830726
 0.85682955
 0.85666837
 0.85861602
 0.85215155
 0.84450898
 0.83419313
 0.82520542
  0.8156364
 0.81486296
 0.82042885
 0.81599885
 0.82476151
 0.81008405
 0.80856058
 0.80612945
 0.81459873
 0.81624658
 0.80194681
 0.80693602
 0.80475572
 0.80889984
 0.80878568
 0.81946888
 0.81218532
 0.81467898
 0.81568062
 0.81992946
  0.8177337
 0.81156747
 0.80837384
 0.80543283
 0.81005345
 0.80850073
 0.81497009
 0.81457904
 0.82335961
 0.82168133
 0.81641216
 0.82605581
 0.82984515
 0.83199506
 0.83738422
 0.83452483
 0.84142518
 0.83850488
 0.83233181
 0.83015526
 0.82531881
 0.82968849
 0.82555373
  0.8197615
 0.81607433
 0.81633413
  0.8084582
 0.81169486
  0.8197125
 0.82222366
 0.82328017
 0.82359145
 0.82916879
 0.83182746
 0.84086131
 0.84521545
 0.84414369
 0.84390555
 0.84524738
 0.85029408
  0.8603826
 0.86381016
 0.86217622
 0.85314279
  0.8508368
 0.85342302
  0.8604278
 0.86435774
 0.86300542
 0.86433317
 0.86945767
 0.86666967
  0.8664714
 0.86323181
 0.87029401
 0.87223498
 0.87402519
 0.87212349
 0.86801948
 0.86736303
 0.87400629
 0.86885032
 0.87239859
 0.86715462
 0.86693419
 0.86438053
 0.86209901
 0.86020566
 0.86491198
 0.86605713
 0.86690058
 0.86232572
 0.86280098
 0.86470883
 0.86440588
 0.86482009
 0.86402807
 0.86447311
 0.86432132
  0.8701577
 0.87285743
 0.87506614
 0.89036056
 0.89669221
 0.88434889
 0.87757738
 0.86897085
 0.86815105
 0.86699207
 0.87777184
 0.87720773
 0.87174713
 0.86817445
 0.87656443
  0.8692554
 0.86304312
   0.864267
 0.86313246
 0.86947229
 0.87613559
 0.87107784
 0.86588746
 0.87025432
 0.87814723
 0.88178905
 0.87952634
 0.87842483
 0.88692516
 0.89391207
 0.89388986
 0.89642528
 0.89296523
 0.90367776
 0.90220692
 0.89385155
 0.89219723
 0.87846414
 0.88503483
 0.88570683
 0.88545012
 0.88617075
 0.88555489
 0.88749057
 0.89885734
 0.90908337
 0.91949097
 0.90745438
 0.89919069
 0.89839311
 0.89633099
 0.88314478
 0.88970825
 0.89188019
 0.89929998
  0.8894376
 0.87985744
 0.88312887
 0.87647057
 0.88020472
 0.88540218
 0.88678478
 0.87622739
 0.86415479
 0.86361462
  0.8704833
 0.86422567
 0.86680237
 0.86331472
  0.8618394
 0.86312379
 0.86578108
 0.86928092
 0.87304864
 0.86931746
 0.88722019
 0.88717539
 0.89893777
 0.89870475
 0.89640052
 0.90059525
 0.90360151
  0.9066239
 0.91117583
 0.90580617
 0.89581552
 0.90414985
 0.90576418
 0.91516997
 0.91659734
 0.91922573
 0.91929332
 0.92361964
  0.9253087
 0.92529819
 0.92405468
 0.92570362
 0.92936428
 0.92858247
 0.91716669
 0.92237231
 0.92260058
 0.91039224
 0.91597187
 0.91298641
 0.90103272
 0.90564693
 0.90684431
 0.91362767
 0.91379059
 0.91475403
 0.90751152
 0.91690579
  0.9122151
 0.92233304
 0.92805681
 0.91991586
 0.91900503
 0.91467456
 0.91311995
 0.91460096
 0.91722598
 0.91859311
 0.92352333
 0.92061845
 0.92394365
 0.92516084
 0.92383702
 0.91424206
  0.9173155
 0.91696526
  0.9110803
 0.92453485
 0.91885274
 0.90859976
  0.9110581
 0.90639615
 0.91050628
 0.90755733
 0.91218465
 0.91729501
 0.90873021
 0.90606163
 0.89537077
 0.89308684
 0.89237542
 0.89999179
 0.89288225
 0.90088539
 0.89894526
 0.90172092
 0.91267502
 0.91388741
 0.91370051
 0.91523303
 0.91184201
 0.90913497
 0.91305044
 0.90735261
 0.90528363
 0.90649838
 0.90056116
 0.90997662
 0.91038855
 0.90958519
  0.9140925
 0.91419006
 0.91091901
 0.91040937
 0.91100715
 0.92154287
 0.92821921
 0.92095148
 0.91175605
 0.91266543
 0.92222548
 0.92248417
 0.91410005
  0.9034381
 0.90212613
 0.90325033
 0.89094858
 0.88888569
 0.88274923
 0.88632381
 0.89219946
 0.89184246
 0.89823577
 0.88787395
 0.87829806
  0.8897322
 0.89174869
 0.89697953
 0.89694602
 0.88382426
 0.86482066
 0.86954678
 0.87421482
 0.87764166
 0.87268421
 0.87088622
 0.86167531
 0.87069667
 0.87927311
 0.88243061
 0.88578192
 0.89258702
 0.89410247
 0.89757906
 0.90266616
 0.90076968
 0.89922912
 0.90463814
 0.90424192
 0.90161432
 0.90398375
 0.90501543
 0.90122411
  0.9020432
 0.90112202
 0.89965311
 0.89587156
 0.89632681
 0.88801807
 0.88555511
 0.88245477
 0.87901436
 0.88141625
 0.88656684
 0.88614052
   0.886679
 0.88639224
 0.88235665
 0.87766629
 0.88037341
 0.87738029
 0.88982351
 0.89206332
 0.88920265
 0.88117403
  0.8835141
 0.88119543
 0.87937634
 0.87460678
 0.87014785
 0.86786721
 0.86713395
 0.86275046
 0.86652537
 0.86536368
 0.86301251
 0.86467642
 0.86302006
 0.86336615
 0.84969881
 0.85823981
 0.86416266
 0.86129147
  0.8681162
 0.87515553
 0.87507968
 0.87517119
  0.8741293
 0.87142787
 0.87612683
   0.871197
 0.86551863
 0.86371309
 0.86647243
  0.8630246
 0.86190217
 0.86440923
 0.86269642
 0.86449799
 0.87035165
 0.87136988
 0.86849347
 0.86976916
 0.86255648
 0.86203857
 0.86147676
 0.87459561
 0.87226226
 0.87163678
 0.86005381
 0.86279858
 0.86265207
 0.86018069
 0.86281196
 0.86108339
 0.86415828
 0.86767426
 0.86540165
 0.86669064
 0.87111753
 0.87507216
 0.87185937
  0.8697115
 0.87105741
 0.86972019
 0.86050329
 0.85933277
 0.86168796
 0.86020105
 0.85479597
 0.84361983
 0.85031076
 0.85176051
 0.85654326
 0.85618908
 0.85272936
 0.84554469
 0.84565959
 0.84679586
 0.85058079
 0.84512027
 0.85285351
 0.85762109
 0.85385641
 0.85199059
 0.83912423
 0.84121005
  0.8373925
 0.83552142
 0.83638776
  0.8318402
 0.82907636
 0.82461078
 0.82759472
 0.83508266
 0.83346965
 0.83822118
 0.83685268
 0.82985158
 0.82791708
 0.82662887
 0.82661488
 0.83145953
 0.83604469
  0.8349017
 0.83805279
 0.83946843
 0.84558121
 0.84206218
 0.83546758
  0.8448636
 0.84558426
  0.8469946
 0.84814659
 0.84905954
  0.8492558
 0.85246728
 0.84979525
 0.84893367
  0.8543211
 0.85516224
 0.85360871
 0.85497105
  0.8556179
 0.85278382
 0.85141113
  0.8528301
 0.85257198
 0.85145695
 0.84600224
 0.84495053
 0.83612434
 0.84156008
 0.85150022
  0.8589262
 0.85889854
 0.86074926
 0.86189267
 0.86275635
 0.86318859
 0.86338549
 0.86250519
 0.86075783
 0.85945126
 0.85927236
  0.8586536
 0.85482931
 0.85757659
 0.85759259
 0.85766003
 0.85839733
 0.86116398
 0.86139339
 0.85927159
 0.86281738
 0.86032738
 0.86171606
 0.86413366
 0.86331179
 0.86586435
 0.86409018
  0.8656563
 0.86661095
   0.863605
 0.86098595
 0.86404998
 0.86956046
 0.87202105
  0.8716896
  0.8638131
 0.86349004
 0.85670126
 0.85701808
 0.85258302
 0.84966608
 0.85424632
 0.85280658
  0.8513867
 0.85519518
 0.85406948
   0.854991
  0.8574299
 0.85259258
 0.85242708
 0.84932352
 0.84258734
 0.84732634
 0.85152826
 0.85023168
 0.85624745
 0.85430779
 0.84299511
 0.83987107
  0.8407525
 0.84366788
  0.8383149
 0.83887018
 0.83785875
 0.84208869
 0.83635735
 0.83487518
  0.8208492
  0.8144835
 0.81536435
 0.81358862
  0.8104511
  0.8224488
 0.82971479
 0.83292533
   0.831002
  0.8326346
 0.83215601
 0.82703425
 0.83809647
 0.83888496
 0.84046395
 0.83974277
 0.83677195
 0.84580026
 0.85237101
 0.85098648
  0.8487462
 0.84174408
 0.83108979
 0.83044767
 0.83162692
 0.83881249
 0.84306877
  0.8488691
 0.85162473
 0.85780686
  0.8608544
 0.86465866
  0.8660885
 0.86170079
 0.86260678
 0.85774159
 0.85773489
 0.84725968
  0.8407985
  0.8344471
  0.8351207
 0.83612706
 0.84324113
 0.84198095
 0.84524525
 0.85019206
 0.84809764
 0.84484977
 0.84173605
 0.82890357
 0.83633085
 0.83115016
 0.83480193
 0.84047846
 0.84810252
 0.86076327
 0.86632089
 0.87040532
 0.86916155
 0.86447184
 0.86834246
 0.86893362
 0.87564831
 0.87262675
 0.87120409
 0.86325251
 0.86484354
 0.86535266
 0.86420927
 0.86010196
 0.85237463
 0.85926736
 0.86050088
 0.85743561
  0.8577108
  0.8596122
 0.85566893
 0.85650635
 0.85886585
 0.86050091
 0.85984185
 0.86034157
 0.85934253
 0.86142203
 0.85943959
 0.86584964
 0.85776203
 0.86166772
 0.86033259
 0.85782952
 0.86527006
 0.86152572
 0.86360935
 0.86331912
 0.85878461
 0.85826148
 0.86557902
 0.86991427
 0.86644463
 0.86128258
 0.86136861
 0.86537155
 0.87120869
  0.8794467
  0.8813534
 0.88227951
 0.88920474
 0.88875528
 0.89739461
 0.89204458
  0.8935057
 0.88486546
  0.8958946
 0.88838602
 0.89429709
 0.87993695
 0.88110641
 0.87981712
 0.88770388
 0.89361786
 0.90005075
 0.89957003
 0.89898866
 0.89766226
 0.90280005
 0.90907312
 0.91214697
 0.91451466
 0.91549954
 0.90313414
 0.89758255
 0.90032064
 0.90978253
 0.91171398
 0.91053449
 0.90409405
 0.90357693
 0.89654853
  0.9023039
 0.90131186
 0.90659253
 0.90984904
 0.90441856
 0.89954614
 0.89370224
 0.89832175
 0.90571189
 0.90218424
  0.9061358
 0.90691545
 0.89859829
  0.8909358
 0.89934697
 0.89802639
    0.90927
  0.9114121
 0.90865525
 0.89887259
 0.89203029
 0.89592342
 0.89582504
 0.89666527
 0.89574056
   0.895983
 0.89652796
 0.89603564
 0.89448117
 0.89695456
 0.89319908
 0.88819667
 0.88656288
 0.88479448
 0.88810732
 0.88655296
  0.8945418
 0.88876637
 0.88642319
 0.88242503
 0.88568062
 0.88225122
 0.87300495
  0.8722852
 0.85877015
 0.87581818
 0.87694354
 0.87181404
  0.8586625
 0.85798144
 0.85370558
 0.85689282
 0.87121515
  0.8685027
 0.86357389
 0.86691813
 0.87428805
 0.87179917
 0.86990114
 0.86774206
 0.86866028
  0.8642172
 0.86201598
 0.85826685
  0.8585045
 0.85963406
 0.84661094
 0.84691746
 0.84037851
 0.84662238
 0.85253704
 0.84822411
 0.84625271
 0.85298384
 0.85539983
 0.85197967
 0.84941179
 0.84746255
  0.8490001
 0.84459867
 0.84560956
 0.85170985
 0.85031328
 0.83916285
 0.84513061
 0.85573968
 0.86154665
 0.85793451
 0.86886596
  0.8637514
  0.8599851
 0.85476875
 0.84995998
  0.8510337
 0.85476248
 0.85240882
 0.84736779
 0.83326124
 0.83341478
 0.82892503
 0.83589506
 0.83315415
 0.83364617
 0.82734934
 0.81961183
 0.82711162
 0.81914862
 0.80945896
 0.81167245
 0.81595095
  0.8097406
 0.81018543
 0.80830836
 0.80420689
 0.80740088
 0.80566979
 0.82344553
 0.82618165
 0.83055008
 0.82926685
 0.82442883
 0.81839824
  0.8160201
 0.81174641
 0.79767724
 0.80291884
 0.79253463
 0.78056432
 0.77926241
 0.78816289
 0.78897026
 0.79976887
 0.79563298
 0.79809342
 0.80130258
 0.79945896
 0.79635626
 0.79593209
  0.7974885
 0.79842014
 0.80040275
 0.79906215
 0.80386232
 0.81420839
 0.80861715
 0.79844876
 0.79942298
 0.78890178
 0.77755938
 0.78431615
 0.78975959
  0.7927505
 0.79576719
 0.79537959
 0.79602252
 0.79471614
 0.79556433
 0.79979857
 0.79967146
 0.80211633
 0.80419399
 0.80954949
 0.80697926
 0.79810876
 0.79610156
  0.7952507
 0.78558912
 0.78755869
 0.78833603
 0.79285167
 0.79195045
 0.79243023
 0.78988277
 0.79255256
 0.79768186
 0.79234786
 0.78819735
 0.79841053
  0.7990468
  0.8022017
 0.80252911
 0.79593981
 0.79085814
 0.78714322
 0.79287551
 0.78624618
 0.78602501
  0.7901636
 0.78412696
 0.78242084
 0.77992817
 0.78642577
 0.80213642
 0.80217977
 0.81386258
 0.80873854
 0.80585717
 0.80649886
 0.81050661
 0.81052894
 0.80037557
 0.80613813
 0.80397692
 0.80137636
 0.79957687
 0.80108419
 0.79783084
 0.79974478
 0.80515723
 0.81145375
 0.81294057
 0.81542613
 0.81511073
 0.81906852
 0.80867708
 0.81157985
 0.80607912
 0.81437629
 0.81080101
 0.80673985
 0.81728516
 0.80639985
 0.80854537
 0.80816335
 0.79868344
 0.79737716
 0.80198914
 0.80042517
 0.79337355
 0.79809805
 0.78079662
 0.77772403
 0.77257949
  0.7609119
 0.76188851
 0.74433148
 0.74413727
 0.74207481
 0.72904851
 0.73370765
  0.7357013
 0.73703864
 0.74584359
 0.73639988
 0.73970959
 0.73750374
 0.74048157
  0.7354706
  0.7312679
  0.7362929
 0.73119895
 0.73169789
 0.74277868
 0.74257402
  0.7449596
 0.74330421
 0.73823636
 0.73322062
 0.74247902
 0.74358819
 0.75456225
 0.75344507
  0.7456517
 0.76312621
 0.74417152
 0.75292741
 0.75948581
 0.76880452
  0.7700658
 0.77658442
 0.77547602
 0.77624393
 0.78010565
 0.78237522
 0.79296904
 0.78582773
 0.79326494
 0.78757041
 0.79763646
 0.77483451
 0.78632805
 0.77236478
  0.7612577
 0.75305702
 0.74932734
 0.74824047
 0.75473606
 0.74366561
 0.75027142
 0.73859652
 0.73657254
  0.7313444
 0.73647739
 0.72608834
 0.73343954
 0.72781337
 0.73303646
 0.73417769
 0.74311224
 0.74961899
  0.7601711
 0.75935722
 0.77265824
 0.76805226
 0.76241202
 0.76273962
 0.76399762
 0.76788748
 0.77158722
 0.76924662
 0.77140113
 0.77712783
 0.77709683
 0.78220543
 0.78653562
 0.78428826
 0.78138882
 0.78859611
 0.77936879
 0.78435024
 0.78406239
  0.7872851
 0.79114067
 0.77634633
 0.77620244
 0.75355163
 0.74317792
 0.76622424
 0.73536317
 0.74153492
 0.74179192
 0.74224605
 0.74725349
 0.74799701
 0.74743958
 0.75463446
 0.75682577
 0.76408022
 0.74755243
 0.74889747
 0.76405243
 0.73134783
 0.72831535
   0.730669
 0.72628066
 0.72078901
 0.71942948
 0.70803038
   0.697812
 0.70178865
 0.68837805
 0.67553177
 0.67424502
 0.67455133
 0.67824229
 0.67208142
 0.65616935
 0.65799242
 0.65312071
 0.65181472
 0.64888463
 0.65424704
 0.65569882
 0.65352634
 0.65738613
 0.64799763
 0.64673521
 0.63725295
 0.64273908
  0.6413266
 0.63410612
 0.63732986
 0.63216268
 0.63088516
 0.63124326
 0.62952648
 0.62742411
 0.63051633
 0.63150879
 0.62490525
 0.62770085
 0.63160589
 0.62925517
 0.62989747
 0.62664873
 0.63001106
 0.62962898
  0.6269409
 0.63364849
  0.6380462
 0.64108025
 0.64254823
 0.65179295
 0.64746623
  0.6536527
 0.65045792
 0.66197202
 0.66565438
  0.6761053
 0.67793535
 0.68754816
 0.68923467
 0.68923263
 0.69323761
 0.69952858
 0.69963525
 0.70468036
 0.70639531
 0.71007068
 0.70747792
  0.7187144
 0.72183928
 0.72503195
 0.73219587
 0.73363205
 0.73433143
 0.73657693
 0.73394883
 0.73467351
 0.73168133
 0.72835999
 0.72664786
  0.7233569
 0.73041523
 0.72253744
 0.71842564
 0.72878692
 0.72372079
 0.72598927
 0.73234428
 0.72500484
 0.73166545
 0.73161596
 0.73126563
 0.73420847
 0.73488831
 0.72942805
 0.72591201
  0.7318473
 0.73266746
 0.73882647
 0.73431245
  0.7394545
 0.73299371
 0.73224477
 0.72525452
 0.72346916
  0.7146269
 0.71847627
 0.71908783
 0.72417607
  0.7227075
 0.71789359
 0.72040085
 0.72277001
  0.7175701
 0.72314185
 0.72390699
  0.7275908
 0.72163455
 0.72294207
 0.72154588
 0.72528685
 0.71753612
 0.72033539
 0.71967909
 0.72021523
 0.72042735
 0.71787704
 0.71327417
 0.71704689
 0.71446865
 0.71647953
  0.7151195
 0.71111219
 0.71776432
 0.71190816
 0.71700144
 0.71708549
 0.71712725
 0.71594879
 0.71334075
 0.71063331
 0.70487313
 0.70891755
 0.71304733
 0.70913014
  0.7117885
 0.71389159
 0.71378606
  0.7133295
 0.71138455
 0.71205723
 0.71038788
 0.71349939
   0.710872
 0.70611005
 0.70251725
 0.69874131
 0.69535922
 0.69774188
 0.69566036
 0.69853268
 0.70456901
 0.70539838
 0.70273445
 0.69714384
 0.69745746
 0.69044363
 0.69359852
 0.70458391
 0.71114735
 0.70703127
  0.7073886
  0.7134047
 0.72142031
 0.71600436
 0.72223714
 0.71760861
 0.71802773
 0.71250264
 0.70907908
 0.71712108
 0.71390778
 0.70088002
 0.70194872
 0.70029015
  0.6895289
 0.70069548
 0.70230534
 0.69445818
 0.70106385
 0.69906258
 0.69637621
 0.69128403
 0.68641619
 0.68895821
 0.68138949
 0.69079407
 0.69708084
 0.70632115
 0.71166214
 0.70949573
 0.71715332
 0.71176427
 0.71789368
 0.71418521
 0.71803074
  0.7141808
 0.72490794
 0.72791693
 0.72013245
 0.72995337
 0.73407152
 0.73370511
 0.73604667
  0.7367281
 0.73778345
 0.72839062
  0.7305979
 0.72737729
 0.72511902
 0.72930963
 0.72878529
 0.73226367
 0.73134091
 0.73666548
 0.73443648
  0.7330063
 0.73257787
 0.72811243
 0.73226384
 0.72860681
 0.73153932
 0.73378367
 0.73497839
 0.73595309
 0.72870503
 0.73504462
 0.73088709
 0.74180155
 0.73718895
 0.73843165
 0.74976236
 0.74868893
 0.75067264
 0.75594685
 0.75800259
 0.75675395
  0.7557507
 0.76017314
 0.75960381
 0.76424793
 0.76315283
  0.7689009
  0.7647394
  0.7729086
 0.76330203
 0.76836048
 0.76467855
 0.75617554
 0.76012388
 0.75722268
  0.7618687
 0.75931593
 0.76063861
  0.7596949
 0.76098081
 0.75851897
 0.75674387
 0.75564325
 0.74732171
 0.75048596
 0.74554528
 0.73895163
 0.73992305
 0.73869959
 0.73791184
 0.72330074
 0.71866317
 0.71276228
 0.71929727
 0.71646921
 0.73953929
  0.7351482
 0.74188393
  0.7354071
 0.74340394
 0.74189078
 0.74391046
 0.75065122
 0.74765427
 0.75596642
 0.75480335
 0.75502836
 0.75775085
 0.76311425
 0.75767644
 0.75443972
 0.76475453
 0.76153683
 0.75484109
 0.74842349
 0.75750803
 0.76543472
 0.76068433
 0.76580337
 0.76822327
 0.76846662
 0.77933406
 0.77893536
  0.7797424
 0.77892578
 0.78066874
 0.78966693
 0.78946101
 0.79876664
 0.79619593
 0.79261128
   0.794342
 0.79210534
 0.80156546
 0.80049013
 0.80045819
 0.79940376
  0.7931744
 0.78475514
 0.79120994
  0.7839399
 0.77500049
 0.78010369
  0.7813488
 0.78304458
 0.79046812
 0.79222404
 0.79238751
 0.79470983
 0.79840192
 0.78476079
 0.78974978
  0.8032476
 0.79928745
 0.80216315
 0.80049737
 0.80298637
 0.80011332
 0.79896707
 0.79571471
 0.79318735
 0.79460207
 0.79106885
 0.78471363
 0.78044723
 0.78012797
  0.7776885
  0.7762135
  0.7858488
 0.78281798
 0.78622218
 0.79232672
 0.78842218
 0.78571311
 0.78782496
 0.77710486
 0.77136447
 0.77009578
 0.76460967
 0.76567737
 0.76922249
 0.76635273
 0.76991874
 0.77002192
 0.75914496
 0.76187089
 0.75849732
  0.7524199
 0.76571198
 0.76241097
 0.77337475
 0.77281448
 0.78396382
 0.78545061
 0.78343396
 0.77884008
 0.77496262
 0.76994644
 0.76603733
 0.76010047
 0.76538899
  0.7667096
  0.7646171
 0.75449825
 0.75921665
 0.76072694
 0.75971558
 0.76102336
 0.76413792
 0.76547765
 0.75868263
 0.76483186
 0.76520447
 0.76379724
 0.75933344
 0.76558874
 0.76867493
  0.7545684
 0.75459038
   0.770069
 0.76875362
 0.77021229
 0.77198541
 0.76593741
 0.77133092
 0.76451032
 0.76555151
 0.76103973
 0.76392173
 0.75502831
 0.76591232
 0.76286511
 0.75939653
 0.76072001
 0.76065125
 0.75637909
 0.75841823
 0.76294635
 0.76192708
 0.76465996
 0.76649519
 0.76454525
 0.76264987
 0.75971912
 0.76413555
 0.76728876
 0.77475935
  0.7715733
 0.77373301
  0.7728045
 0.77634096
 0.77778142
 0.77673395
 0.77940145
 0.77063967
 0.78185463
 0.76780951
 0.78582477
 0.78397119
 0.78964597
 0.78691177
 0.79053839
 0.79557694
 0.80839345
 0.80096995
 0.81124969
 0.80920368
 0.81245898
 0.80876169
 0.81066466
 0.81016198
 0.80919566
 0.80752351
 0.80564311
 0.80813025
 0.80648022
  0.8108504
 0.80909887
 0.80435602
 0.80665384
 0.81006938
 0.81061227
 0.81372343
 0.81580464
 0.82630583
 0.83048214
 0.82987824
 0.83327771
  0.8318812
 0.82868191
 0.83117456
 0.83189113
 0.83019149
 0.82621026
 0.82644621
 0.82780872
 0.82543581
 0.81922172
  0.8215194
 0.81991331
 0.81284652
  0.8160713
 0.80674827
 0.81901839
 0.81043587
 0.80234299
 0.81404638
 0.82392042
 0.83928792
 0.84328438
  0.8433393
 0.84289289
 0.84648343
 0.85703695
 0.86416508
 0.86573657
  0.8691836
 0.86985396
 0.87632016
 0.85863607
 0.85783287
 0.85860731
 0.85052483
 0.85956992
 0.85807636
 0.86563763
 0.86661699
 0.87569453
 0.87150501
 0.87456399
 0.88125066
 0.89129981
 0.88346739
 0.88112001
 0.87541059
 0.87868131
 0.87814637
 0.88249085
 0.88501613
 0.89274299
 0.88995651
 0.89492488
 0.89211369
 0.88600827
 0.88909316
 0.88794114
 0.89025763
 0.88744071
 0.88724314
 0.88696309
  0.8842824
 0.87917207
 0.87029076
 0.85933621
 0.85764812
 0.86453561
 0.86135919
 0.87052414
 0.86822385
 0.87775967
 0.88355377
 0.87393402
 0.87531829
 0.86236137
 0.85957149
 0.85981299
 0.86581817
 0.87565516
 0.87421877
 0.87381837
 0.87462173
 0.88091513
  0.8909501
 0.88440171
 0.87962621
 0.87897804
 0.88190404
 0.87990433
 0.87636902
 0.87579528
 0.89285748
 0.89493196
 0.89520368
 0.89140967
 0.89696984
 0.88926507
 0.88901635
 0.89016404
 0.89105367
 0.88949781
 0.88436102
 0.88407675
 0.88519462
  0.8828226
 0.88651281
 0.89071273
  0.8903965
 0.89036381
 0.89059562
 0.89167447
 0.88702763
 0.88055235
 0.88540566
  0.8826852
 0.88644598
 0.88011206
  0.8785447
 0.87467802
 0.87355865
 0.87013747
 0.86688759
 0.86590153
 0.86869267
 0.86564081
 0.86745354
 0.86558225
 0.86151764
 0.86044672
 0.86104724
 0.86211915
 0.85494294
 0.84369956
 0.84747016
 0.84245406
 0.83432995
 0.83832679
 0.85196834
 0.85078234
 0.85925997
 0.86643221
 0.86974001
 0.86525425
 0.86143458
  0.8556735
  0.8471996
 0.85551622
 0.85491185
 0.85569814
 0.85343182
 0.85445144
 0.85923676
 0.84900601
 0.84354953
 0.84604914
 0.83930511
 0.82715371
 0.82815725
 0.83375654
 0.83504521
 0.82917094
 0.83553606
 0.83018216
 0.83164296
 0.82574992
 0.82093184
 0.82387937
 0.81622815
 0.82757122
 0.82740168
 0.82745361
 0.82167041
 0.81405757
 0.81866593
 0.80608753
  0.8141539
 0.81609808
 0.81515205
  0.8198315
 0.81171305
 0.80749507
  0.8047384
 0.81513258
  0.8125782
 0.80657147
 0.80168589
 0.81148334
  0.8083728
 0.81128503
 0.81108874
 0.81058096
 0.80655237
 0.80652737
 0.79741761
 0.79866326
 0.79906482
 0.79812218
 0.79951122
 0.79558018
 0.79654473
 0.79637558
 0.80597913
 0.80989497
 0.80805086
 0.81095204
 0.82118916
  0.8224513
 0.81250216
 0.81862593
  0.8189205
 0.82201578
 0.81301291
 0.80713068
 0.81456251
 0.81209371
 0.81992052
 0.81764063
 0.81545983
 0.80696103
 0.80189312
  0.8062803
 0.80794707
 0.80454918
 0.81371081
 0.82122729
 0.82330931
 0.81891438
 0.82351534
 0.81898277
 0.81172828
  0.8213177
 0.81570293
 0.82440173
 0.82143625
  0.8259155
 0.82542858
 0.82188591
 0.81024352
 0.81986347
 0.81507982
 0.81646865
  0.8054734
 0.80070631
 0.80280203
 0.80305879
 0.80514521
 0.80670562
 0.80320164
 0.80293683
 0.80416287
 0.80542555
 0.79179062
 0.79765925
 0.79778756
 0.78846356
  0.7978236
 0.79950844
 0.80505622
 0.80712054
 0.80699702
  0.8019194
 0.79527955
 0.80254462
 0.79600329
 0.78814807
  0.7954047
 0.80772681
  0.8001497
  0.8034193
 0.80227561
 0.80727603
 0.79817893
 0.79907211
 0.79931668
 0.80138756
 0.80094426
 0.80087075
 0.79648319
 0.79808554
 0.79489149
 0.79138865
 0.79296368
 0.79126147
   0.791368
 0.79224767
 0.79496478
 0.80017649
 0.79530545
 0.79753704
 0.79614079
 0.79538242
 0.79634391
  0.7984717
 0.79446072
 0.78992293
 0.78809262
   0.796809
 0.79552539
 0.78797144
 0.78288739
 0.77763479
 0.78643021
 0.78712078
 0.78936997
  0.7962239
 0.78806643
 0.79699748
 0.79144967
 0.79120254
 0.79177176
 0.78688194
 0.79035819
 0.78531789
 0.79337156
 0.79182258
 0.80095409
 0.79397562
 0.79282773
 0.78473355
 0.78605806
 0.77562966
 0.78521645
 0.79210468
 0.80030283
 0.80422802
 0.80735609
 0.80833061
 0.80919266
 0.80820631
 0.80739383
 0.80922195
 0.81290485
 0.81493462
 0.81666679
  0.8091808
  0.8091101
 0.81161614
  0.8238347
 0.81943306
 0.81969438
 0.81546816
 0.82178133
 0.81844765
 0.81975589
 0.81857931
 0.81375203
 0.80963623
 0.81069212
 0.82320135
 0.82265563
 0.82197164
 0.81724023
 0.82009744
 0.82678534
 0.82646868
 0.82822047
 0.82110593
 0.82955734
 0.82501353
 0.82568477
 0.82909022
 0.82885747
 0.83486566
 0.83640966
 0.83188663
 0.82896654
 0.82547387
 0.83466191
 0.83136471
 0.82912938
 0.83390642
 0.83223528
  0.8351847
 0.83890579
 0.83607865
 0.83986406
 0.84418472
 0.83625864
 0.83713447
 0.83745326
 0.84894378
 0.85240636
 0.86014081
 0.85664582
 0.85016936
 0.83923454
 0.83280105
 0.83444593
 0.84367465
 0.84486639
 0.85122613
 0.84718194
 0.83925813
 0.84912052
 0.84384844
 0.85891779
 0.84875612
 0.84906645
 0.85194538
 0.84866472
 0.85118516
  0.8542795
 0.84687088
 0.85177007
 0.85269113
 0.85293284
 0.85410919
 0.85115404
 0.84536437
 0.85584312
 0.85683781
 0.86239638
 0.85572622
 0.86603432
  0.8630882
 0.86555663
 0.86170649
 0.86228059
   0.868819
 0.86470586
 0.86572309
 0.86547057
  0.8700325
 0.87187158
 0.87308688
 0.86737654
 0.87136829
 0.87274315
  0.8760097
 0.87562571
 0.88145868
 0.88033602
 0.87968329
 0.87402984
 0.86837985
 0.86720127
 0.87198244
 0.86953887
 0.88324934
 0.88124718
  0.8854051
 0.88099592
 0.88087006
 0.86785189
 0.87377141
 0.86391484
 0.86625223
 0.85555135
   0.846602
 0.84215562
 0.84661524
 0.86148911
 0.86618517
 0.87496796
 0.87789419
 0.87514909
 0.87785203
 0.88894028
 0.89100137
 0.89113637
 0.88574288
 0.88562621
 0.88960989
 0.88969464
 0.89980033
 0.89299991
 0.89579576
 0.88456561
 0.88522808
 0.88335169
 0.88501918
 0.87956866
 0.88553564
 0.88158859
 0.88495617
 0.87759221
 0.87695155
 0.87613236
 0.86519563
 0.86138654
 0.87483424
 0.86675452
 0.87025294
 0.85819872
 0.86415738
 0.87044494
 0.86490011
  0.8523677
 0.86327119
 0.85987995
  0.8616028
  0.8684503
 0.87207547
 0.87449929
 0.87113078
 0.87171778
 0.88249567
 0.89168935
 0.89605956
 0.89430429
 0.89843566
 0.89447495
 0.89958249
 0.89910632
 0.90301301
 0.90136977
 0.90443514
 0.90292638
 0.89780284
 0.88660054
  0.8965484
 0.89974857
 0.89989288
 0.89386244
 0.89723684
 0.88871126
 0.89125112
 0.89381713
 0.89548575
 0.90158525
 0.89420647
 0.89939873
  0.8973612
 0.90073307
 0.89701446
 0.89695739
 0.90115136
 0.89754269
 0.89486032
 0.89755096
 0.90226744
 0.90668505
 0.90872807
 0.92442161
 0.92533496
 0.92020244
 0.92473505
 0.92151202
  0.9138939
 0.90584922
   0.917199
 0.92026298
 0.92631788
 0.93596536
 0.93779523
 0.93709556
 0.93991451
 0.93809058
 0.93881993
 0.93644505
 0.93482316
 0.94847072
 0.94556913
 0.93911479
 0.93169196
 0.93255489
 0.93334216
  0.9427486
  0.9384265
 0.93898374
 0.93660665
 0.93988277
 0.93870162
 0.93468885
 0.94061477
 0.93890444
 0.94390288
 0.94443859
 0.95692648
 0.95651874
 0.96217263
 0.95494319
 0.94811809
 0.94405968
 0.95003422
 0.94987723
 0.94578767
 0.93606511
 0.93563984
 0.93156409
 0.92303852
 0.92147944
 0.92761003
 0.93124511
 0.93066906
 0.90493251
 0.90688414
 0.90644473
 0.91146179
 0.90495317
 0.90844089
  0.8979979
  0.8947066
 0.90026755
 0.89418686
 0.88876876
 0.88277334
  0.8705832
 0.87627769
 0.88586835
 0.89335416
 0.88282277
 0.88224115
 0.88090482
 0.88841976
 0.88777446
 0.89308386
 0.89151463
 0.90329368
 0.89551741
 0.91196901
 0.91516146
 0.91995927
 0.92057829
 0.92505521
 0.93341078
 0.93737154
 0.93946111
 0.94424567
 0.94468129
 0.94402878
 0.93480864
 0.93657252
 0.93429068
 0.93999728
 0.94029287
 0.93586438
  0.9400132
 0.93564168
  0.9385107
 0.93624799
 0.93821234
 0.93800586
 0.94015327
 0.93828229
 0.93787103
 0.93801143
 0.94167832
 0.94126307
 0.93933864
 0.93532611
 0.93053176
 0.93379049
 0.93112324
 0.93126359
 0.92811432
 0.93183913
 0.93048988
 0.93188295
 0.93076613
 0.92904721
 0.92722128
 0.92383012
 0.91923707
 0.91145936
 0.91503208
 0.91830734
 0.91575759
 0.90790283
  0.9127559
 0.91490443
 0.91857577
 0.91678803
 0.91693053
  0.9124866
 0.91572864
 0.91783939
 0.92033771
 0.91269478
 0.90393433
 0.90822438
 0.90701411
 0.90403668
 0.90260955
 0.90305273
  0.9040417
 0.89285043
 0.88990899
 0.89573052
 0.90118217
 0.90267987
 0.89098807
 0.89004861
 0.89623573
 0.88682694
 0.88299176
 0.87518384
 0.87562991
 0.87183363
 0.86593127
 0.86520358
 0.86295213
 0.86942166
 0.87886834
 0.89091285
 0.89202708
 0.89026877
 0.88742842
 0.87924605
 0.88464692
 0.88544692
 0.88422197
 0.88810726
 0.87883349
  0.8866818
 0.88707695
 0.89084726
  0.8940195
 0.89761671
 0.89979517
  0.9024795
 0.90013611
  0.8969707
 0.89231257
 0.89624714
 0.88848103
 0.88225771
 0.87822091
 0.88205834
 0.88217239
 0.88712682
 0.88953139
 0.89543579
 0.88923858
   0.888144
 0.88989446
   0.886317
 0.88334116
 0.88537956
 0.88414518
 0.88384655
 0.88126266
 0.88959536
 0.89281761
 0.89462428
  0.9002835
 0.89735174
 0.89845957
 0.90187674
 0.90706743
 0.90772681
 0.90709122
 0.90843852
 0.90392617
 0.91177379
 0.91029652
 0.90929183
 0.90268079
  0.9023121
 0.91087418
 0.90854542
 0.90427017
 0.90748859
 0.91427726
 0.91727553
 0.91272272
 0.91221213
 0.90320783
 0.91235101
  0.9067109
 0.90331094
  0.9056849
 0.90609043
 0.90781048
 0.91023936
 0.90900182
 0.90867179
 0.90655047
 0.90951954
 0.90670302
 0.90890956
  0.8990973
  0.9076794
 0.90928183
 0.90970483
 0.90896954
 0.91138792
 0.91100397
 0.91725504
 0.91144725
 0.91322907
 0.91108025
 0.90690286
 0.90735166
 0.90447544
 0.89534039
  0.8901105
 0.88873131
 0.89027322
 0.89147015
 0.88545949
 0.89244224
 0.90070048
 0.90114523
  0.8981997
 0.90147952
 0.89545625
  0.8914029
 0.89583241
 0.89497746
 0.89519625
 0.89362065
 0.88848929
 0.89717305
 0.89212325
 0.88957704
 0.89064068
 0.89673673
  0.8891306
 0.89001686
 0.89103651
 0.88908078
 0.88583908
 0.87866287
 0.88157817
 0.87387881
 0.86879911
 0.86848975
 0.87570568
 0.87292242
 0.87930311
 0.88121993
  0.8855711
 0.88877319
 0.90176326
 0.90204847
 0.89878115
 0.90348616
 0.90300971
 0.90415217
 0.89745481
 0.90728763
 0.90811091
  0.9086261
 0.91277995
 0.90336763
 0.91143715
 0.89805312
 0.90010531
 0.89072047
  0.8921843
 0.89735134
 0.89768666
 0.88946874
  0.8874663
 0.87616399
 0.88138745
 0.88299017
 0.88360379
 0.88598962
 0.89171024
 0.88608603
 0.88236397
 0.89259352
  0.8926288
 0.89703976
 0.90339436
 0.90947623
 0.91056878
 0.91290864
 0.91729933
 0.91667458
 0.91757943
 0.91842735
 0.91528686
 0.91904015
 0.91538362
  0.9140202
  0.9096743
 0.90969133
 0.90566699
 0.90376817
 0.90723059
 0.90669093
 0.90329947
 0.90804155
 0.90918109
 0.91008453
 0.91466043
 0.90771205
 0.90948611
 0.91202451
 0.91781609
 0.91705983
 0.92232411
 0.91964227
 0.92231279
  0.9205756
 0.92472811
 0.92151952
 0.92427775
 0.92339546
  0.9265245
  0.9243804
 0.92573296
 0.92279213
 0.92350723
 0.91954824
 0.91702842
 0.91312387
  0.9095106
 0.91077323
 0.91391787
 0.91517149
 0.91521832
 0.91352927
 0.90577769
 0.91216139
 0.90657083
 0.90595601
 0.90358751
 0.90767053
 0.90503915
 0.91363731
 0.90753989
 0.89973863
 0.90450301
 0.90591491
  0.9068248
 0.90523147
 0.90105551
   0.900554
 0.89640679
 0.89676662
 0.89023043
 0.89290335
 0.89068975
 0.88419747
 0.89161437
 0.89117056
 0.89693531
 0.89292993
 0.89696898
 0.89430311
 0.90002325
  0.9008011
 0.90174361
 0.90537975
  0.9046576
 0.89347759
 0.88622322
 0.88741265
 0.89046937
 0.89052047
 0.88342957
 0.88618356
 0.88318925
 0.87611485
 0.87526644
 0.88475654
 0.87914464
 0.88307175
 0.88621541
 0.88995142
 0.88894853
 0.88775662
 0.89019005
 0.89572501
 0.89505081
 0.88760587
 0.89245748
 0.88926009
 0.89796685
 0.90055397
 0.89785826
 0.89688183
 0.89470857
 0.89502043
 0.89766807
 0.89366411
 0.89522976
 0.90060653
 0.89823884
 0.89242619
 0.88917113
 0.88687287
 0.88192881
 0.88573869
 0.88807593
 0.88841219
 0.89257758
 0.88774547
 0.88719999
 0.88474148
 0.88731918
 0.88051205
 0.87299173
 0.87753624
 0.87306752
 0.86621467
 0.86635895
 0.86542637
 0.85511006
 0.84292596
 0.85473468
 0.86310416
 0.84948928
 0.85940971
 0.85450988
 0.85391831
 0.85479292
 0.87125471
 0.87109715
  0.8667996
 0.86537145
 0.87201584
  0.8724652
 0.86979335
 0.86307048
 0.87174315
 0.86813744
 0.87488156
 0.86244294
 0.85124852
 0.85548562
 0.85909018
  0.8649753
  0.8656974
 0.86218522
 0.85284781
 0.85943927
 0.85850875
 0.86369468
 0.86711861
 0.87660569
 0.87373323
 0.87180258
 0.86558316
 0.86312565
 0.86070517
 0.85901012
 0.85221299
 0.85519758
 0.84822556
 0.85134871
 0.85508909
  0.8538979
 0.84008251
 0.85187086
 0.84893066
 0.85616943
  0.8654281
 0.85462925
 0.86375848
 0.84922724
 0.85188259
 0.84643479
 0.84721684
 0.84522454
 0.84888987
 0.85354308
  0.8524329
 0.85001008
 0.84943568
 0.86248064
 0.86671933
 0.86655697
 0.86269975
 0.86071147
  0.8666746
 0.87518867
 0.87566058
 0.88346175
 0.88038308
  0.8816519
 0.88541102
 0.88623986
 0.88760307
 0.88841296
 0.89099408
 0.88847808
 0.89262583
 0.89676259
 0.89332874
 0.89453226
 0.89184594
 0.89435696
 0.89489164
 0.89636972
 0.90408959
 0.90160836
 0.90703071
 0.90408014
 0.90679598
 0.90619758
 0.90859821
 0.90703149
 0.90125445
 0.89713912
 0.89935063
 0.89886143
 0.90029666
 0.89944733
 0.90936482
  0.9107941
 0.91121678
  0.9144485
   0.915075
 0.91146779
 0.90902763
 0.90516977
 0.90859572
 0.90219567
 0.90129698
  0.8971496
 0.90320164
 0.91158199
 0.92248074
 0.92174505
 0.91500101
 0.91888254
 0.91941332
 0.91993963
 0.91400219
  0.9150398
 0.91802781
 0.91775563
 0.91766373
  0.9108351
 0.91494761
 0.91442076
 0.91432449
 0.91448274
 0.91510421
 0.90541346
 0.91453521
 0.90477128
 0.91086852
 0.91391165
  0.9149094
 0.91474501
 0.91210924
 0.90054512
 0.90339627
 0.91458977
 0.91249482
  0.9221898
 0.91621815
 0.91192472
 0.91412698
 0.92228172
 0.92701146
 0.93791853
 0.93502138
 0.93235946
 0.92333922
 0.91798087
 0.91620047
 0.92089599
 0.92550951
 0.92579913
 0.92505026
 0.92566249
 0.92244928
 0.92358946
  0.9322733
  0.9284746
 0.92974021
 0.94080178
 0.93858869
 0.94229608
 0.94304425
 0.93839662
 0.93719803
 0.93846195
 0.94075012
  0.9432929
 0.93837848
 0.94124692
 0.94514118
 0.94576638
 0.94869059
  0.9468621
 0.94355954
 0.94042512
 0.93877986
 0.94088396
 0.94272445
 0.93833718
 0.93185314
 0.93701714
 0.93361633
 0.93548377
 0.92838695
 0.93218577
 0.93571121
 0.93683097
 0.93911386
 0.93619234
 0.93450798
 0.93586361
 0.93288439
 0.93572294
 0.92496339
  0.9200801
 0.92726219
 0.92210761
 0.92441312
 0.92924643
 0.92790842
 0.93273266
 0.93473667
 0.93061949
 0.93371421
 0.93675485
  0.9298977
 0.93880456
 0.93225956
 0.93651132
 0.93555155
 0.92706476
 0.92231041
  0.9175989
  0.9216766
 0.91898354
 0.92233146
 0.92382353
 0.92259101
 0.91641928
 0.92352064
 0.92508995
 0.92436351
 0.91667586
 0.92044846
 0.90483416
 0.89454924
 0.89951594
 0.89930794
 0.89308323
 0.90828246
 0.90891508
 0.90819141
 0.90482946
 0.90983261
 0.90620702
 0.90606003
 0.91337565
 0.90336707
 0.89970702
 0.89824023
 0.90438856
 0.90081318
 0.89306693
 0.89891712
  0.9030931
 0.89082865
 0.89534657
 0.90848061
  0.8993436
 0.90413465
 0.89666999
 0.89693497
 0.89540664
 0.89354118
 0.89501111
 0.90160009
 0.90416734
 0.90357159
 0.89742906
  0.9015902
 0.89450985
 0.89581326
 0.90068895
 0.90241382
 0.90006468
  0.8917759
 0.88802052
 0.89401184
 0.88820848
 0.87551781
 0.88392485
 0.87827683
 0.87683939
 0.87907709
 0.88436186
 0.88016298
 0.87228258
 0.87015014
 0.86842386
 0.87170857
 0.86513218
  0.8678192
 0.86721441
 0.86549599
 0.87177897
 0.87289276
 0.87416388
 0.87490317
 0.86875261
 0.86836541
 0.87110217
 0.87476132
 0.86938258
 0.87154505
  0.8824837
 0.88058507
 0.88503949
 0.88344767
 0.88088746
 0.87779162
 0.87406433
 0.86092611
 0.85709157
  0.8588053
 0.86598977
 0.86236025
  0.8708572
 0.85988147
 0.85703425
  0.8528193
 0.84894285
  0.8585461
 0.85890183
 0.85962357
 0.86532812
 0.86983503
 0.87480559
 0.87916391
 0.87168661
 0.87199915
 0.87277503
 0.87244545
 0.86477488
 0.86055641
  0.8582836
 0.85598391
 0.86025428
 0.85750272
 0.86132291
 0.86200515
 0.86510691
 0.87330077
 0.86788688
 0.86143981
 0.87135684
 0.87565934
 0.87294332
 0.87245022
 0.86984413
  0.8705171
 0.87296366
 0.87110399
 0.87028419
 0.87362238
 0.87025973
 0.87632864
 0.87874441
 0.88008089
 0.87672216
 0.87590483
 0.87599288
 0.87908436
 0.87806723
 0.87340331
 0.87449956
 0.87282629
 0.87634203
 0.87331914
 0.87140052
 0.87122188
 0.87551233
 0.87420521
 0.87656032
 0.88109734
 0.87039807
 0.87226211
 0.87477534
 0.87193467
 0.87132806
 0.87169097
  0.8720897
 0.86488535
  0.8660949
 0.86629402
 0.86117192
 0.86036798
 0.85859035
 0.85565972
 0.84424788
 0.84241318
 0.83855634
 0.83554708
 0.83465722
 0.83874921
 0.84180975
 0.85566584
 0.85449374
 0.85582867
  0.8577123
 0.86507742
 0.87090989
 0.87413956
 0.87842463
 0.87820082
 0.88159704
 0.88063613
 0.87846154
 0.88624785
 0.87842888
 0.87809218
 0.87735747
 0.87004744
 0.87412181
 0.88136133
 0.88350776
 0.87971769
 0.87668414
 0.88130508
 0.87667119
 0.87838778
 0.87772448
 0.88423231
 0.87574644
 0.86849857
 0.87014505
 0.87162832
 0.86933936
 0.87019959
 0.87393283
 0.86887802
 0.86946984
 0.86542522
 0.86528721
 0.86781948
  0.8729833
 0.86636523
 0.86695259
 0.86235535
 0.87156823
 0.86784966
  0.8661177
 0.86702933
 0.87677518
 0.86853349
 0.86711869
 0.87006679
 0.86910527
 0.86929393
 0.86709639
 0.86639959
 0.86641137
  0.8645198
 0.86668669
 0.86657246
  0.8699982
 0.87556185
 0.87604653
 0.86828775
 0.86451812
 0.86332368
 0.85916157
 0.85946638
 0.85994856
 0.85016786
 0.85069459
 0.86221731
 0.86631344
 0.87268317
 0.87494731
 0.87057432
 0.86984691
 0.87080616
 0.86479966
 0.87135559
 0.87188063
 0.87597074
 0.87637833
   0.869397
 0.86944655
 0.88035391
 0.88179468
 0.87485488
 0.87613441
 0.86818406
 0.86775616
 0.86250249
 0.86689905
 0.86641804
 0.86928986
 0.86936878
 0.86248014
 0.85441886
  0.8546455
 0.85563848
 0.85400227
 0.85172145
 0.85186076
  0.8587116
 0.85609035
 0.85371567
 0.85457033
 0.84889387
 0.85022975
 0.85262059
 0.85321362
 0.85518576
 0.85865051
 0.85452598
 0.85554187
 0.86095691
 0.86421883
 0.87003576
 0.86292242
 0.86313399
 0.86615069
 0.86627067
 0.86838552
 0.86896324
 0.86689026
 0.86794955
 0.86946239
 0.86619851
 0.86978752
 0.86638846
 0.87034737
 0.87391317
 0.87596719
 0.87287842
 0.86810102
 0.86917221
 0.87058649
 0.87000424
 0.87141501
 0.87501102
 0.88179093
 0.88000996
  0.8836741
 0.88293357
 0.88258115
 0.87719467
 0.87331168
 0.87296932
 0.86710114
 0.87040099
 0.87050474
 0.87237942
 0.86543685
 0.86699684
 0.86918034
 0.87324792
 0.88145987
 0.87553786
 0.87947584
 0.88540964
 0.88659749
 0.88371954
  0.8810814
 0.88357598
 0.88589147
 0.88285113
 0.88331253
 0.88386057
 0.88504381
  0.8884997
 0.88896358
 0.89228646
 0.89090087
 0.89003604
 0.88783183
 0.88390755
  0.8850058
 0.89288879
 0.89608863
 0.89558617
 0.89027649
 0.89081001
 0.89307646
 0.89740217
 0.88518763
 0.88712797
 0.88677054
 0.88636508
 0.88097839
 0.87329389
 0.87246379
 0.87084404
 0.87185737
 0.86813388
 0.87488554
 0.87775134
 0.88599402
  0.8846099
  0.8847509
 0.87895899
 0.87745919
 0.88357429
 0.88313105
 0.88922047
 0.88222476
 0.88529535
 0.88069651
 0.87797636
 0.87468731
  0.8773638
 0.88287835
 0.88388386
 0.88163653
 0.88729499
  0.8867773
 0.88664049
 0.88608688
  0.8877592
 0.88411371
 0.88718018
  0.8806192
 0.87981042
 0.88651053
   0.879345
 0.88048033
 0.88032779
 0.88334646
 0.88555427
   0.885293
 0.89263761
 0.89365804
 0.88750555
 0.88911637
 0.88718337
 0.89145737
 0.88774349
 0.89072456
 0.89210505
 0.89508189
 0.89494211
 0.88945638
 0.89015811
 0.89334174
 0.89933414
 0.89722235
 0.89667514
 0.89502046
 0.89671931
 0.89615621
 0.89940313
 0.89875849
 0.89645751
 0.89882474
 0.90275708
 0.90494049
 0.91057283
 0.90419433
 0.90056395
 0.89435359
 0.89834699
 0.89939866
 0.90813041
 0.90492298
 0.90813019
 0.91122531
 0.90663225
 0.89995053
 0.89615465
 0.90002348
 0.89319507
 0.89112446
 0.88738732
 0.88470709
 0.89108579
 0.89157634
 0.89394667
  0.8971592
 0.89495691
 0.90073898
 0.89904758
 0.89816173
 0.88940608
 0.89741812
 0.90051193
 0.89812801
 0.90071351
 0.90218504
 0.89861128
 0.89818122
 0.89113778
 0.88862576
 0.88384996
 0.88403885
 0.88644161
 0.88794636
 0.88416847
 0.88612248
 0.88901384
 0.88882735
 0.89288707
 0.88808022
 0.89377194
 0.89036412
 0.88562156
 0.88795325
 0.88657872
  0.8858159
 0.89658476
 0.88356303
 0.88628332
 0.89152545
 0.88639545
 0.88733624
 0.90130884
 0.89496605
 0.89461605
 0.89609734
 0.89385882
 0.89184685
 0.87941469
 0.88687365
 0.88677767
 0.89246522
  0.8932208
 0.89530558
 0.88417918
  0.8768811
 0.87685957
 0.87362415
  0.8660522
  0.8680829
 0.87427705
 0.86893756
 0.86653878
 0.86178345
 0.85935318
 0.86151156
  0.8658115
 0.86517621
 0.86658023
 0.87217137
 0.87817086
 0.87980045
 0.88047636
 0.88736388
 0.88525522
  0.8862142
 0.88391094
 0.88492524
 0.88391677
 0.88406427
 0.88786261
 0.88653264
 0.89111097
 0.88838818
 0.88884387
 0.89518726
 0.89948498
 0.90012888
  0.8937411
 0.89415665
 0.89449833
 0.89563571
 0.88871677
 0.89271975
 0.88779684
 0.89576577
 0.89101255
 0.89510946
  0.8930473
  0.9037675
 0.89439072
  0.9007815
 0.90022716
  0.8996564
 0.90157996
 0.90015473
 0.89869117
 0.90282162
 0.90262465
 0.90502028
  0.9064134
 0.89828906
 0.89811294
 0.88509866
 0.88793201
 0.88402074
 0.88052602
 0.88081315
 0.87998058
 0.87911458
 0.87983911
 0.88498092
 0.89015549
 0.89498327
 0.89564122
 0.89794054
 0.90167358
 0.89970644
  0.8922169
 0.90086913
 0.90237842
 0.90213929
 0.90559256
 0.90754675
 0.91245676
 0.91104641
 0.92304169
 0.91697272
 0.92010589
 0.92421011
  0.9268723
  0.9215377
 0.92663924
 0.92468163
 0.91913377
 0.92475663
 0.92125434
 0.91636032
 0.91526749
 0.92081915
 0.92292307
  0.9229583
 0.91648902
 0.92260741
 0.92196294
 0.92211303
 0.92237632
 0.91919191
 0.91835858
 0.92013845
 0.92572108
 0.93064708
 0.92924742
 0.93397376
 0.93962065
 0.93752196
 0.93534104
 0.94034228
 0.93539438
 0.93263394
 0.92567776
 0.92413029
 0.92182072
   0.925016
 0.92162211
 0.92780341
 0.92990212
 0.93323607
 0.92772904
 0.93135691
 0.93145986
 0.93712398
 0.93689032
 0.94514658
 0.93847525
 0.93844509
  0.9354064
 0.93362645
 0.93595565
 0.93202432
 0.92962049
  0.9349386
 0.93681665
  0.9411022
 0.94234075
 0.93955681
 0.93979947
 0.94218794
 0.93661182
 0.93555387
 0.93738537
 0.93709027
 0.93502689
 0.93266008
 0.93550199
 0.93431051
 0.93599507
 0.92923544
 0.92791925
  0.9308553
 0.92915422
 0.92548858
 0.92452325
 0.92408437
 0.92497593
  0.9242725
 0.92157577
    0.91881
 0.91567866
 0.91963913
 0.91960365
 0.92211176
 0.92767119
 0.93186442
 0.93045573
   0.930609
 0.93456827
  0.9320825
 0.92715513
 0.92606319
 0.93257925
 0.92476845
 0.93493245
 0.93160443
 0.93111389
 0.93136906
 0.93431564
   0.930232
 0.92756882
  0.9356634
 0.93739079
 0.93377863
 0.93021767
 0.93718313
 0.93766452
 0.93576909
 0.94031335
 0.93914205
 0.93179066
 0.93236139
 0.92869252
 0.93022842
 0.93141686
 0.94006645
 0.93228362
 0.93550346
 0.93408007
  0.9365684
 0.93227532
 0.93014521
 0.92595498
 0.92984257

