0.017940492
0.015028064
0.014849086
 0.01506172
0.015132737
0.015021152
 0.01515693
0.015220992
0.015213438
0.015262883
0.015307837
0.015186922
0.015152808
0.015226328
0.015418421
  0.0152086
0.015268501
 0.01532816
0.015212259
0.015214891
  0.0150829
 0.01503042
 0.01492118
0.015193385
0.015246383
0.015320231
0.015250492
 0.01533819
0.015302658
0.015652247
0.015759778
0.015707593
0.015544982
0.015649671
0.015909003
 0.01629671
0.016535964
0.017276943
0.018346569
0.019042309
0.020257194
0.023384334
0.025090245
 0.02751148
0.029367375
0.030964549
0.031898294
0.033328314
0.033985935
0.034010038
0.034634111
0.035980705
0.037032805
0.037887921
0.038222502
0.036862943
 0.03886039
0.040891429
0.041514713
0.041605583
 0.04254487
0.043176183
0.044046914
0.043874943
0.043728627
0.044638105
0.044518545
 0.04503212
0.046290447
0.048285863
0.049009196
0.049330978
0.049968019
0.050141728
0.051536566
0.053507191
 0.05456695
0.057597383
0.061734453
0.063422219
0.066205127
0.067355901
0.069275109
0.073518024
0.076581982
0.078817275
0.081247772
0.081998434
0.083696322
 0.08559605
 0.08553791
0.083135708
0.084534368
0.085743526
0.085589006
0.088581971
0.090119245
0.089855798
0.091723907
0.093080137
0.092552697
0.094471727
0.094429121
0.093917477
 0.09493769
0.096922175
0.097823331
  0.1005391
0.099572604
 0.10266386
 0.10538266
 0.10449472
 0.10600628
 0.10561491
 0.10476186
 0.10570817
 0.10691641
 0.10779481
 0.10846044
 0.10926099
 0.11171761
 0.10891301
 0.10779562
 0.10911009
 0.10953202
 0.11239866
 0.11149455
 0.11458978
  0.1189876
 0.12060696
 0.12158578
 0.12777477
 0.12483761
 0.12938702
 0.13288771
 0.13361801
 0.13355624
 0.13269267
 0.13789063
 0.14038753
 0.14139371
 0.14353867
 0.14438934
 0.14804674
 0.15183682
 0.15121634
 0.15095595
  0.1509158
 0.15371401
 0.15699612
 0.15921479
 0.15733802
 0.16254536
 0.16688241
  0.1665227
 0.16428874
  0.1653835
 0.16415836
 0.16826778
 0.16890488
 0.17401084
 0.17246582
 0.17377342
 0.17270801
 0.17100653
 0.17121737
 0.17352188
 0.17480944
 0.17654982
 0.17939769
 0.17685823
 0.17872931
 0.17777427
 0.17775298
 0.18297081
 0.18325123
  0.1856837
 0.18509397
 0.18466435
 0.18773032
 0.18717957
 0.18716673
 0.18762282
 0.18890317
 0.19455363
 0.19270645
 0.19513781
 0.19644649
 0.20166598
 0.20007862
 0.20048121
 0.20025873
 0.19992078
 0.20217095
 0.20059891
 0.20448708
 0.20820697
 0.21132069
 0.21197951
 0.21196119
 0.21316392
 0.20908622
 0.21151037
 0.21287484
 0.21117704
 0.21539999
 0.22029499
 0.22563258
 0.22290321
 0.22433079
 0.22398192
 0.22089187
 0.22394336
 0.22275733
 0.22430557
 0.22585403
 0.22487072
  0.2215784
 0.22427816
  0.2233382
 0.22145247
 0.22366076
 0.22628879
 0.22904735
 0.22951185
 0.22895492
  0.2283638
 0.22901991
 0.22731421
 0.23008132
 0.23425603
 0.23588696
 0.23884488
 0.23779154
 0.23856305
 0.23873858
 0.24006996
 0.24115418
 0.24094598
 0.24020105
 0.23945276
 0.24036677
 0.23792412
 0.23605744
 0.23692992
  0.2363468
 0.23751037
 0.23851173
 0.23664989
 0.23681934
 0.23986814
 0.23974981
  0.2399329
 0.24137962
 0.24045952
 0.23851423
 0.23842581
 0.23967105
 0.23852161
 0.24014723
 0.24070452
 0.24178415
 0.24316002
 0.24238959
 0.24164702
 0.24200299
 0.24488192
 0.24259204
 0.24192218
 0.24049472
 0.24008499
 0.24080967
 0.23914409
 0.24339112
 0.24452425
  0.2432325
 0.24434861
 0.24395052
  0.2443569
 0.24612011
 0.24693524
 0.24518465
 0.24693964
 0.24722272
 0.24827664
 0.24721317
 0.24612463
 0.24638594
  0.2458463
 0.24670591
 0.24580942
 0.24579333
 0.24632515
 0.24610086
 0.24388422
 0.24561133
 0.24566344
 0.24502486
 0.24374367
 0.24376218
 0.24492655
 0.24446569
 0.24367568
 0.24531431
 0.24327052
 0.24516831
 0.24165011
 0.24252747
 0.23986298
 0.24674657
 0.24789381
 0.25052892
 0.24802253
 0.24811318
   0.249351
 0.25336119
 0.25525628
 0.25368884
 0.25198666
 0.25169993
 0.25422318
 0.25417133
 0.25503117
 0.25481961
 0.25675551
 0.25654611
 0.25656497
 0.25840366
 0.25947829
 0.26065022
 0.25752836
 0.25884252
 0.25458089
 0.25564367
  0.2526551
 0.25587391
 0.25719688
 0.25908954
 0.25809762
  0.2551982
 0.25560626
 0.25404803
 0.25418598
 0.25441898
 0.25351476
 0.25429812
 0.25134037
 0.25064286
 0.25003482
 0.25098531
 0.24781184
 0.24724471
 0.24948054
 0.25156973
 0.24857643
 0.25253063
 0.24753257
 0.25030015
 0.24614227
 0.24667694
 0.24652251
 0.24857059
 0.24432686
 0.24554854
 0.24247724
 0.24361884
 0.23873345
 0.24245263
 0.24371726
 0.24745299
 0.24911609
 0.24955405
 0.24710763
 0.25121604
 0.25088239
 0.25276461
 0.25216061
 0.25376435
 0.25159434
 0.25092742
 0.26067961
 0.25860374
 0.26113011
 0.26400393
 0.26413058
 0.26361199
 0.27022957
 0.27212413
 0.27297744
 0.27358005
 0.26642413
  0.2703481
 0.27350842
 0.27521219
 0.27525808
 0.28142357
 0.27979444
 0.28184731
 0.28152837
 0.28577495
 0.29020762
 0.29302705
 0.29280942
 0.29434759
 0.29434418
 0.29645486
 0.29327478
 0.29578972
 0.29632265
 0.29705929
 0.29702931
 0.29951666
 0.30108754
 0.30232116
 0.30293908
  0.3019867
 0.30726848
 0.30965847
 0.30645787
 0.30923797
 0.31052051
   0.316266
 0.31854897
 0.31899598
 0.32271598
 0.32037409
 0.32379978
  0.3203653
 0.32839531
 0.32998532
 0.33210062
 0.32801485
 0.32566851
  0.3287636
  0.3218385
 0.32810379
 0.32077961
 0.32652873
 0.32853321
 0.33124759
 0.33729468
 0.33990453
 0.34806406
 0.35468635
  0.3553241
 0.35884269
 0.36485238
 0.36573105
 0.36952117
 0.36465405
 0.36874987
  0.3749099
 0.37873315
 0.38036996
 0.38913166
 0.38000447
  0.3800682
  0.3766448
 0.37331458
 0.37679756
 0.38434178
 0.39823395
 0.39608627
 0.39698536
  0.3995106
 0.40417407
 0.41273254
 0.41481967
  0.4079619
 0.40752811
 0.40353931
 0.41204566
 0.41266179
 0.41432935
 0.41524675
 0.41552584
 0.41500322
 0.41947777
 0.41189427
 0.41659117
 0.40984337
 0.40705846
  0.4051183
 0.40823955
 0.41550426
 0.42566911
 0.42036661
 0.41942531
 0.42191377
 0.42573488
 0.43039114
 0.43063086
 0.42943093
 0.43721218
 0.43345183
 0.42955724
 0.43280926
 0.43549976
 0.43922751
 0.44046946
  0.4393599
 0.44862502
 0.45573274
 0.45765225
  0.4540637
 0.45437048
 0.45739516
 0.46238502
 0.45578679
 0.46266726
 0.46294003
 0.46580376
 0.46646909
 0.46192748
 0.46632398
 0.46441996
 0.46613013
 0.46383917
 0.46242289
 0.46881824
 0.46037778
 0.45992433
 0.46462841
 0.46564833
 0.46706663
 0.47152033
 0.47048136
    0.47304
 0.47611134
 0.47467667
 0.47683478
 0.47026758
 0.47597932
 0.47348121
 0.47664669
 0.47539408
 0.47728614
 0.47219008
 0.48572688
 0.47963039
 0.48167815
 0.48074602
 0.48025556
 0.48385872
  0.4781758
 0.47826993
 0.48133749
 0.48239588
 0.48202215
 0.47853806
  0.4788016
 0.47116828
 0.47867413
 0.47596267
 0.47763527
  0.4727471
 0.47320744
 0.47916868
 0.48204409
 0.47878385
 0.47891695
 0.47785318
 0.47642271
 0.47866068
 0.48164115
 0.48412569
 0.48765192
  0.4858949
 0.48532101
 0.49108992
 0.48345746
 0.48846448
  0.4911706
 0.49043299
 0.49738848
 0.49641349
 0.49765589
 0.49829751
  0.5031657
 0.50417173
 0.50330975
 0.50485313
 0.50559835
 0.50381161
 0.50379377
 0.50007146
 0.50272264
 0.50693928
 0.51112566
 0.50481764
 0.51071595
 0.51102086
 0.51538608
  0.5131439
 0.51594047
  0.5094398
 0.51290408
 0.50999891
 0.50947749
 0.51205365
 0.51408589
 0.51127952
 0.51317116
 0.50949715
 0.51461337
 0.51776682
 0.51706691
 0.52085172
 0.51575015
 0.52055271
 0.52284687
 0.52172374
 0.53014364
 0.52143709
 0.53697554
 0.53011493
 0.52964721
 0.53178709
 0.53479301
 0.53294312
 0.53282666
 0.52841259
 0.52913799
 0.52697633
 0.52835933
 0.52919175
 0.52549902
 0.52723523
 0.52385481
 0.52643523
   0.532125
 0.52957329
 0.52694839
 0.52646458
 0.52546618
 0.53041305
 0.52124878
 0.52396962
 0.52123359
 0.51646191
 0.52834442
 0.52097248
 0.52796342
  0.5283614
 0.52998071
 0.52984948
 0.52775424
 0.52592394
 0.53014526
 0.52179762
 0.52180212
 0.52219872
 0.52349675
 0.52275807
 0.53049252
 0.53068793
 0.52792627
 0.52868184
 0.52687121
   0.529983
 0.53490109
 0.53160646
 0.53202172
 0.53724032
 0.54703378
 0.54994987
   0.550226
 0.54405036
 0.54566638
 0.54643983
 0.55363859
 0.55254985
 0.55574143
 0.56521853
 0.56186477
 0.56066627
  0.5628839
 0.56313971
  0.5671339
 0.56546295
 0.57064457
 0.57280744
 0.57316326
 0.57314647
 0.57020503
 0.56752225
 0.57458492
 0.58009227
  0.5799522
 0.59113902
 0.58791711
 0.57960975
 0.58506299
 0.58522892
 0.57933025
  0.5862234
 0.58480549
 0.59886207
 0.59660928
 0.60168767
 0.60717228
 0.60589905
 0.60854198
 0.61162991
 0.61658856
 0.61579155
 0.62188477
 0.62152891
   0.629838
 0.62779448
 0.62645378
 0.61839873
 0.61522793
 0.60982139
 0.61191986
 0.61497499
 0.61318567
 0.61410044
 0.60528318
 0.60337656
 0.60180241
 0.59871184
 0.59356032
 0.59572952
 0.59233179
 0.59517292
 0.59714207
 0.59676273
 0.59432222
 0.59362932
 0.59681365
 0.60222787
 0.60860636
 0.60044569
 0.59831285
 0.59417923
 0.59396177
 0.58597222
 0.58343259
 0.59104813
 0.59439405
 0.59534023
 0.59699953
 0.59590217
 0.59676869
 0.59782294
 0.60336092
 0.60113849
 0.61042298
 0.61597794
 0.61815454
 0.62905465
 0.62949714
 0.62943517
 0.62735155
 0.62523496
 0.63064225
 0.62901788
 0.63080129
 0.63315474
 0.62832788
 0.62533596
 0.62466465
 0.62670252
 0.62589076
 0.62019451
 0.62791664
 0.62902341
 0.62198653
 0.62990845
  0.6240028
 0.62619455
 0.62658893
 0.63460029
  0.6327773
 0.63744609
 0.63994335
 0.64257351
 0.64527579
 0.64631103
 0.64521039
 0.64401191
 0.64406811
 0.64079036
 0.63950278
 0.64283808
 0.64447634
 0.64833092
 0.64979384
 0.63999716
  0.6346808
 0.63102571
 0.63662771
 0.63183826
 0.63620659
 0.63581097
 0.64462316
 0.64400311
 0.64790595
 0.64447774
 0.63678908
 0.64029221
 0.63492128
 0.64138678
 0.63291749
 0.63594251
 0.63597881
 0.63863035
 0.63565501
 0.63957732
 0.64627522
   0.645817
 0.64609767
 0.64521071
 0.64401373
 0.64724114
 0.64299065
 0.64256124
 0.64329933
 0.64695601
 0.64373256
 0.65253441
 0.64733568
 0.65025302
 0.64774782
 0.64797782
 0.65736191
  0.6482962
 0.65659778
 0.65822626
 0.65648949
 0.65790228
 0.65637584
 0.65763594
  0.6535174
 0.65640516
 0.66115435
 0.66381057
 0.66752951
  0.6669369
 0.66832479
 0.67288099
 0.67299207
 0.66836744
 0.66804949
 0.66644871
 0.66484007
   0.660502
 0.66321801
 0.66982021
 0.67136911
 0.67274504
 0.67474829
 0.67001452
 0.67302647
 0.67559138
 0.67114015
  0.6731886
 0.67563007
 0.67993907
 0.67770864
 0.68118838
 0.68278603
 0.68270581
 0.68268039
 0.68211825
 0.67905516
 0.67638672
 0.67642177
 0.67899548
 0.67967519
  0.6774816
 0.67730795
 0.67746472
 0.67870858
 0.68360095
 0.68413272
 0.68570528
 0.67971292
  0.6771157
 0.68095232
 0.67693644
 0.67438778
 0.67472769
 0.67650342
 0.67253729
 0.67492558
 0.67667218
  0.6793056
 0.67872221
 0.68338621
 0.68418905
 0.68654442
 0.68737462
 0.68848419
 0.68480841
 0.68851683
  0.6901358
 0.69041224
 0.69460138
 0.69549468
 0.69285603
 0.69320238
 0.69390054
 0.69347129
 0.69067294
 0.69443886
 0.69497746
 0.69308472
 0.69086861
 0.68821539
 0.68965859
 0.68738066
 0.68983336
 0.68733134
 0.68835303
  0.6883322
  0.6835742
 0.68181116
 0.69066779
 0.69204653
 0.69590992
 0.69805691
 0.69573671
  0.6973674
 0.69627749
 0.69847721
 0.69983725
 0.69921123
 0.70037172
 0.70097523
 0.69698409
 0.69545735
 0.68963205
 0.69202586
 0.68944843
 0.69012626
 0.69211883
  0.6910167
 0.69252268
 0.69668271
 0.69119073
 0.69519615
 0.69530537
 0.69583943
 0.69280364
  0.6914253
  0.6951494
 0.69289511
 0.69305337
   0.693217
 0.69734814
 0.68951588
 0.68980654
 0.69059982
 0.68820116
 0.69332407
 0.68871913
 0.69046089
 0.70036022
 0.70023075
 0.70107568
 0.70420458
 0.70150417
 0.70827589
 0.70380563
  0.7086751
  0.7061697
 0.70223054
 0.70333277
  0.6994244
 0.70546111
 0.70564924
 0.70679789
 0.70353307
 0.69919283
 0.70141949
 0.70190125
 0.70420548
 0.70438346
 0.70933529
  0.7042088
 0.70695756
 0.70806814
 0.70592253
 0.70637991
 0.70633832
 0.70346914
 0.70067526
 0.69267868
 0.68832733
 0.69752596
 0.69213923
 0.69977671
 0.69647096
 0.70137396
 0.70081203
 0.70363732
 0.69946867
 0.70244198
 0.70060557
 0.70199767
 0.70484009
 0.70030346
 0.70275051
 0.70567533
 0.70413282
 0.70243634
 0.69800919
 0.70179729
 0.70522914
 0.70428576
 0.70428596
 0.70294545
  0.6918447
 0.69686208
  0.6920565
 0.69070672
 0.69366849
 0.69757145
 0.70805444
 0.70087774
 0.70695663
 0.70820377
 0.70694217
 0.70883422
 0.70589622
 0.70902756
  0.7114332
 0.70941187
 0.71233376
 0.70815274
 0.70708413
 0.70608584
  0.7046753
 0.70684192
 0.70558095
 0.70274673
 0.70291518
 0.70620379
 0.70560248
 0.70437791
 0.70645867
 0.70447419
 0.69567776
 0.69792096
 0.69815175
 0.70243669
 0.70164257
 0.70867423
 0.70513292
 0.70684214
 0.70871956
 0.70603983
 0.70218135
 0.70294368
  0.7002128
 0.70574978
 0.70487609
 0.70693862
 0.70681507
 0.71110117
 0.70651174
  0.7090791
 0.71437325
 0.71977533
  0.7200202
 0.72506437
 0.72200923
 0.72271207
 0.72205111
 0.72441029
 0.72157502
 0.72073823
 0.72109698
 0.71423592
 0.71496258
 0.71476176
 0.71279911
 0.71329476
 0.71124198
 0.71230944
  0.7141197
 0.71219223
 0.71308902
 0.71413422
 0.71864843
 0.71448758
 0.71180608
 0.71736074
 0.72056889
  0.7242251
 0.72265481
 0.72387255
 0.72339121
 0.72455408
 0.72554831
 0.72959676
 0.73478019
 0.73247492
 0.73345952
 0.73333964
 0.73311695
 0.73246865
  0.7327827
 0.73167682
 0.73453482
 0.72728549
 0.73347181
 0.73311355
 0.73676416
 0.74350672
 0.73535298
  0.7381035
 0.74536987
 0.74664588
 0.74937538
 0.74072785
 0.74289525
 0.74857224
 0.74694261
 0.74705255
 0.74972413
 0.75137698
 0.75250312
 0.75047214
 0.75556782
 0.74418352
 0.74771679
  0.7377248
 0.73491119
 0.73523638
 0.73849218
 0.73802873
 0.73279323
 0.74173421
 0.73907239
 0.74222327
 0.74456017
 0.74445728
 0.74482978
 0.74062214
 0.74747509
 0.74814649
 0.74459167
 0.74881086
 0.74568456
 0.74512704
 0.75108153
 0.75022518
 0.74937338
   0.755703
 0.75585358
 0.75676488
 0.75091144
  0.7490167
 0.74862573
 0.74843962
 0.75166919
 0.74537137
 0.75980535
  0.7606857
 0.76185024
 0.76056363
 0.75759427
 0.75925979
 0.76641518
 0.76132591
 0.76268876
 0.75766695
 0.75898168
 0.76005798
 0.75592821
 0.75414343
 0.75565688
 0.75921015
 0.75660738
 0.75562822
 0.74865228
 0.75142278
 0.75101768
 0.75217797
 0.75208308
 0.74225486
 0.73818819
 0.73190028
 0.74926044
 0.73972483
 0.74082555
 0.74531586
  0.7363658
 0.73920422
 0.73486049
 0.74436781
 0.74139821
 0.74470533
 0.75200475
 0.73878231
 0.74650092
 0.73907313
 0.74703338
 0.74904989
 0.74740965
 0.74595949
 0.74739452
 0.74606348
 0.74464785
 0.74156232
 0.74421105
 0.74840383
 0.74970521
 0.74555372
 0.74848261
 0.74138802
 0.75115765
 0.74381252
 0.74321323
 0.75316587
 0.75534889
  0.7603671
  0.7542345
 0.75037913
 0.74748221
 0.75351445
 0.74275492
 0.74887445
  0.7474724
 0.75179715
 0.74658482
 0.74628676
 0.74441144
 0.75113504
 0.74158001
 0.74828481
 0.74511142
 0.74428071
 0.73563076
 0.74642943
 0.74113587
 0.72936939
 0.74057283
 0.74210318
 0.74123305
 0.74053171
 0.73840848
 0.73237581
 0.73307029
 0.73642275
 0.74285557
 0.74003999
 0.74634492
 0.75136021
 0.75539244
 0.75568677
 0.75509351
 0.76119664
 0.75915047
 0.76115555
 0.76374696
 0.76058117
 0.76083608
 0.76280788
  0.7607076
 0.76545498
 0.76112867
 0.76157646
 0.75382498
 0.76013438
 0.75474303
 0.75604981
 0.75788907
 0.75752104
 0.75898629
 0.75190858
  0.7488934
 0.74248587
 0.74265068
 0.74598082
 0.74606229
  0.7429706
 0.74231303
  0.7533386
 0.74678025
 0.74969448
 0.75164317
 0.75007962
  0.7510747
 0.75247493
 0.75149722
 0.74683574
 0.74291185
 0.73919889
 0.74495731
 0.74568892
 0.74973284
 0.74617738
 0.74349803
 0.74347567
 0.74944804
 0.75358751
 0.75542133
 0.74968303
 0.75529272
 0.76004349
 0.76000232
 0.76130289
 0.76745484
 0.76639617
 0.76413673
 0.76230617
 0.76439231
 0.76814007
 0.76793972
 0.78003865
 0.77958742
 0.77978639
  0.7816939
  0.7792069
 0.78069159
  0.7725115
 0.77758369
 0.77460781
 0.76955313
 0.77249439
 0.77072796
 0.76674223
 0.76850508
 0.77248174
 0.76991347
 0.76619643
 0.77210899
 0.77671815
 0.77471973
 0.76642905
 0.76587616
 0.76097141
 0.76712625
 0.76909527
 0.76909751
 0.77399786
 0.77012601
  0.7776803
 0.77900027
 0.77627128
 0.78042218
 0.78512131
 0.78150959
 0.78295418
  0.7822738
 0.78350444
  0.7764758
 0.78163209
 0.77651734
 0.77573039
 0.78259628
 0.78005992
 0.77872713
 0.77561092
  0.7826743
 0.77570611
 0.78744507
  0.7782028
 0.77800685
 0.77532609
 0.77803802
 0.77529442
 0.77999013
 0.77486111
 0.78317258
  0.7881767
 0.78948025
 0.78928567
 0.77943166
 0.78706024
 0.78044971
 0.78113839
 0.77660958
 0.78525941
 0.77984925
 0.78669211
 0.79061069
  0.7878499
 0.79000533
 0.79369417
 0.79064028
  0.7948214
  0.7880588
  0.7939623
 0.79509692
 0.79750312
 0.79847542
 0.80323851
 0.79904193
   0.798422
 0.78859545
 0.79099496
 0.79260202
 0.79470288
 0.79528702
 0.79303322
 0.79289625
 0.79118532
 0.78886812
 0.79203753
 0.78815225
 0.78704628
 0.78616681
 0.78330681
 0.78526148
 0.78934307
 0.78228405
 0.78299019
 0.78994188
  0.7835195
  0.7902756
 0.78847461
  0.7917423
 0.78075782
 0.77585544
 0.77598497
 0.77849866
 0.78163849
 0.78536852
 0.77796397
 0.77964374
 0.77214624
 0.77331539
 0.77588063
 0.77290448
  0.7661591
  0.7716716
  0.7682273
 0.77239141
 0.76559759
 0.77039752
 0.77126402
 0.76950651
  0.7760632
 0.78275609
 0.76995644
 0.77524633
 0.77349321
 0.77660166
 0.77581984
 0.77499723
 0.77918515
 0.77420915
  0.7802051
 0.77980755
 0.78442068
 0.78780895
 0.77968814
 0.78662468
 0.78829661
 0.79510737
 0.79292484
 0.78958697
 0.78381681
 0.78133361
 0.78855148
 0.79504842
 0.80280657
 0.80323499
 0.80375527
 0.80419801
 0.80035848
 0.80308076
 0.80105177
  0.8017707
 0.80240713
 0.79787965
 0.79850612
 0.80424182
 0.79799954
 0.79495724
 0.79468535
 0.79836906
 0.79362345
 0.79497155
 0.79328769
 0.79687303
 0.79900274
 0.80156772
 0.79842241
 0.79565202
 0.79476062
  0.7934988
 0.78868749
 0.79052044
 0.79091029
 0.79178169
 0.79424669
 0.79356182
 0.79351256
 0.78757303
 0.79032419
 0.79011307
 0.79061575
  0.7903696
  0.7887296
 0.79444902
 0.79306284
 0.79347188
 0.79289377
 0.79685879
 0.79615423
 0.79289037
 0.78952962
 0.78654322
 0.78803776
 0.78586183
 0.78291388
 0.78543237
 0.78319559
 0.78171447
 0.78173858
 0.78570924
 0.78435229
 0.78341476
 0.78429089
 0.78495712
 0.77746913
 0.77794992
 0.77855414
 0.78017541
   0.781492
 0.77864273
 0.78246088
 0.78073731
 0.78128818
 0.78314728
 0.77724057
 0.77964597
 0.78743121
 0.78580348
 0.78928034
 0.78501431
 0.78155828
 0.77936531
 0.78347406
 0.78855125
 0.79194142
  0.7862083
 0.78535893
 0.78623863
 0.78642883
 0.79000668
 0.79114275
 0.78873313
 0.79170951
 0.79156217
 0.79846326
 0.79749193
 0.80147774
 0.79912761
 0.80608361
 0.81238661
 0.81859114
 0.81745237
 0.82199933
 0.82548746
 0.82024889
 0.82669916
 0.81916552
 0.82301457
  0.8191285
 0.81645888
 0.81536183
 0.82121207
 0.81744458
 0.82261424
 0.81583891
 0.80632214
 0.80736668
 0.81242624
 0.81557874
 0.81049676
 0.81484072
 0.82793705
 0.83060444
 0.82858014
 0.83048363
 0.83336291
 0.83079164
 0.82884055
 0.83233185
 0.84076629
 0.83961501
 0.83845474
 0.83588577
 0.84014579
 0.82996224
 0.83898586
 0.83618464
 0.84151934
 0.84480688
 0.83817911
 0.84817143
 0.85017217
 0.84592098
 0.84099315
  0.8453462
 0.84797948
 0.84458066
 0.84470422
 0.85041435
 0.84569134
 0.84239745
 0.83647398
 0.84004494
 0.83931943
 0.83577192
 0.83698037
 0.83812722
 0.83238716
 0.83583126
 0.84158577
 0.83297205
 0.83615269
  0.8294394
 0.83322262
 0.83689047
 0.83512609
 0.83263833
  0.8268331
 0.82988409
 0.82977281
 0.83003853
 0.82669441
 0.81830887
 0.82610297
 0.82310591
 0.81561511
  0.8154115
 0.82175581
 0.82026446
 0.81776096
 0.82225568
 0.81877516
  0.8191337
 0.81130521
 0.81303808
 0.81863563
 0.82138333
 0.82580632
 0.81234302
 0.80937241
  0.8043272
 0.80325387
 0.80414901
 0.81496556
 0.82507399
 0.82978859
 0.83533829
 0.83851513
 0.84176202
 0.83928622
  0.8390628
 0.84275321
  0.8435736
 0.84543798
 0.84546687
 0.84562504
 0.84137853
 0.84162541
 0.84110262
 0.83501009
 0.83292329
 0.83082565
  0.8372918
  0.8369645
 0.83908386
 0.83839996
 0.83221046
 0.82593346
 0.82484393
 0.83781174
 0.83870641
 0.84294417
 0.84073678
 0.83910984
 0.84617323
 0.84913059
 0.85445397
 0.85103615
 0.84911042
 0.84614117
 0.84833176
 0.84425021
 0.84443537
 0.84791317
 0.84155188
 0.83729183
 0.83954584
 0.84265629
  0.8445577
 0.84606878
 0.84205786
 0.83822189
 0.83870225
  0.8395009
 0.83710926
 0.82393801
 0.82923025
 0.82208345
 0.82429227
 0.82162503
 0.82508586
 0.82625061
 0.82204993
 0.82928376
 0.83006838
 0.82789257
 0.82833665
 0.82658734
 0.82507812
 0.83051048
 0.82386242
 0.82688003
 0.83203371
 0.83044412
 0.83165959
 0.82246223
 0.83192005
 0.82638145
 0.81841309
 0.82009262
 0.83116603
 0.83509183
 0.83748156
 0.83603888
 0.83380384
 0.82993726
 0.83361534
 0.82926723
 0.82739497
 0.82641308
 0.82841582
 0.82820062
 0.82330406
 0.83375438
 0.83248796
 0.83482304
 0.83086628
 0.82592856
 0.83385145
 0.83080262
 0.82849459
 0.83074916
 0.83158726
 0.83329755
  0.8322658
 0.83596891
 0.83659006
 0.83571319
 0.83171414
 0.82760202
 0.83118684
 0.82722215
 0.82873509
  0.8263399
 0.82348333
 0.82731757
 0.83126768
 0.84373427
  0.8425275
 0.84002353
 0.84191083
 0.84337541
 0.84943598
 0.84404563
 0.84365565
 0.84468262
 0.84311719
 0.85119213
 0.85425295
 0.85171518
 0.85205211
 0.84395921
 0.83892396
 0.83382435
 0.84077455
 0.84191378
 0.84398776
 0.83923097
 0.84024693
 0.84703547
 0.84601719
 0.84336193
 0.84936681
 0.84863975
 0.84844385
 0.83946389
 0.84321559
 0.83811319
 0.83001546
 0.83050435
 0.83237477
 0.83089592
 0.82858339
 0.83992318
 0.84093995
 0.84565528
 0.85077912
 0.84874221
 0.84666687
 0.84070683
 0.84493805
 0.83455767
 0.83006622
  0.8376622
 0.82780173
 0.82328744
 0.81853361
 0.82951038
 0.83468003
 0.83407999
 0.82163191
 0.82967761
 0.82084111
 0.82176854
 0.83105725
 0.82614198
 0.82565872
 0.82464134
 0.82433845
 0.82614995
 0.82825791
 0.83788328
 0.83578172
 0.82562573
 0.83021292
 0.82586678
 0.81964354
 0.81536035
 0.81408572
  0.8137547
 0.82202195
 0.82119988
 0.82504152
 0.81716604
 0.81670451
 0.82457679
 0.81798109
 0.82504455
 0.82185351
 0.82245039
 0.83451184
 0.83530311
 0.84097352
 0.84640391
 0.84796924
 0.84895901
 0.84970457
 0.84678587
  0.8448469
 0.84984288
 0.84842269
 0.85547108
 0.85983466
 0.85849174
 0.86134795
 0.86438515
 0.86514345
 0.86134598
  0.8528797
 0.85091415
 0.84177397
 0.84608777
 0.85863917
 0.86156465
 0.85756942
 0.85917499
 0.86112369
 0.86456906
 0.86266645
 0.86642704
  0.8629443
 0.86490436
 0.86605433
  0.8651052
 0.86156568
 0.85600868
 0.85203705
 0.85030926
  0.8478484
 0.85228877
 0.85175336
 0.84849828
 0.85059633
 0.85226167
  0.8542133
 0.85375499
 0.84912714
 0.84997274
 0.85192457
 0.84890939
 0.85024381
 0.84564703
 0.84401156
 0.84493177
 0.84041508
 0.83554217
 0.84185063
 0.84524881
 0.83975246
 0.83676124
 0.83837167
 0.83560763
 0.82885337
 0.83239584
 0.82872745
 0.83240501
 0.82831011
 0.83270268
 0.83464479
 0.83217701
 0.82803244
 0.82437231
 0.82790306
 0.82922301
 0.82385663
 0.82807349
 0.81980287
 0.82316049
  0.8205095
 0.81355638
 0.80602185
 0.81208864
 0.81300214
 0.81212276
 0.81509775
 0.81517369
 0.81465071
 0.80726378
 0.80960482
 0.80808039
 0.80268948
 0.80284651
 0.80783942
 0.80936593
 0.80894777
 0.80141968
 0.79985142
 0.80063479
  0.7993005
 0.79962228
 0.80110003
 0.79532721
 0.80050442
 0.79945133
 0.80440445
 0.80159509
 0.80082815
 0.80204342
 0.79970884
 0.79126052
 0.79815615
 0.79676875
 0.79625717
 0.80431298
 0.81507957
 0.81954008
 0.82205959
 0.81713285
 0.81659149
 0.81840579
 0.81774618
 0.81537436
 0.81698775
 0.82004902
 0.81596331
 0.81774488
 0.81892489
 0.81796008
 0.81523441
 0.81917602
 0.81299024
 0.81586227
 0.81724733
 0.81525916
 0.81723749
  0.8178313
 0.81944144
  0.8166975
  0.8104939
 0.81602823
 0.81733514
 0.81960425
 0.82107071
 0.81789807
 0.81573925
 0.81257196
 0.81951174
 0.82179241
 0.82197668
 0.82468447
 0.82495787
 0.82762703
 0.82652959
 0.82873436
 0.81496212
 0.81963979
 0.81249237
 0.81526374
 0.81032428
 0.80590843
 0.80988395
 0.80515043
 0.80511738
 0.80788619
 0.80748576
 0.80836128
 0.80504708
 0.80586323
 0.80769533
 0.80661154
 0.80707414
 0.81142405
 0.80731832
 0.80654356
 0.81180214
 0.81228649
 0.81785574
 0.81578635
 0.81931932
 0.81894789
  0.8204798
 0.81592887
 0.81208206
 0.80859345
 0.81090064
 0.80851001
 0.80659645
 0.80649445
 0.80772074
 0.80696911
 0.80579873
 0.81095195
 0.80759941
 0.79462176
 0.78522458
 0.79923837
 0.79433986
 0.79652144
 0.80142654
 0.79713471
 0.79824735
 0.79761728
 0.79907676
 0.80775842
 0.80486106
 0.80613566
 0.80663165
 0.80532841
 0.80663625
 0.80663529
 0.81330453
 0.81887205
 0.82360436
 0.82639167
 0.82610728
 0.82672073
 0.82545119
  0.8220516
 0.81675802
 0.82058074
 0.81487489
  0.8183273
 0.81233592
 0.80742916
  0.8106277
 0.81792457
 0.81569243
 0.81601169
 0.81622912
 0.80636021
 0.80852731
 0.81042418
 0.80778435
 0.81574292
 0.81346423
 0.82083646
 0.81828599
 0.82160604
 0.82334254
 0.81759369
 0.81911096
 0.81828912
 0.81913852
  0.8199469
 0.81767628
 0.81869845
 0.81676152
 0.81352489
 0.81876395
 0.81957957
 0.81840307
  0.8229457
 0.82145577
 0.81244851
 0.80671554
 0.80038571
 0.79917141
  0.8049313
 0.80916387
 0.80895842
 0.80679384
 0.80753066
 0.80821146
 0.81016645
 0.80555703
 0.79896926
 0.80805924
 0.81796312
  0.8179518
 0.82089458
 0.81142186
 0.81390531
 0.81282943
 0.81443409
 0.81096307
 0.80643266
 0.80618993
 0.81021546
 0.80086152
 0.80016158
 0.79814866
 0.78558035
  0.7894399
 0.79167486
 0.80063752
 0.79425931
 0.79233092
 0.78955999
 0.79163289
 0.78674999
 0.78082225
  0.7811263
 0.77850265
 0.77977306
 0.78380208
 0.77703974
 0.76821545
 0.76782559
 0.76875857
 0.77781105
 0.77705082
 0.78268526
 0.78933485
  0.7866548
 0.79305946
 0.79867752
 0.80455318
  0.8141548
 0.81695952
 0.81282174
 0.81367122
 0.80565468
 0.80367401
 0.81033927
 0.81142836
    0.80223
 0.80515703
 0.81271734
 0.80772684
 0.80066091
 0.78966058
 0.77670759
 0.77493116
 0.77220974
 0.77166469
 0.77788877
 0.77774083
 0.78059599
 0.77416649
  0.7785459
 0.77522356
 0.77478543
 0.77329249
 0.76898367
 0.78324472
 0.78181572
 0.78174867
 0.77608665
 0.77547842
 0.78072184
 0.79344772
 0.80573091
 0.78176039
 0.77077471
 0.77402104
 0.77100041
  0.7810265
 0.78878559
  0.7925109
  0.7876638
 0.79246476
 0.80296574
 0.79933381
 0.78946458
 0.78950426
 0.80584762
 0.81485807
 0.81024471
 0.81661702
 0.81757204
 0.82228973
 0.82972308
 0.82735498
 0.82506891
 0.83313271
 0.83600674
 0.83313326
 0.83245785
 0.82695559
 0.83061506
 0.82710715
 0.83249123
 0.83380102
 0.83359383
 0.82792376
 0.82223989
 0.83341984
 0.83436114
 0.83740829
  0.8270731
 0.83779125
 0.83732094
 0.82961555
  0.8349936
 0.83462731
 0.83999836
 0.83470811
  0.8319904
 0.82821435
 0.81944917
  0.8235943
 0.82062702
 0.82654033
 0.82509006
 0.82643345
 0.82507117
 0.82370713
 0.82135167
 0.82710371
 0.82904985
 0.82400254
 0.82247442
 0.82864985
 0.82364259
 0.83003846
 0.83010528
 0.82590253
 0.82171958
 0.82201552
 0.82398587
  0.8288971
 0.82805515
 0.82782819
 0.82125955
  0.8222143
  0.8302669
 0.83311609
 0.83341883
 0.83577816
 0.83670642
 0.83437445
 0.83361121
 0.83196238
 0.82789344
 0.82636382
 0.82654521
 0.82449262
  0.8222838
 0.82236203
 0.81618369
 0.81687763
 0.82057417
 0.81672056
 0.81783665
 0.81464381
 0.82039002
 0.82400536
 0.82147665
 0.81870768
 0.81656212
 0.80976277
 0.80858317
 0.80619504
 0.81214749
 0.80525274
 0.80992069
 0.81553023
 0.81337515
   0.815384
 0.81628696
 0.81699114
 0.81640732
 0.81210456
 0.82523476
 0.81912246
 0.82813064
   0.825424
 0.82599732
 0.82888153
 0.82083678
 0.81303527
 0.80950236
 0.80910316
 0.81378829
 0.81499525
 0.80894949
 0.80450898
 0.80723942
 0.80698115
 0.80646554
 0.81130486
 0.81186758
 0.81051446
 0.80920485
 0.81253388
 0.81373831
 0.81421066
 0.81480475
 0.81114886
 0.81304178
 0.81444113
 0.81696578
  0.8141293
 0.81310142
 0.81013692
 0.81533729
 0.81544676
 0.80878079
 0.81067425
 0.81926392
 0.81730168
 0.82163015
 0.81673343
 0.81369902
 0.81051283
 0.80526903
 0.80386522
 0.80688604
 0.81076373
 0.81756295
 0.81199022
 0.81257645
 0.81011891
 0.81437566
 0.80924044
  0.8093647
 0.80158669
 0.81115422
 0.80827294
 0.81112856
 0.81189065
 0.81360669
 0.81677951
 0.81674159
 0.82399222
 0.82291297
 0.82693474
 0.82521615
 0.82097199
 0.82914774
 0.82454287
 0.82951661
 0.82972878
 0.83467329
 0.82637665
 0.83418152
 0.83464996
 0.83569643
 0.83279943
 0.83414823
 0.83798417
 0.83439421
 0.82861171
 0.83302831
 0.83599158
 0.83766925
 0.83366679
 0.83280829
 0.83258911
 0.82870467
 0.83035089
    0.82426
 0.82592224
 0.82643458
 0.82509393
 0.82495793
 0.82107994
 0.81729366
 0.82758775
 0.83515719
 0.82996807
 0.83535693
 0.82472131
 0.83007853
 0.83420261
 0.82833355
 0.83377209
 0.83550996
 0.83719721
 0.83889695
  0.8371066
 0.83839873
 0.84137022
  0.8327341
  0.8331132
 0.84044949
 0.83673772
 0.83445743
 0.82590049
 0.82476044
 0.82320432
 0.82663984
 0.82044411
 0.81859657
 0.80836835
 0.81769416
 0.81237414
 0.81283862
 0.80842799
  0.8014574
 0.80699217
 0.80822864
 0.81121469
 0.81271107
 0.81229653
 0.81116795
 0.81114297
 0.80586317
 0.81098885
 0.80974811
 0.81114542
 0.81326544
  0.8240681
 0.83375739
 0.84040146
 0.83703915
 0.83273197
 0.83743135
 0.84601376
 0.84873274
 0.84511606
 0.83136628
 0.83509116
 0.83157428
 0.83417312
 0.83622634
 0.83968618
 0.84221195
 0.84504127
 0.84874673
 0.85120303
 0.85253979
 0.85291023
 0.84827156
 0.84395514
 0.84661943
 0.84302972
 0.84208392
 0.84711955
 0.83753169
 0.83236094
 0.82965979
 0.81481717
 0.80989841
 0.80152073
  0.8072879
 0.80869763
 0.81861446
 0.82162061
  0.8201406
 0.82558913
 0.82429457
 0.82395417
 0.83091811
 0.83431106
 0.83148818
 0.83475307
 0.83905825
 0.83759442
 0.83528846
 0.83397674
 0.83731024
 0.83886267
  0.8352134
 0.83363764
 0.83500802
 0.83972185
 0.84446944
 0.84456265
  0.8458714
 0.84225502
 0.83661091
  0.8363053
 0.83980502
 0.83586569
 0.83505794
 0.83442844
 0.83267152
 0.83093644
 0.82883056
 0.83219385
 0.83054517
 0.82727618
 0.82990378
 0.82560936
 0.82078066
 0.82585715
 0.82332793
 0.81986744
 0.82087625
 0.82029232
 0.82630362
 0.82410372
 0.82509463
  0.8193977
 0.81786098
 0.80930604
 0.81060457
 0.81785461
 0.81890875
 0.81459729
 0.81190335
 0.80835949
 0.81214049
 0.81908643
 0.82160695
 0.82524079
 0.82481116
 0.82201299
  0.8197665
 0.81924659
 0.81278086
 0.81025431
 0.80650706
 0.81298815
 0.81730174
 0.81771709
 0.82365507
  0.8221415
 0.81783184
 0.81991807
 0.81757352
 0.82079907
 0.82440343
 0.81467879
 0.80957988
 0.80703466
 0.81456936
 0.81639783
 0.81511146
 0.82043556
 0.81463528
 0.80858889
 0.80713627
 0.80826824
 0.81083436
 0.81149302
 0.80780794
 0.79875958
 0.78649098
 0.78925261
 0.78966954
 0.79581637
 0.80511419
 0.80856185
 0.80707677
 0.80785318
 0.81210281
 0.80445338
 0.80723801
  0.8046203
 0.79847989
 0.79804335
 0.79915238
 0.79445878
 0.79079204
 0.78451799
 0.78332774
 0.77534053
 0.77701212
 0.77042258
 0.77337502
 0.77102977
 0.77073709
 0.77241981
 0.77607764
 0.78183116
 0.78139818
 0.78328059
 0.78093806
  0.7800612
 0.78444457
 0.78524379
 0.78191576
 0.77746644
 0.77703688
 0.77614704
 0.77371794
  0.7734157
 0.78274406
 0.77290143
 0.77944824
 0.77694882
 0.78101478
 0.78845649
  0.7852397
 0.78131665
 0.77572154
 0.77655687
  0.7675421
 0.77179177
 0.77536974
 0.77133277
 0.77748041
 0.77380771
 0.77544693
 0.78329872
 0.78349275
 0.77209252
 0.76900407
 0.76224362
 0.75981733
 0.75824982
 0.75611151
 0.75722879
     0.7614
 0.75887833
 0.75702884
 0.75714617
 0.75647739
 0.75330468
 0.75113281
 0.75597968
 0.76025006
   0.757701
  0.7610796
 0.76139437
 0.75773584
 0.76153059
 0.76263583
 0.76169361
 0.76643005
 0.76590643
 0.76214503
 0.77069467
 0.77510904
 0.76533348
 0.77090282
 0.77004833
  0.7646532
 0.77528106
 0.78259301
 0.78912323
 0.79714933
 0.79848631
 0.79891357
 0.80195368
 0.80861245
 0.80639026
 0.79801097
 0.79334902
 0.78944904
 0.79377301
 0.79358448
 0.79999466
 0.80312909
 0.80721262
 0.80356031
 0.81224982
   0.819893
 0.82043406
 0.81720023
 0.81934471
 0.81652249
 0.80889947
 0.81712803
 0.81414409
 0.81460893
 0.80770447
 0.80554747
 0.81262474
 0.81120168
 0.81373345
   0.818649
 0.82119446
  0.8315794
  0.8261712
 0.82960111
 0.82772283
  0.8215889
 0.81527122
 0.81534688
 0.81128404
 0.81866018
  0.8222435
 0.82041554
 0.82221362
 0.83664982
 0.83622659
  0.8396225
 0.83659061
 0.84058907
 0.83761931
 0.84097698
 0.84498009
 0.84505826
 0.85116449
  0.8427017
 0.84088096
 0.84562854
 0.84736585
 0.84211003
 0.85128191
 0.84351038
 0.84357547
 0.84561972
 0.83797319
 0.83468267
 0.83645393
 0.83533024
  0.8270141
 0.83574289
 0.84142231
   0.838548
 0.83851188
 0.84201304
 0.84173446
 0.84189386
 0.84339625
 0.84867217
 0.84381015
 0.83757801
  0.8357781
 0.84017118
 0.84142343
 0.84531493
 0.84375266
 0.83847324
 0.84349121
 0.84014757
 0.84143611
 0.83877425
 0.84020538
  0.8293892
 0.83434136
 0.83655406
 0.83726612
 0.84152079
 0.84563905
 0.84654743
 0.84365481
  0.8466285
  0.8452365
 0.84462459
 0.84769793
 0.84992422
 0.84833446
 0.85108143
 0.84876785
 0.84264855
 0.84096941
 0.84079669
 0.83371789
 0.82574808
 0.82393406
 0.82070993
 0.82514692
 0.83586928
  0.8394679
 0.84035098
 0.83473875
 0.82733856
 0.82208837
 0.82414907
 0.82443586
 0.83366659
 0.84256347
 0.84669359
 0.84759276
 0.85375104
 0.85314314
 0.85537561
 0.85695303
 0.85175008
 0.84920155
 0.84820918
 0.84673004
 0.84157572
 0.83475479
 0.83826952
 0.83869322
 0.84013601
 0.83891994
 0.84389399
 0.83228179
 0.82845486
 0.83013039
 0.84512601
  0.8370133
 0.84099133
 0.84354671
 0.85054148
 0.85677936
 0.85395801
 0.85169424
 0.84805908
 0.84934185
 0.85456099
 0.85525305
 0.85515595
 0.85023064
 0.85004348
 0.85660608
 0.84893684
 0.85083156
 0.85062243
 0.85552095
 0.85932571
 0.85793691
 0.85988004
 0.85475308
 0.85632739
 0.85598181
 0.85655742
 0.85347239
 0.85607455
 0.85288534
 0.85375629
 0.85125553
 0.85166407
 0.85009095
   0.851459
 0.85781047
 0.85583418
 0.85529431
 0.85438806
 0.85831241
   0.861676
 0.85998758
 0.85976276
 0.85770004
 0.86052081
 0.86164609
 0.86720807
  0.8624539
 0.86033929
 0.85178149
 0.84604446
 0.84996127
 0.84939814
 0.85132958
 0.85147401
 0.84557158
 0.85105329
 0.85859938
 0.86866692
 0.87432057
 0.86434971
 0.87051746
 0.86495199
 0.86299948
 0.86049045
 0.87309373
 0.86802133
 0.85942922
  0.8549228
 0.87046939
 0.87772844
 0.87977535
 0.88523642
 0.88627246
 0.89067556
 0.89131497
 0.89190374
 0.89479265
 0.89379449
  0.9026285
 0.90653195
 0.90192372
 0.90006793
 0.90203979
 0.90521224
 0.88748989
 0.88239361
 0.88709698
 0.88789888
 0.88790077
   0.884213
 0.87839561
 0.87567121
 0.87207087
 0.86407899
 0.86065558
 0.85724709
  0.8568968
 0.85314362
 0.85176438
 0.85066123
  0.8453792
 0.84080529
 0.85300032
 0.85428865
  0.8498178
 0.85047329
 0.85025207
 0.85155809
 0.85031532
 0.84459298
 0.84671915
 0.85394524
 0.84716663
 0.86008391
 0.86412274
 0.86544582
 0.86554808
 0.86552648
 0.87088599
 0.88170448
 0.88519435
 0.88042498
 0.88501715
 0.88902873
 0.89706284
 0.90010113
 0.89988178
 0.88956558
  0.8779045
 0.88231915
 0.88239954
 0.87755199
 0.88346682
 0.88963408
 0.89031292
 0.89308966
 0.88618984
 0.89195314
 0.90210058
 0.90507073
 0.89735419
 0.89939347
 0.89539661
 0.89013369
 0.88486565
 0.88112806
 0.88616335
 0.88476533
 0.86978696
  0.8547727
 0.87271507
 0.87078459
 0.89171446
 0.88666976
 0.88468219
 0.88528107
 0.89405495
 0.89386608
 0.90605104
 0.90767934
 0.91915788
 0.90924282
 0.91293364
 0.90359527
 0.90607391
 0.90413413
 0.89633595
  0.8989539
 0.90140049
 0.90788506
 0.91502599
 0.90632864
 0.91342764
  0.9218853
 0.92007026
  0.9148824
 0.92142511
 0.91683089
 0.91682108
 0.92651835
 0.91422045
 0.91254747
 0.91326651
 0.91123329
 0.90940327
 0.89240736
 0.89138012
 0.89435607
 0.89756548
  0.8949005
 0.89622021
 0.88903081
 0.89490455
 0.89552521
 0.90144369
 0.91314201
 0.91048672
 0.91120573
 0.91788664
 0.91728517
 0.92131041
  0.9340803
 0.93543863
  0.9300909
 0.92572029
 0.93042699
 0.92608602
 0.92725237
 0.92537121
 0.91929584
   0.909291
 0.89844591
 0.90030362
 0.89928106
 0.89649211
 0.90115006
 0.89566084
 0.89803314
 0.89961372
 0.90730877
 0.90298124
 0.91283866
 0.90963896
 0.90869977
  0.9042231
 0.90333038
 0.89740812
 0.89996205
 0.91042075
 0.91196863
 0.91871621
 0.91632035
 0.91827255
 0.92319167
 0.91477964
 0.91564293
 0.91008908
 0.90691731
 0.90601777
 0.90608334
 0.90924526
 0.90365553
 0.91030572
 0.91172898
 0.90673292
 0.90919617
 0.91537362
 0.91958178
 0.92589613
 0.93263607
 0.92757568
 0.91780938
 0.91478846
 0.90635711
 0.90396675
 0.91325425
  0.9093747
 0.91306625
 0.91771995
 0.91579825
  0.9045662
  0.9027012
 0.90665271
 0.90646792
 0.90541142
  0.9184204
 0.92071084
 0.90360927
 0.90832817
 0.91936792
 0.92252582
 0.91351822
 0.91878424
 0.91711271
 0.91399209
 0.91018825
 0.91748711
  0.9150863
 0.91488231
 0.92928404
 0.92376765
 0.92422063
 0.92275426
 0.92547549
 0.92698431
 0.92702376
  0.9320341
 0.93327091
 0.93050779
 0.92837906
 0.93188363
 0.92146074
  0.9223888
 0.92834973
 0.92392726
 0.91832033
 0.91973207
 0.91006265
 0.90154641
 0.90537952
 0.90843549
 0.91602406
 0.92024293
 0.91892551
 0.92343662
 0.92938437
 0.92694077
 0.92990962
 0.92602822
 0.92968407
 0.93032411
 0.93449289
 0.93930537
 0.93711117
 0.93980307
 0.93500219
 0.93591674
 0.93610379
 0.94255743
 0.93833057
 0.94098272
 0.93787792
 0.93347225
 0.92697954
  0.9253881
 0.92245161
 0.93422581
  0.9396468
  0.9417475
  0.9450793
 0.94517778
 0.94607756
 0.94707868
 0.95035987
  0.9435526
 0.94346412
 0.94473651
 0.94494385
 0.94539768
 0.93855003
 0.93731454
  0.9292363
 0.93164591
 0.92969702
 0.93309104
 0.93633995
 0.94024703
 0.94121282
 0.94273164
 0.93306721
 0.92402338
 0.91632454
 0.91759947
 0.91149614
 0.90204118
 0.90960916
 0.91040631
  0.9067399
 0.90636768
 0.91399573
 0.90796191
 0.91734628
 0.91689161
 0.91392415
  0.9261781
 0.91042581
 0.91372276
  0.9215612
 0.92915334
 0.92591757
 0.92283448
  0.9196372
 0.92593401
 0.92720695
 0.93656428
 0.93226649
 0.92188589
 0.93783393
 0.94224726
  0.9366351
 0.92918835
 0.92944917
 0.92819369
 0.92500779
 0.92844738
 0.93132576
  0.9333303
 0.93603724
  0.9327733
 0.93587807
 0.93924692
  0.9345596
 0.93407461
 0.93182272
 0.93502345
 0.92638415
 0.91888263
 0.90793687
  0.9119395
 0.91470014
 0.90250289
 0.90998869
 0.91049321
 0.91920855
  0.9170924
 0.91687398
 0.90757177
 0.90063399
 0.91256094
  0.9140306
 0.90470933
 0.91893378
 0.91539533
 0.91647961
 0.90283173
 0.89396335
  0.8894219
 0.88859067
  0.8959863
 0.89488635
 0.88742925
 0.88440082
 0.88277428
 0.87802888
 0.89747909
 0.90320057
 0.90398769
 0.91418182
 0.91582417
 0.92138427
 0.92635145
 0.93438877
 0.92829341
 0.93638343
 0.94253179
 0.94412717
 0.94676681
 0.93813841
  0.9359342
 0.94290499
 0.94424348
 0.95120428
 0.95566526
 0.95578088
 0.96338927
 0.96227882
 0.95603102
 0.95107676
 0.95310687
 0.95321791
 0.94963082
 0.95120208
 0.95094952
 0.95675919
 0.95564607
 0.96383969
 0.96307999
 0.95563176
 0.95191801
   0.951522
 0.95151452
 0.95814367
 0.95613092
 0.95185459
  0.9458898
   0.937547
 0.93549695
 0.93575455
 0.93371184
 0.92486989
 0.91935941
 0.91933283
 0.92048445
 0.91974444
 0.92837674
  0.9324138
 0.92509075
 0.93059181
 0.93016295
 0.92403254
 0.92231215
 0.92597003
 0.92718104
 0.92814733
 0.92500782
 0.92177934
 0.92403565
 0.92372377
 0.91777966
    0.91783
 0.90609393
 0.90505851
 0.90483119
 0.90215708
 0.89096797
 0.87929539
 0.88122542
 0.86840377
 0.88046713
 0.88223392
 0.88831106
 0.89157936
  0.8923907
 0.89100164
 0.88705231
 0.88803923
 0.87295134
  0.8764373
 0.86347014
 0.87077044
 0.88541858
 0.89310305
 0.89508541
  0.8858776
 0.89397069
 0.89830148
 0.89819979
 0.90666439
 0.91022655
 0.90752502
 0.90273685
 0.90007707
 0.89958544
  0.9013693
 0.89589943
 0.89875609
 0.89727102
 0.88663946
 0.89289213
  0.8990134
 0.88593101
 0.89377764
 0.88800976
 0.87904216
 0.88349136
 0.89328772
 0.89685785
 0.89598133
 0.89002088
 0.88840075
 0.88925024
 0.88612921
 0.89086738
 0.89303539
 0.88610022
 0.88188067
 0.88648921
   0.884592
 0.88598851
 0.88831231
 0.88016803
 0.87570917
 0.87067202
 0.87819014
 0.87787704
 0.87443168
 0.87922671
 0.88062078
 0.87733027
 0.87332225
 0.86798706
 0.85232744
 0.84593938
 0.84217975
 0.84134607
 0.84294998
 0.84579213
 0.83714229
  0.8449063
 0.85516819
   0.853153
 0.85313173
 0.85652371
 0.84766857
 0.85367451
 0.85995088
 0.86312361
 0.86729518
 0.86853533
 0.86937856
 0.87603287
 0.87274065
 0.88453457
 0.87987694
 0.88546188
  0.8883139
 0.88976053
 0.88774088
 0.88771977
 0.89052659
  0.8923271
 0.89447553
 0.88918868
 0.88284497
 0.88616438
 0.88550861
 0.89168401
 0.89766864
 0.89579282
  0.8970303
 0.87898683
 0.88254837
  0.8766824
 0.86937652
 0.87864813
 0.86565449
  0.8696087
 0.87961476
 0.87789312
  0.8931044
 0.88895097
 0.89234714
 0.88928953
 0.88319408
 0.88498723
 0.88092649
 0.87799601
 0.88504887
 0.88722505
 0.88324416
  0.8775036
 0.88888052
 0.88941504
 0.87392585
 0.87165314
 0.86064868
 0.86624479
 0.85771506
 0.85912982
 0.86747134
 0.87605283
 0.87988127
 0.88438984
 0.88707138
 0.87387085
 0.87810955
 0.88681421
 0.88401143
 0.88883471
  0.8919297
 0.89177156
 0.88191392
  0.8833065
 0.88431996
 0.88371033
 0.88188376
   0.863098
 0.86252007
 0.87061766
 0.86116475
 0.86900106
 0.86908111
 0.87185552
  0.8656877
 0.86160872
 0.86742627
  0.8772967
 0.87774059
 0.88243604
 0.88424108
 0.88470041
 0.88108999
 0.88264969
 0.89102896
  0.8825532
  0.8767495
 0.87754405
 0.88347888
 0.88985886
 0.89297827
 0.89360433
 0.89290023
 0.88929054
   0.888812
 0.88670032
 0.88461129
 0.88646958
 0.88042461
 0.88725739
 0.89348074
 0.89337646
 0.88998041
 0.88248755
 0.88969486
 0.88977779
 0.89287592
  0.8964686
 0.89076782
 0.88915535
 0.88573038
 0.88241467
 0.87430658
 0.88181232
  0.8801052
 0.88528778
 0.88095421
 0.87809439
 0.87869885
 0.87642161
 0.87694041
 0.87700448
 0.87521719
 0.87394248
 0.86045483
 0.86247245
  0.8720719
 0.87218397
 0.87426339
  0.8756326
 0.87233526
 0.87167469
 0.88131795
 0.87998102
 0.87301507
 0.87164801
 0.87000433
 0.87201244
 0.87404499
 0.87419244
 0.87510589
 0.86938375
 0.86991176
 0.86719125
 0.86618917
 0.86674986
 0.85933664
 0.86202575
  0.8619099
 0.86220276
 0.85800816
  0.8645663
 0.86692568
  0.8698701
 0.86924843
 0.86467586
  0.8716365
 0.87420869
 0.87222884
 0.87344995
 0.87273808
 0.87394293
  0.8752996
 0.87482144
 0.87504428
 0.87595414
 0.87416306
 0.86989078
 0.86815181
 0.86658055
 0.86302694
 0.86078575
 0.86249976
 0.85977847
 0.86219282
 0.86555951
 0.86137894
 0.85935134
 0.84816991
 0.84701616
 0.85796254
 0.85004437
 0.85981963
   0.860197
 0.86141039
   0.867054
 0.86126322
 0.86319507
 0.86675021
 0.87259989
 0.87398485
  0.8747279
 0.87912728
 0.87607842
  0.8768806
 0.87029273
 0.87221792
  0.8743906
 0.87285961
 0.86926927
 0.86452985
 0.87025314
  0.8633102
 0.86151832
 0.86804973
 0.86824922
 0.86699885
 0.85679934
  0.8666622
 0.86821229
 0.87069812
 0.86278502
 0.86179245
 0.87548659
 0.86871748
 0.86156148
  0.8645178
 0.85801294
 0.86280294
  0.8614963
 0.86528519
 0.87164398
 0.87194289
 0.87345021
 0.87588714
 0.87755119
 0.87767151
 0.86724241
 0.86116867
 0.85986887
 0.86870777
 0.86984812
 0.86961888
 0.86853679
 0.87229085
  0.8737218
 0.87234134
 0.87053463
 0.86318341
 0.87409758
 0.87772572
 0.87571992
 0.88061483
 0.88686029
 0.88986669
 0.88636938
 0.87817321
 0.87538777
 0.87759532
 0.88381553
 0.88348235
   0.888373
 0.88756249
 0.88316776
 0.88405286
 0.88100619
 0.88019643
 0.87959793
 0.88550239
 0.88144903
 0.87641728
 0.87381139
 0.87527829
 0.87544616
 0.87054757
 0.86695361
 0.87741123
 0.87640659
 0.87866515
 0.87609835
 0.87662964
 0.87841573
 0.88365631
 0.87996184
  0.8816099
 0.87746596
 0.87067622
 0.86473877
 0.86460622
 0.87444386
  0.8677196
 0.86858063
 0.86678723
 0.86290452
 0.86070661
 0.86072135
 0.85333012
 0.85033884
 0.85756542
 0.86412772
 0.86178291
 0.85949847
 0.85029474
 0.85191547
 0.85558189
 0.84904626
 0.84221073
 0.83548764
 0.83381712
 0.83683062
 0.84000689
 0.84328915
 0.83596196
 0.83207498
 0.83399677
 0.82428861
  0.8301191
 0.82328725
  0.8319141
 0.82287703
 0.82981094
 0.82992283
 0.82884541
 0.83003767
 0.82735018
  0.8324525
 0.82618347
   0.834692
 0.84053181
 0.84334825
 0.84901975
 0.85027468
  0.8436173
  0.8472631
 0.84452079
 0.84559233
 0.84639176
 0.84723588
 0.84166589
  0.8442943
 0.84476968
 0.84480046
 0.84495681
 0.83723141
  0.8429044
  0.8442992
 0.83957537
 0.83798116
 0.83780358
 0.83923559
 0.84356249
 0.84281517
 0.83892929
 0.83976317
 0.83897167
 0.84317806
 0.84492383
 0.84228068
 0.84704456
 0.83884192
 0.83804462
 0.83838738
  0.8390255
 0.83813125
 0.83643369
 0.83141111
 0.83948003
 0.84518283
 0.84360422
 0.83351406
 0.83099263
 0.84615426
 0.84679759
 0.85810825
 0.85755235
 0.85914669
 0.85489775
 0.86288546
 0.86637736
 0.85975707
 0.86561405
 0.85256485
 0.85150255
 0.85880762
 0.86340882
 0.86498477
 0.87039582
 0.87108169
 0.87541099
 0.87719288
 0.87900407
 0.88935689
 0.88868786
 0.88941041
 0.89004094
 0.88702595
 0.88472977
 0.89128254
 0.88382358
 0.88905957
 0.90321891
 0.90687752
 0.90722902
 0.90476848
 0.91215368
   0.910456
 0.91020245
 0.91259065
 0.91344501
 0.90956949
 0.90132091
 0.90369962
 0.90533718
 0.89662461
 0.89030292
 0.89223273
 0.89646602
 0.89718407
 0.88909099
 0.88586386
 0.87994406
 0.88919637
 0.89330606
 0.89644032
 0.89530837
 0.89859345
 0.90315417
 0.89681043
  0.8945734
 0.90185832
 0.89789502
 0.88931942
 0.88333064
  0.8902186
 0.88609752
 0.87943052
 0.88850333
 0.88248567
  0.8778078
 0.87580121
 0.87655199
 0.88435952
  0.8872334
 0.89361804
 0.89135536
 0.88333808
 0.88159552
 0.88210534
 0.88171365
  0.8942059
 0.89539879
 0.88239071
 0.89050769
 0.89502018
 0.89658122
 0.89809576
 0.89602236
 0.89520025
 0.89253618
 0.89274796
 0.89183436
 0.89160892
 0.89772253
 0.90087826
   0.901368
 0.89664998
 0.89837581
 0.89269965
 0.89981511
 0.89880627
 0.89569654
 0.89219986
 0.89689399
 0.89466283
 0.89364262
 0.88632063
 0.88058022
 0.88003454
 0.88613953
 0.88755118
 0.88859053
  0.8866434
  0.8919244
 0.89610375
 0.89646322
  0.8978763
 0.89699533
 0.90034124
 0.89825856
 0.89645795
 0.89657124
 0.89335721
 0.88803927
  0.8833825
 0.88559279
 0.87711391
 0.87236249
 0.87192522
  0.8712461
 0.87287494
 0.87786776
 0.87702076
 0.87144216
  0.8716258
 0.87132482
 0.86866443
 0.87390301
  0.8627344
 0.86278556
 0.87534415
 0.88180396
 0.88198399
 0.87800082
 0.87526633
  0.8747444
 0.87436976
 0.87698968
 0.87795479
 0.88333852
 0.88730569
 0.88337645
 0.88606257
 0.89316954
 0.89288895
 0.89301908
  0.8920561
 0.88905426
 0.89049326
 0.89485655
 0.89849739
 0.90090665
  0.8977909
 0.89916102
 0.89014209
  0.8896759
 0.89310275
 0.89427682
  0.8952433
  0.8934181
  0.8907591
 0.88511699
 0.88870976
 0.89133459
 0.89787556
 0.89478945
 0.89295714
 0.89014873
 0.88303534
 0.87713832
  0.8783614
 0.87467622
 0.88061985
  0.8746364
 0.87281791
 0.86512507
 0.86203831
 0.86698966
 0.87034686
 0.88211375
 0.88428851
 0.89052915
 0.88636689
 0.88940596
 0.87838307
 0.88073712
 0.87802125
 0.89112355
 0.89558463
 0.89761952
 0.90067273
  0.9031134
  0.9000121
 0.90506016
 0.90879403
 0.91223153
 0.90951385
 0.90995876
 0.91446541
 0.91437789
 0.91564714
 0.91689471
 0.91569991
 0.91726344
 0.91317841
 0.91439979
 0.91043089
 0.90600613
 0.90950834
 0.90919954
 0.91382531
 0.90575972
 0.90701552
 0.90511875
 0.90354879
 0.89851617
 0.89687309
 0.90546622
 0.90269644
 0.90245422
 0.90242292
 0.90523208
  0.9047425
 0.90940044
   0.910831
 0.91156762
 0.91224301
 0.91553525
 0.91790844
 0.91753098
 0.91736176
 0.91891718
 0.92118946
 0.92134665
 0.92234513
 0.91769291
 0.91948147
 0.92202888
 0.92382513
 0.91901399
 0.91328399
  0.9125015
 0.91600871
 0.91469782
 0.91330242
 0.91326983
 0.91664708
 0.91852779
 0.91698922
 0.91423078
 0.91413103
 0.91188144
 0.91375881
  0.9151538
 0.91101652
 0.90804921
 0.90038314
 0.89257049
 0.89216149
 0.89316364
 0.89973352
 0.90718452
 0.90331895
 0.90480817
 0.90711989
 0.91104029
 0.90473699
 0.90684738
 0.90585112
 0.90558201
 0.90268758
 0.90555281
 0.90655158
 0.90454042
 0.90752821
  0.9093041
 0.90930204
 0.90215498
 0.90450849
 0.89900764
 0.90731286
 0.91086971
 0.91260823
 0.91467079
 0.91389633
 0.91462873
 0.91095169
 0.91262207
 0.90535201
 0.91046801
 0.91103504
 0.91414055
  0.9136298
 0.91645064
 0.91379819
 0.91284642
 0.91357813
 0.91212208
 0.91146745
 0.90625975
 0.89950337
 0.89411875
 0.89237879
 0.89832541
 0.89951855
 0.90286542
 0.89900224
  0.8924722
 0.89445036
 0.89588093
 0.90266933
 0.89723138
 0.89558825
 0.90107348
  0.9033535
 0.90073231
 0.89772688
 0.89357722
 0.89174994
 0.88903286
 0.89391446
 0.89572278
 0.89686191
 0.89602671
 0.89972065
 0.90564084
 0.90680896
 0.90877411
 0.90840611
 0.90316128
 0.90002664
 0.89863582
 0.89583882
 0.89212327
 0.89224577
 0.90042417
 0.90201644
 0.90072589
 0.91074475
 0.90872476
 0.91195333
 0.91222005
 0.91352999
 0.91060392
 0.90766232
 0.90281597
 0.90590993
 0.90716583
 0.91741735
 0.92440717
 0.92148602
 0.92059856
 0.92391504
 0.92194925
 0.92201168
 0.92552613
 0.92340989
 0.92383869
 0.92940616
 0.93324685
 0.93059682
 0.92660867
 0.92380998
 0.92164262
 0.91456169
 0.91259114
  0.9141978
 0.91962788
 0.91950804
 0.91264212
 0.91942687
 0.91917255
 0.92233647
 0.92324392
 0.91799729
  0.9150436
 0.91298963
 0.91308361
 0.91730683
 0.91860403
 0.92053871
  0.9222315
 0.91590548
 0.91290443
 0.91517014
  0.9156494
 0.91733388
  0.9169037
 0.91764103
 0.91631825
  0.9211903
 0.92604309
 0.92550926
 0.92551094
 0.91787762
 0.91918993
 0.91957109
 0.91640354
 0.91598846
 0.91304418
 0.91736308
 0.91655738
 0.91879743
 0.91631627
 0.91306478
 0.91585147
  0.9126184
 0.91332404
 0.90845361
 0.90899914
 0.91002786
 0.90602995
 0.90320756
 0.90780119
 0.90909183
 0.90946327
 0.90963468
  0.9130822
 0.91306598
 0.91042951
 0.90839178
 0.90733519
 0.90499377
  0.8999778
 0.89795975
 0.90133962
 0.89827175
 0.89400568
 0.89543682
 0.89358375
 0.89579501
 0.89773596
 0.89830134
 0.89815679
 0.90271569
 0.90341453
 0.90474706
 0.90626216
 0.91009423
  0.9097054
 0.91108983
 0.90991905
 0.90691669
 0.91397245
 0.91009877
  0.9049645
 0.90566272
 0.90624136
 0.90420332
 0.90833984
 0.90070307
 0.89896955
 0.88962858
 0.89068702
 0.88659029
 0.88612677
 0.89177329
 0.89520452
 0.89375956
 0.89011623
 0.89218543
 0.89646489
 0.89189535
 0.89192448
 0.89488224
  0.9028743
 0.90953204
 0.91042085
 0.90863087
 0.91267693
 0.91093313
 0.91135589
 0.91119424
  0.9162632
 0.91581769
 0.91709919
 0.91271471
 0.91139375
 0.91070831
 0.91079071
 0.91181692
 0.91077974
 0.90877647
 0.91196178
 0.91308823
 0.91263293
  0.9091751
 0.90939931
 0.91176502
 0.90669504
 0.89998178
 0.89855787
 0.89738281
 0.89112732
 0.88781719
 0.87643197
 0.88699136
 0.88633274
 0.89159451
 0.89126073
 0.89484305
 0.89462192
 0.89904067
 0.90005758
 0.89554272
  0.8982338
 0.90580036
 0.90623408
  0.9040647
 0.90396432
 0.90683124
  0.9035387
 0.90833775
 0.91263857
 0.91392769
 0.90616141
 0.90165518
 0.89741376
 0.88940006
 0.88615745
 0.89411274
 0.88982955
  0.8932592
 0.89179419
  0.8859966
 0.89152553
 0.88430396
  0.8879716
 0.89011515
 0.88623451
 0.88304924
  0.8925783
 0.89165219
 0.88690876
 0.88990933
 0.88591739
 0.88685775
 0.89138985
 0.89508717
 0.89965853
 0.90415777
 0.90173568
 0.90052377
 0.90000621
 0.90460638
 0.90005485
 0.90332885
 0.90365755
  0.9048436
 0.90099506
 0.89449258
 0.90015866
 0.89661881
 0.90497066
 0.89643833
 0.89035315
 0.88872083
 0.88868558
 0.89999994
 0.89796929
 0.90459256
 0.91032789
 0.91172054
 0.90589463
 0.90087847
  0.8951473
  0.8863589
 0.88808318
 0.89207592
 0.90507944
 0.90433179
 0.91319499
   0.911545
 0.92245433
  0.9203528
 0.91740098
  0.9154268
 0.91957653
 0.92106602
 0.91826276
 0.91616117
 0.92240972
 0.92416987
 0.91553703
 0.91600014
 0.91610463
 0.91627477
 0.90839901
 0.90717322
 0.90798184
 0.90827026
 0.90506081
 0.90293057
 0.91090934
 0.91476867
   0.919577
 0.91874217
 0.91060344
 0.90802404
 0.90969495
 0.91315933
 0.91522235
  0.9100825
 0.91146908
 0.91146232
 0.91026945
 0.90546124
 0.90877698
 0.91379724
 0.92063761
 0.92360419
 0.92401789
 0.91970149
   0.916947
 0.91697441
 0.91581127
 0.91415822
  0.9121316
 0.91637753
 0.91893515
  0.9175994
 0.91771511
 0.91529522
 0.91305015
 0.91277035
  0.9141851
 0.91673975
 0.91896678
 0.91279357
 0.91218121
  0.9095196
 0.91134257
 0.91066784
 0.91282579
 0.91636217
   0.920257
 0.92290207
 0.92532222
 0.92422605
 0.92487466
 0.92198232
 0.92169591
 0.92540333
 0.91187849
  0.9065885
 0.90794724
 0.90940694
 0.90057597
 0.89311694
 0.89675331
 0.89044794
 0.89309558
 0.89094243
 0.88490278
 0.88575199
 0.88663561
 0.88581135
 0.88983863
 0.89345916
  0.8900879
 0.89214783
 0.89008958
 0.89106462
  0.8891206
 0.89509852
 0.88289734
 0.89147008
 0.89295194
 0.89215806
 0.89507444
 0.89499238
 0.89577833
 0.89109468
 0.89137327
  0.8916271
 0.89364851
 0.88510375
 0.88275946
 0.88180949
 0.87901256
 0.87870221
 0.87538889
 0.87294085
 0.87235184
 0.87720426
 0.86717428
 0.86472164
  0.8572701
 0.84734599
 0.84708549
 0.85649027
 0.86458633
 0.86850144
  0.8749942
 0.87732628
 0.88219501
 0.88348645
 0.89024058
 0.88828577
 0.88187803
 0.87686042
 0.87754585
 0.87938505
 0.88066331
  0.8773136
 0.87975758
 0.88052289
 0.88475628
 0.88635059
 0.88699462
  0.8840756
 0.88072307
 0.87802384
 0.88234279
 0.88258415
 0.88112607
 0.88286378
 0.88357919
 0.88130579
 0.87943657
 0.88164525
  0.8765404
 0.87642715
 0.87406899
  0.8744575
 0.87302342
 0.87999756
  0.8863077
 0.88949952
 0.89346455
 0.89712984
 0.89096035
 0.88306458
  0.8808448
 0.88154619
 0.88109449
 0.87745229
  0.8711348
 0.87389391
 0.87519188
 0.87507339
 0.88157675
 0.88248179
 0.88053236
 0.88391811
 0.88952602
 0.89225036
 0.89801366
 0.89843498
 0.90295932
 0.90516176
 0.90070675
  0.8988866
 0.89705106
 0.89317767
 0.89246691
 0.89693192
 0.89222515
 0.89279476
 0.88934956
 0.88950205
 0.88467822
 0.88568819
 0.88054428
 0.87593658
 0.87894168
 0.87327327
 0.87216803
 0.87749949
 0.87693883
 0.87202914
 0.87411498
  0.8728435
 0.87466246
 0.87179383
  0.8682726
 0.86634085
  0.8689014
 0.86865268
 0.87096021
  0.8748483
 0.88211614
 0.88168262
 0.87993595
 0.88428098
 0.88875136
 0.88994201
 0.89138641
 0.88823459
 0.89462401
 0.88832927
 0.88735368
 0.88114687
 0.88346388
  0.8818931
 0.87984494
 0.87363353
 0.87522608
 0.86660512
 0.85894094
 0.85350851
 0.85529182
  0.8727183
 0.88259389
  0.8873033
 0.87856497
  0.8758037
 0.87550216
  0.8823763
 0.87457124
 0.87741901
 0.87000622
 0.86570752
 0.86028794
 0.86871187
 0.87305159
 0.88331921
 0.88057273
 0.88818171
 0.88416059
 0.88681402
 0.88452442
 0.88707844
 0.88892059
 0.89031102
 0.89505852
 0.88245979
  0.8931078
 0.89047002
 0.89176711
 0.88499468
 0.88568144
 0.88800561
 0.89698436
 0.89209081
 0.89706811
 0.89115668
 0.88804068
 0.89235624
 0.88799538
 0.89014399
  0.8881436
 0.89331262
 0.89397129
 0.89818975
 0.89942776
 0.90129197
 0.89814689
 0.90039667
 0.90183815
    0.90784
 0.90632068
 0.90659368
 0.90755825
 0.90584889
 0.90519268
  0.8980737
 0.90776566
 0.90843483
 0.91090582
 0.90883155
 0.90762208
 0.90312451
 0.89438392
 0.89365471
 0.89004518
 0.87747024
 0.87473835
 0.88158802
 0.88470056
 0.87427609
 0.87036038
 0.87614679
 0.88417738
 0.87398586
 0.87606453
 0.88362472
 0.89147296
 0.89441907
 0.88965395
 0.89043693
 0.88886422
  0.8923789
 0.89118468
 0.89936097
 0.90238502
 0.90510034
 0.90782709
 0.90602464
 0.90518507
 0.90704876
 0.90366878
 0.90354772
 0.90577786
 0.90459467
 0.90173175
 0.90429398
 0.90735815
 0.90751968
 0.90593571
 0.90069443
 0.90495482
  0.9072085
  0.9070776
  0.9075441
 0.90799388
 0.90780215
  0.9047669
 0.90971271
 0.91038869
 0.90692385
 0.90643273
 0.90282664
  0.9043537
 0.89986625
 0.89359986
 0.89368019
 0.89311496
 0.89615396
 0.90651375
 0.91172596
 0.91473144
 0.91298848
  0.9169868
 0.91431357
 0.91621738
  0.9168891
 0.91986434
 0.91381532
 0.91406433
 0.91714215
 0.92269468
 0.92048483
 0.92698859
 0.92501985
 0.91688001
 0.91535556
 0.91586563
 0.91339531
 0.91790714
 0.92157535
  0.9243795
 0.92869287
  0.9231614
 0.92359269
 0.92606924
 0.92902157
 0.93043351
 0.92191273
 0.92253539
 0.92752229
 0.93313976
 0.92541948
 0.91599993
 0.91602135
 0.91740324
 0.91472628
 0.91421974
 0.92224489
 0.92386669
 0.92530421
 0.92592898
 0.92746421
 0.93214429
 0.92833071
 0.93195097
 0.92825315
 0.92611734
 0.92254176
 0.92202641
 0.92442564
 0.92829277
  0.9228648
 0.91922058
 0.92178319
 0.92191566
  0.9239411
  0.9147325
 0.92084684
 0.91929798
 0.91822867
 0.90890279
 0.90419939
 0.91317447
 0.90814951
 0.91780159
  0.9215025
 0.92207314
 0.92007387
 0.91897781
 0.91379993
 0.92509732
 0.91720555
 0.91545708
 0.90673043
 0.90689166
 0.90659611
 0.91211657
 0.91388745
  0.9175817
 0.91572599
 0.91041079
 0.90380674
 0.90075507
 0.90684702
 0.91333085
  0.9047702
 0.90962963
 0.90744281
 0.90875034
 0.91065661
 0.90948494
 0.90557329
 0.90242346
 0.90274931
 0.90301677
 0.90111164
 0.90671485
  0.9044419
 0.90589419
 0.90816481
 0.90361661
 0.90246082
 0.89766494
 0.89474627
 0.89245772
 0.89576927
 0.89414083
 0.89607693
 0.90088537
 0.90386776
 0.89380789
 0.88865566
 0.89036741
 0.89643509
 0.89926486
 0.89786997
 0.89773759
 0.90027092
 0.89847203
 0.89614819
 0.90331567
 0.90414257
 0.90626196
 0.90744405
 0.90837767
  0.9080388
 0.90860266
 0.91323912
  0.9109777
 0.90567917
 0.90457131
 0.90718595
 0.90269777
 0.89657765
 0.89765947
 0.90153913
 0.90099387
 0.90195514
 0.90119046
 0.89625341
 0.88651828
 0.88650446
 0.88610149
 0.88146819
 0.88900525
 0.89122075
 0.89421025
 0.89245869
 0.88817552
 0.88895549
 0.88620178
 0.87803172
 0.88000039
 0.88035127
  0.8850231
 0.88627871
 0.88658548
 0.88725951
 0.88327053
  0.8871468
 0.89488027
 0.89255186
  0.8848669
  0.8757218
 0.87439654
 0.87710169
 0.88010955
 0.89061767
 0.88944337
 0.88881392
 0.88586099
 0.88766674
 0.88223545
 0.88872067
  0.8877423
 0.88288906
 0.87053498
 0.86544053
  0.8709386
 0.87735916
 0.88939878
 0.88506615
 0.88115509
 0.88109478
 0.87934488
 0.87753578
 0.87594814
 0.88462733
  0.8778028
  0.8774795
 0.87519631
 0.87850677
 0.88847736
 0.88145056
 0.87985804
 0.88892819
 0.88031697
  0.8867029
 0.88791735
 0.89068602
 0.89327707
  0.8993888
 0.89682726
 0.89603965
 0.89255943
 0.89337153
 0.89113037
 0.89396426
 0.89228975
 0.89197259
 0.88970208
  0.8861749
 0.88724083
 0.89180081
  0.8945378
 0.89943316
  0.8973536
 0.90117682
 0.90239676
 0.89422297
 0.89838202
  0.9007333
 0.90503759
 0.89933953
 0.90550991
 0.90748522
 0.89700832
 0.90030733
 0.90118049
 0.90445361
 0.90324404
 0.90489239
 0.90538995
 0.91096333
 0.90732593
 0.90632535
 0.90434998
 0.89294064
 0.89870413
 0.89929224
  0.9009563
 0.90033775
 0.89300522
 0.89820095
 0.90492571
 0.90629588
 0.91007781
 0.90876963
 0.90268846
 0.90864326
  0.9097162
 0.91075011
  0.9100821
 0.91261095
 0.91759602
 0.91158516
 0.91979851
  0.9184345
 0.91982607
 0.91784012
  0.9087279
 0.91406188
 0.91443592
 0.91255509
 0.92316343
 0.92637803
 0.93205421
 0.92872484
 0.92924466
 0.92770707
 0.93033535
 0.93221761
 0.92935107
 0.93013374
 0.92861569
 0.93104995
 0.93246983
 0.93199521
 0.92789522
 0.92251291
 0.91279399
 0.91072637
 0.91093208
 0.91365864
  0.9111238
 0.91428858
 0.91594932
 0.90888388
 0.90298651
 0.90761423
 0.91275246
 0.90972594
 0.90889861
 0.90294731
 0.89637379
 0.89531186
 0.89063215
 0.89657712
 0.89429705
 0.89507826
 0.89951446
 0.89966545
 0.90807221
 0.90302364
  0.9071281
 0.90250511
 0.90842453
 0.91104411
 0.91002986
 0.91576724
 0.91583944
  0.9142369
 0.91684536
  0.9163523
 0.91486792
 0.91575915
 0.91092179
 0.90954434
 0.90684901
 0.91149433
 0.90937002
 0.90740465
 0.91162184
 0.91349547
 0.91183212
 0.90514387
 0.90457751
 0.90640811
 0.90300186
 0.89664272
 0.88882299
 0.89407855
 0.90157915
 0.90549626
 0.90099417
 0.91373638
 0.90719952
 0.91175851
  0.9070702
 0.91053395
 0.90522063
 0.90894775
 0.90673872
 0.90297714
  0.9063895
 0.90172589
 0.90348957
 0.90070628
 0.90496807
 0.90470517
 0.90163938
 0.90058917
 0.89147959
 0.89405431
 0.89964418
 0.89890996
 0.89767247
 0.90043701
 0.90066124
  0.9006814
 0.90524127
 0.90107041
 0.90050926
 0.90546688
 0.90767909
 0.90207325
 0.89922599
  0.9023839
 0.90487317
 0.89532833
 0.90226492
 0.89526998
 0.88857924
 0.88814776
 0.89179354
 0.88778139
  0.8823063
  0.8819783
 0.88005083
 0.87813139
 0.87158592
 0.86524562
 0.86604702
 0.86345031
 0.86485149
 0.86912135
 0.86643018
 0.87111402
 0.87887073
 0.86606797
 0.87046652
 0.86430396
 0.86672811
 0.86419851
 0.86209664
 0.85950704
  0.8559752
 0.85666617
 0.86139185
 0.86577228
 0.85896515
  0.8728815
 0.87292927
 0.86648322
 0.86920249
 0.87716376
 0.86875691
 0.87135646
 0.87216864
 0.87812099
 0.87595922
 0.87662194
 0.87688862
 0.87297562
 0.87223428
  0.8625981
  0.8584771
 0.85762399
 0.85722494
  0.8540582
 0.85026549
 0.85477708
 0.84492982
  0.8498138
 0.85699035
 0.84574329
 0.83862706
 0.83175341
 0.84614536
 0.84801219
 0.85642084
 0.85603813
 0.86642226
 0.86074897
 0.86206556
 0.85308376
 0.85434885
 0.85299559
 0.86459871
 0.86760779
 0.86549922
 0.86067669
 0.85995549
  0.8520316
 0.85257443
 0.85143295
 0.84455621
  0.8457117
 0.85040915
 0.85137586
 0.85001942
 0.85160502
 0.85253971
 0.85546478
 0.85076826
 0.84739526
 0.85038949
 0.85599787
 0.85212923
 0.85109783
 0.84837981
 0.85407868
 0.85773143
 0.86716368
 0.86235118
 0.87427431
 0.88253779
 0.88432633
 0.88535399
 0.88253442
 0.87895958
 0.88688493
 0.88417283
 0.88329284
 0.88350763
 0.88063914
 0.88278051
 0.87875722
 0.87851005
 0.88183984
 0.88361903
 0.87510173
 0.88373535
 0.88578967
 0.88286642
 0.88338407
 0.87395995
 0.88359148
 0.88898923
 0.89381281
 0.89236874
 0.89126211
 0.89383694
 0.89092028
 0.88932727
 0.88754336
  0.8907786
 0.89415635
 0.89783157
 0.89623206
 0.89277465
 0.89274408
 0.88985805
 0.88973205
 0.88948592
  0.8884026
  0.8874785
 0.88767334
 0.88949222
  0.8928851
 0.89257202
 0.88409424
 0.87957271
 0.87497925
 0.87244806
 0.87156764
 0.87071517
 0.87997598
 0.88074355
 0.88659749
  0.8948925
 0.89769605
 0.89425113
 0.90095068
 0.90097677
 0.90727249
 0.90389564
 0.90430211
 0.90307905
 0.90397269
   0.906172
 0.90736299
 0.90651218
 0.90435987
  0.9002354
 0.89813207
 0.88881837
 0.88385708
 0.88597079
 0.89263419
 0.88808232
 0.89346123
 0.89552425
  0.8957309
 0.89708382
 0.90024449
 0.90410206
 0.90192459
 0.90083823
 0.90432532
  0.9124424
 0.90032391
 0.90339688
 0.90239058
 0.90317409
 0.90420831
 0.90608502
 0.89960941
 0.89972085
 0.89930126
 0.90466206
 0.89759867
 0.89467527
 0.89423871
 0.89239279
 0.87982331
 0.89082514
 0.88827825
  0.8763684
 0.87460134
 0.86708037
 0.86377096
   0.866833
 0.87228353
 0.87044531
 0.87028317
 0.86749051
 0.87692812
 0.88327077
 0.88491916
 0.88396009
 0.88685569
 0.88565989
 0.88624931
 0.88484184
 0.88496673
 0.88344837
 0.87427142
 0.87860785
 0.87276743
 0.86959199
 0.87099751
 0.87416979
 0.87780159
 0.87416497
 0.87132481
 0.86589826
 0.87353369
 0.86755591
 0.86902324
 0.87148325
  0.8775633
 0.87155779
  0.8688646
 0.86007875
  0.8615535
 0.86464219
 0.87179829
 0.87065913
 0.86684883
 0.87339494
 0.87907481
 0.88203084
   0.880492
 0.87942482
 0.87695755
 0.86844471
 0.87445063
 0.87695554
 0.87767787
 0.87725959
 0.88229181
 0.87915932
 0.87650142
 0.87884875
 0.87529327
 0.87932767
  0.8841522
  0.8783769
 0.88282113
 0.87839547
 0.87606518
 0.88125117
 0.88098273
 0.88146918
 0.87843864
 0.88843723
 0.88626203
 0.88265977
 0.88862038
 0.88670185
 0.88225025
 0.87046104
 0.86581224
 0.86894443
 0.86778375
 0.85761725
 0.86374277
 0.87755738
 0.88136017
 0.87587767
 0.87051679
 0.87133331
 0.87957358
 0.89753865
 0.89223285
 0.88479438
 0.87634124
  0.8700325
 0.87255644
   0.867429
 0.85901855
 0.85722297
 0.86271133
 0.86167632
  0.8720123
 0.86847453
 0.86325513
 0.85964069
 0.86242525
 0.85586822
 0.85453631
 0.85461468
 0.85791909
 0.86515858
  0.8669884
 0.87056125
 0.87574013
 0.87116574
 0.87021409
  0.8742333
 0.87313374
 0.88135322
 0.87615214
 0.87616433
 0.87115263
   0.871126
 0.86937378
 0.87354129
 0.87623652
 0.87927229
 0.88043269
 0.88526779
  0.8811083
 0.88265818
 0.88480402
 0.88424581
 0.88345999
 0.88496518
 0.88583061
 0.88373141
 0.88811997
 0.87847762
 0.88312556
 0.88204542
 0.87978161
 0.88418325
 0.87837171
 0.86832292
 0.86640555
 0.86629641
 0.86313469
 0.86017894
 0.86581711
 0.85548554
 0.85723243
 0.85727741
  0.8552574
 0.85450287
 0.87544434
 0.88457879
 0.88297864
   0.880333
 0.88367189
 0.88632152
 0.89099082
 0.88792635
 0.88851238
 0.88087132
 0.88301614
 0.89066891
 0.89111358
 0.89066516
 0.88719364
 0.88575038
 0.89296577
 0.89614012
 0.90137969
 0.88825739
 0.89212371
 0.89586935
 0.89340253
 0.89219546
 0.88945307
 0.89103435
 0.88762567
 0.87975835
 0.88752252
 0.88665754
 0.88724844
 0.88918085
 0.89096461
 0.88873199
 0.88783431
 0.88829527
 0.88691466
 0.88217537
 0.88428341
 0.88314441
 0.88805122
 0.88507256
  0.8851437
 0.88126924
 0.88233157
 0.88316878
 0.88040021
 0.88698469
  0.8781657
 0.87694521
 0.87427622
 0.87242125
 0.87172908
 0.87915868
 0.87985057
 0.87478279
 0.87619175
 0.86932791
 0.86846852
 0.87751581
 0.88042126
 0.87117738
 0.87590725
 0.87384293
 0.87492113
 0.86121074
 0.86318944
 0.86059185
 0.85789897
 0.85421908
 0.86295198
 0.87686507
 0.87704635
 0.87438054
  0.8642667
  0.8737493
 0.87385336
 0.87600213
 0.87783521
 0.86702475
 0.87142883
 0.88297415
 0.87901232
 0.87752553
 0.88132252
 0.87206615
 0.87050161
 0.87256381
 0.86891873
 0.86617015
 0.86952404
 0.86631406
  0.8629473
 0.85285026
 0.85457133
 0.85395949
  0.8540035
  0.8542883
  0.8585205
 0.85032816
 0.85465115
 0.85490925
 0.85657001
 0.85901598
 0.85566526
 0.85414051
  0.8532623
 0.84942333
 0.85020722
 0.84755138
 0.85702077
 0.85846458
 0.85586744
 0.85908454
 0.86077612
  0.8545354
  0.8562154
 0.85531327
 0.85078424
 0.85074351
 0.84947059
 0.84726116
 0.84816684
 0.84904096
 0.85404682
 0.85425039
 0.85381647
 0.85284216
  0.8502558
 0.85072415
 0.84043668
 0.84152163
 0.84208649
 0.83718975
  0.8354281
 0.83303684
 0.83465642
 0.82422718
 0.82277953
 0.82553124
 0.83576733
 0.82928402
 0.82702467
 0.82531835
  0.8275295
 0.83037461
 0.83412586
 0.82966697
  0.8418683
 0.83066995
  0.8451822
 0.84362988
 0.84376046
 0.84203509
 0.84863385
 0.85142121
  0.8458277
 0.84650163
 0.83625971
 0.84559704
  0.8461872
 0.83946608
 0.84040594
 0.82990676
 0.83430651
 0.83607251
 0.83404845
  0.8499933
 0.85231338
 0.83827618
 0.83698483
 0.84160427
 0.83741602
 0.83657402
 0.84329088
 0.84544569
  0.8480515
 0.84229752
 0.84659709
 0.84853085
 0.84605152
 0.85985211
 0.86021839
  0.8582004
  0.8591248
 0.86218544
 0.86483904
 0.86699435
 0.86086559
 0.85951327
 0.86598163
 0.86721091
 0.86419628
 0.86975678
 0.87161387
 0.87070954
 0.87503986
 0.87385645
 0.86915614
 0.87050282
 0.87388915
 0.86378821
 0.87282316
 0.87464681
 0.87221363
 0.86816739
 0.87487214
 0.87341466
 0.87018854
 0.87987101
 0.87820453
 0.87767526
 0.87413026
 0.87328192
 0.87544824
 0.87570321
 0.88637014
 0.88249794
 0.87249391
 0.87495877
 0.86956991
 0.87186108
  0.8774427
 0.88466638
 0.88333211
 0.88816184
 0.89135793
 0.89007454
 0.89093511
 0.89149519
 0.88714186
 0.88936858
 0.89667941
 0.89325654
 0.88848433
  0.8933805
 0.89767571
 0.89870169
 0.89301243
 0.89784545
 0.90107735
 0.90050379
 0.89716808
 0.89085377
 0.90170299
 0.90126293
 0.89414606
 0.89733477
 0.90229287
  0.8933418
 0.89758425
 0.89426119
 0.89627956
 0.89642956
 0.89853719
 0.89316622
 0.90171992
 0.89896126
  0.8925874
 0.89062007
 0.88086222
 0.88044185
 0.88187167
 0.88180902
 0.88010802
 0.88214963
 0.87857386
 0.87237872
 0.86670093
 0.87519148
  0.8770308
 0.87385229
 0.87273265
 0.87375293
 0.87849827
  0.8800864
 0.87643696
 0.87904034
 0.88124301
 0.88237875
 0.87583973
 0.88114817
  0.8847919
 0.89245932
 0.89001066
  0.8855313
 0.88608813
 0.88375728
 0.88781246
 0.88856132
 0.88651037
 0.88702421
 0.88539654
  0.8847688
 0.88215815
 0.88110862
   0.885706
   0.880455
 0.88022588
 0.87312449
 0.87412955
 0.87317959
 0.87755382
 0.87666346
 0.87182667
 0.87169368
 0.87763555
 0.87736477
 0.87414463
 0.87493572
 0.87650042
 0.87752089
   0.881339
 0.88118698
  0.8852452
 0.88467882
 0.88951182
 0.88762571
 0.88876121
 0.88732789
  0.8865709
 0.88755178
 0.88654265
 0.88385695
 0.88507072
 0.88222028
 0.88498311
 0.88116072
 0.88344107
 0.87995911
 0.87259956
 0.87049358
 0.87670802
 0.87225724
  0.8643791
 0.86780667
 0.86966559
 0.87171937
 0.87745027
  0.8817185
 0.87283516
  0.8746596
 0.88348033
 0.88260724
 0.88694464
 0.88886336
 0.88686427
 0.88400586
 0.88072644
  0.8795372
 0.87453891
 0.88292849
 0.88075627
  0.8784847
 0.87579889
 0.87514259
 0.87782027
 0.87388403
 0.87022101
  0.8749469
 0.87219797
 0.86194829
 0.86375072
 0.86136705
 0.85804856
 0.86034986
 0.86920952
  0.8703634
 0.87382517
 0.86824406
 0.86671652
 0.86129316
 0.86239244
 0.87136263
 0.87087939
 0.87494699
 0.87601717
 0.88013009
 0.87599149
 0.87770457
 0.87533856
 0.87761726
 0.87403435
 0.86959783
 0.86923585
 0.87302845
 0.86913888
 0.86883845
 0.87707897
  0.8802378
 0.87278025
 0.87755009
 0.87519518
 0.87874139
 0.87461325
 0.87199524
 0.87349269
   0.877202
 0.88263648
 0.88027117
 0.88516714
 0.88355961
 0.88116374
 0.88225509
 0.88647991
 0.87518572
 0.88332574
 0.88496114
 0.88814892
 0.88634488
 0.89102372
 0.89127143
 0.89121377
 0.89340188
 0.89491684
 0.89278996
 0.89543601
 0.89450218
 0.89322477
 0.89181497
 0.89020105
 0.89508092
  0.8981966
 0.90223887
 0.90201715
 0.90089029
 0.90207422
 0.90510628
 0.90676598
 0.90457865
 0.90110261
 0.90211928
 0.90059466
 0.90052085
 0.89850355
 0.89510672
 0.89268883
  0.8964552
 0.89552173
 0.89565697
 0.89245857
 0.88880516
 0.89299347
 0.89149102
 0.89849288
 0.89941493
 0.89592473
 0.89380552
 0.89842373
 0.89379716
 0.90008294
 0.89951629
 0.89765935
 0.88956315
 0.89627586
 0.89827946
 0.89336637
 0.89094084
 0.89167527
 0.88756208
 0.89066304
 0.89050607
 0.88851748
 0.88856911
 0.88704303
 0.88736267
 0.89656499
 0.89678449
 0.89943337
 0.90545631
 0.90900082
 0.90799483
 0.90730343
 0.90672283
 0.90947908
 0.91176972
 0.91574545
 0.91865668
 0.90957304
 0.90813837
 0.90625046
   0.906101
 0.89989271
 0.90305784
 0.90664501
 0.91332838
 0.90775032
 0.90547486
 0.90541711
 0.90473673
 0.89887469
 0.89794158
 0.89603665
 0.90011168
 0.89717544
 0.89962717
 0.89834869
 0.89366379
 0.89311306
 0.88778499
 0.89107522
 0.89816683
 0.89817468
 0.89974467
  0.8982497
 0.90237315
  0.9072544
 0.90604383
 0.90358177
 0.90256898
 0.88947107
 0.89423728
 0.88968961
 0.89426571
 0.89404187
  0.8978582
 0.89512706
  0.8959193
 0.89260329
 0.89447937
 0.89345357
 0.88911909
 0.87850522
 0.87659702
 0.86177862
 0.86680671
 0.87582895
 0.87341878
 0.87016919
 0.87707761
 0.86645888
  0.8687045
 0.87442895
 0.86884271
  0.8699471
 0.86718961
 0.87050374
 0.86755722
 0.86694344
 0.87164436
 0.87636079
 0.86836043
 0.86028266
 0.86276931
 0.86070164
 0.86651414
 0.86637119
 0.86867522
 0.87134454
 0.87297799
 0.87229977
 0.86786249
 0.87155007
 0.86750219
 0.87381897
 0.87549862
 0.87935113
 0.86637701
 0.86403531
 0.87143683
 0.88058166
 0.86857797
 0.87776696
 0.88442928
 0.87913745
 0.87805266
 0.88237214
 0.88186105
 0.89032727
 0.90122274
 0.90181393
 0.89721598
 0.90253342
 0.90762282
  0.9068755
 0.90247538
 0.90742902
 0.91295431
 0.91800298
 0.91379382
  0.9120645
 0.90591753
 0.90634051
 0.89761976
 0.89948921
 0.89795011
 0.89708765
 0.89820209
 0.90220762
 0.90518325
 0.90789538
 0.91068248
 0.90866428
 0.90548772
 0.90465563
 0.90425273
 0.90302766
 0.89896694
 0.89389156
 0.89504981
 0.89721729
 0.90319289
 0.90170697
 0.90958771
 0.91332366
  0.9126686
 0.91430211
 0.91305289
 0.91274773
 0.90340607
 0.90209489
 0.90301031
 0.90661194
 0.91256833
 0.90558046
 0.91285687
 0.91012488
 0.91309316
 0.91836799
 0.91995823
 0.91934754
 0.92169482
 0.92034421
 0.91660117
 0.91354801
 0.91481224
 0.91637997
 0.91326297
 0.91397259
 0.91426536
 0.90885828
 0.91234817
 0.90754215
  0.9075919
 0.90828815
 0.90563738
 0.90197765
 0.90730781
 0.91052018
 0.90529505
 0.90667752
 0.90696664
  0.9075762
 0.90857952
 0.91434725
 0.91344393
 0.91293301
  0.9187718
 0.92061858
 0.92229095
 0.92432422
 0.92294792
   0.929976
 0.92616085
 0.92282361
 0.92202413
 0.92206407
 0.91353921
 0.91378306
 0.91649246
 0.91995168
 0.91905479
 0.91088821
 0.91271677
  0.9094065
  0.9121723
 0.91640299
  0.9157894
 0.91167137
 0.91390912
 0.91261497
 0.91269115
 0.90310916
 0.90855729
 0.91411169
 0.91677743
 0.91352157
 0.92028092
 0.92752525
 0.92741302
 0.92744947
 0.93038303
 0.92415994
 0.92051477
 0.92051648
 0.92435993
 0.92098232
 0.92918406
 0.93852742
  0.9383515
 0.93691876
 0.93390845
 0.93213602
 0.93400463
  0.9281799
 0.93326377
 0.93038535
 0.92751999
 0.92788421
  0.9268024
  0.9279606
 0.92692619
 0.92622589
 0.92505947
 0.91987428
 0.91012387
  0.9119455
  0.9147479
 0.90503621
 0.90415386
 0.90536615
 0.90181489
 0.89943668
 0.90233198
 0.91093881
 0.91144592
 0.91637016
 0.91752656
 0.91615808
 0.91391168
 0.91337731
 0.91140397
 0.91369576
 0.90678864
 0.89940706
 0.89451552
 0.88316427
 0.88443413
 0.88311775
  0.8851693
  0.8888132
 0.88543923
 0.87796762
 0.88470549
  0.8858401
 0.87771797
 0.87623203
 0.86891574
 0.86238569
 0.86282488
 0.86426914
 0.86118151
 0.86311584
 0.85900318
 0.85254874
 0.84956939
 0.85438912
 0.85940977
 0.85313301
 0.85653285
 0.86803777
 0.85867939
 0.86521385
 0.87524153
 0.88240056
 0.88212321
 0.88553195
 0.89039381
 0.88684886
 0.88303096
 0.88376033
 0.87866445
 0.87544611
  0.8709963
 0.86788578
 0.86699613
  0.8639043
 0.86725975
 0.86548277
  0.8629496
 0.86830625
  0.8710008
 0.86498906
 0.86004619
 0.85676589
 0.86049725
 0.85789954
 0.85985779
 0.86651422
 0.87553987
 0.88080923
 0.88652338
 0.88482353
 0.88733305
 0.87809342
 0.87173544
 0.86701149
 0.86457466
 0.86716533
 0.85952419
  0.8556758
 0.86370142
 0.87031872
 0.87303683
 0.87233549
 0.87099156
 0.87757924
 0.87759356
   0.876924
 0.87460804
 0.88246145
 0.87515054
 0.87252874
 0.87198276
 0.87358396
 0.87516127
 0.87537916
 0.88182046
 0.88713488
 0.89286402
  0.8971052
 0.90699393
  0.9118566
 0.90751934
 0.90982543
 0.91072382
 0.90664119
 0.90969053
 0.90496043
 0.91389736
 0.91357545
 0.91558884
  0.9150924
 0.91529144
 0.91674606
 0.92240208
 0.92470166
 0.92616742
 0.91894308
 0.91373634
 0.91405101
 0.91350616
 0.90785401
 0.90242438
 0.90476675
 0.91375208
 0.91282613
 0.91376326
 0.91057246
 0.91565027
  0.9181705
 0.91910716
 0.91755078
 0.91779526
 0.91177976
 0.90692559
  0.9081095
 0.91072898
 0.90851731
 0.90704048
 0.89907459
 0.90585596
 0.90434297
  0.8981419
 0.89666058
 0.90240336
 0.90704269
 0.90786334
 0.91133821
 0.89952958
 0.89117526
 0.88171038
 0.86309493
  0.8758602
 0.88022904
 0.88133224
 0.88244646
 0.88189775
 0.87827655
 0.88348177
 0.88143181
 0.89042106
 0.89644539
 0.89796817
 0.90075304
 0.89949901
 0.89771428
 0.89522249
 0.89344077
 0.89300921
 0.90098257
 0.89544381
   0.891168
 0.89493856
 0.90397798
 0.89389169
 0.88557077
 0.89711776
 0.89349731
 0.89964011
 0.90575147
 0.90605526
 0.90509721
 0.90739725
 0.91054208
 0.91061307
 0.91427945
 0.91177962
 0.91632304
 0.90651899
 0.90822045
 0.90497693
 0.89929641
 0.91523416
 0.92414575
 0.92059869
 0.92116815
 0.91804406
 0.92135244
 0.92169821
  0.9156006
 0.91094363
 0.91428441
 0.91493903
 0.91178309
 0.91565379
  0.9169596
 0.91086692
 0.90045929
 0.89963493
 0.90555447
 0.90633487
 0.90528984
  0.9017598
 0.90065647
 0.90588151
 0.90968171
 0.90368477
 0.90686965
 0.91214335
 0.91567819
 0.91477028
 0.91367461
 0.90847927
 0.91062372
 0.90842656
 0.90873406
 0.90774759
 0.91956866
  0.9202184
 0.91992924
 0.91735184
 0.91419806
 0.91277189
 0.91309163
 0.91430631
   0.915378
 0.91239015
 0.91004001
  0.9097734
 0.91128548
 0.91064354
  0.9111179
 0.91292437
 0.90952473
 0.91215137
 0.91106716
 0.91058393
  0.9158887
 0.91328559
  0.9126274
 0.91398106
 0.90571677
 0.90732943
 0.90398048
  0.9097722
 0.91440681
 0.91456447
 0.91443505
 0.91581034
 0.92434219
 0.92468545
 0.92742204
 0.92458275
  0.9237835
 0.91798248
 0.91821043
 0.92021512
 0.91715491
 0.91849316
 0.92318156
 0.91731256
 0.92203665
 0.92014076
 0.91353942
 0.91729159
 0.91612678
 0.91865456
 0.91718859
 0.92105519
  0.9137076
 0.91694411
 0.91072223
   0.909128
 0.91344608
 0.91376268
 0.91451127
  0.9190998
 0.92210039
 0.92721341
  0.9232666
 0.92500292
 0.92302309
 0.91719987
 0.90014223
 0.89615063
 0.89629856
 0.89905772
 0.89430869
 0.88985135
 0.88721223
 0.88052715
 0.89092057
  0.8734137
 0.86349614
 0.85429943
 0.87438858
 0.88795339
 0.88478544
 0.88938867
 0.87714173
 0.88090238
 0.88051669
 0.87076784
 0.88008565
 0.88087579
 0.88074651
 0.88406011
  0.8878197
 0.88993223
 0.89301319
 0.90192291
 0.90576441
 0.91036533
 0.91167758
 0.90006998
 0.89929315
 0.91082597
 0.91490668
 0.91642672
 0.91940187
 0.92237101
 0.91328733
 0.91092657
 0.91426895
 0.91273988
 0.91417366
 0.90694804
 0.91191611
 0.91004649
 0.90765996
 0.91400022
 0.91189952
  0.9156967
 0.91109426
 0.91968584
 0.91886761
 0.92259584
 0.92097598
 0.91435931
 0.91989055
 0.91896826
 0.92150237
 0.92464151
 0.92606338
  0.9258048
  0.9257918
 0.92132717
 0.92161737
 0.92320608
 0.92404312
 0.91926993
 0.90638729
 0.90724682
 0.90796347
 0.90262333
 0.89964013
  0.9031882
 0.90867792
 0.90931099
 0.90715172
 0.90417147
 0.89786885
 0.89846177
 0.89442957
  0.8912771
 0.89118536
 0.89202228
 0.89422411
 0.89061673
 0.88235179
 0.88683829
 0.88287968
 0.88119155
 0.87323264
 0.87036297
  0.8696123
 0.86100282
 0.86250822
 0.85461606
 0.84538383
 0.84983715
 0.84689295
 0.84084871
 0.85244992
 0.85095427
 0.84760674
 0.85003951
 0.84903935
 0.85350341
 0.85088549
   0.847212
 0.83923594
 0.83771677
 0.85057829
 0.84647738
 0.84075223
 0.82989794
 0.81714572
 0.82122827
 0.82431669
 0.82138819
 0.82542835
 0.82195047
 0.81483916
 0.80993279
 0.81068694
  0.8188012
 0.82691313
 0.82892489
 0.83779493
 0.84185598
 0.84330721
 0.84221888
 0.84883526
 0.85249331
 0.85488653
 0.84894233
 0.85179755
 0.85702212
 0.85849464
 0.85549041
 0.85360371
 0.85275559
 0.85903308
 0.86443545
  0.8620535
 0.85494633
 0.86563948
 0.87571294
   0.871445
 0.86863411
 0.86174938
 0.86214912
 0.86578981
 0.86549676
 0.86879414
 0.86479158
 0.85088302
 0.85542296
 0.84511277
 0.84470532
 0.84065362
 0.83467729
 0.83147024
 0.83630407
 0.84735928
 0.84778869
 0.84381785
 0.83881991
 0.84442504
 0.83942288
 0.82209737
 0.82273372
 0.81956363
 0.81726122
 0.82660952
 0.82596149
 0.82748132
 0.83401342
 0.83518353
 0.83207403
 0.83244995
 0.83425546
 0.83831855
 0.84115879
 0.83587304
  0.8436734
 0.84806603
 0.84883467
 0.85084949
 0.85898963
 0.86189484
 0.85692587
 0.85237626
 0.85763157
 0.85697204
 0.85583153
 0.85806086
 0.85406759
 0.85592809
 0.85595224
 0.85585932
 0.84782874
 0.83946992
 0.83398477
 0.83292478
  0.8392561
 0.83681701
 0.83666119
 0.83256246
 0.84044615
 0.85093336
 0.84818321
  0.8504565
 0.85385258
 0.86033517
 0.86513794
 0.87544096
 0.86547682
 0.86202625
 0.86515546
 0.86556108
 0.86696856
 0.85968803
 0.85458798
  0.8585326
 0.85537537
 0.85406148
 0.84743913
 0.85653698
 0.86256084
  0.8645544
 0.86597453
 0.86777134
 0.86644724
 0.87204751
 0.87014132
 0.87303636
 0.87665748
 0.88087416
 0.88382553
 0.87981632
 0.88190426
 0.88467297
 0.88654914
 0.88534546
 0.88679102
 0.87300453
 0.86906458
 0.87204233
 0.87000561
 0.86283336
 0.85806299
 0.86013516
 0.86122507
 0.85920645
 0.86043088
  0.8595744
 0.86012608
 0.86858076
 0.87188356
  0.8683396
  0.8639227
  0.8672286
 0.86208709
 0.87085908
 0.86646152
 0.86856373
 0.87139624
 0.86786931
 0.86965661
 0.86935833
 0.86970658
 0.86613733
 0.86720371
 0.86209834
 0.86301698
 0.87369941
 0.86707581
 0.86831284
 0.86995977
  0.8746327
 0.88488276
 0.88210708
 0.88650601
  0.8862644
 0.88692997
 0.88650482
 0.88574533
 0.87853442
 0.87982185
 0.88625636
 0.89392665
 0.88817366
 0.88851199
 0.89286385
 0.89658339
   0.895391
 0.89512559
 0.89325382
 0.89055874
 0.89241079
 0.89177713
 0.89410085
 0.89810571
 0.90376589
 0.90612023
 0.90980363
 0.91097237
 0.90470058
 0.90651159
 0.90777051
 0.90506949
   0.904525
 0.89958169
 0.89382442
 0.89449436
 0.89548026
 0.89233248
 0.89875856
 0.90026741
 0.89971517
 0.90259722
 0.90387177
 0.90639608
 0.90496091
 0.90763335
 0.90208642
 0.90339434
 0.90477822
 0.90651223
 0.90660973
 0.90497901
 0.90308997
 0.90068492
 0.90134609
 0.90395828
 0.90307926
 0.90355169
 0.90204038
 0.90291928
 0.90264644
 0.90475864
 0.91236226
 0.91490669
 0.91159519
 0.91127603
 0.91043278
 0.90672937
 0.90949843
 0.90746869
 0.90989552
 0.91715878
  0.9199383
 0.91787173
  0.9131082
 0.91681841
 0.91865601
 0.91454782
 0.92020259
 0.91921647
 0.91902239
 0.91502166
 0.91930761
 0.91780303
 0.91296738
 0.91675701
 0.91776797
 0.91235771
 0.91502162
 0.90428411
 0.91065246
  0.9148118
   0.914632
 0.90998589
 0.90614771
 0.91348745
 0.91190259
 0.91771956
 0.91269017
 0.91683704
 0.91466196
 0.90919931
  0.9114576
 0.91493814
 0.91454949
 0.91669425
 0.91210509
 0.91941742
 0.92090109
  0.9184404
 0.91507326
 0.91672833
 0.91146199
 0.91769909
 0.91827152
 0.92266702
 0.92618725
 0.92608705
 0.92272179
 0.91784716
  0.9178979
 0.89937294
 0.90292605
 0.90373431
  0.9041114
 0.90028042
 0.90028237
 0.90423033
  0.9087081
 0.90831375
  0.9121363
 0.90962866
 0.90618344
  0.9101955
   0.910994
 0.90648903
 0.90326506
 0.90239124
 0.89993755
 0.89831641
 0.90081425
 0.89462384
  0.8862544
 0.87721038
 0.88507048
 0.89102116
 0.89331387
 0.89375651
 0.89426543
 0.88863877
 0.89073767
 0.89501045
 0.88992116
 0.88666698
 0.89811861
 0.89691364
 0.89263968
 0.89821208
 0.89596927
 0.89891057
 0.90249961
 0.90804012
 0.90829129
 0.89419683
 0.88726579
 0.89623866
 0.90047784
 0.90719442
 0.90560856
 0.90571984
 0.90973226
 0.90990262
 0.91260618
 0.91697256
 0.91766066
 0.91760801
 0.91499479
 0.91641195
 0.91287528
 0.91577312
 0.91363144
 0.91033987
 0.90774306
 0.91336489
  0.9136484
 0.90800579
 0.91043677
  0.9116394
 0.91703217
 0.91628241
  0.9193509
  0.9195952
 0.92183231
 0.91426401
 0.91252503
 0.91431666
 0.91384453
 0.91639281
 0.91607219
 0.91223464
 0.91063794
 0.90730523
 0.90742858
 0.90703832
 0.90545468
   0.908025
 0.91336936
 0.90915065
 0.90713142
 0.90498105
  0.9062811
 0.90693802
 0.91105871
 0.91253175
 0.90891623
 0.91281658
 0.91277625
 0.91474893
 0.91082673
 0.90555889
 0.89919168
 0.89068757
 0.88979812
 0.89186025
 0.89543063
 0.89397345
 0.88634507
 0.88520784
 0.87613149
 0.87273688
 0.87286358
 0.86665499
 0.85924606
 0.86481616
 0.87179997
 0.87602323
 0.87187946
 0.86946457
 0.87095186
 0.87104165
 0.87455331
 0.87245458
 0.87215346
 0.88812876
 0.89408201
 0.89445796
 0.89048234
 0.88915933
 0.89376947
 0.88820368
 0.88874458
  0.8855952
 0.87674559
  0.8806694
 0.88348951
 0.87905886
  0.8757618
 0.87438681
 0.88241006
 0.88147226
 0.88211032
 0.87542429
 0.86770055
 0.86648006
 0.87411354
  0.8708604
  0.8709719
 0.86652023
  0.8735306
 0.87492823
 0.87488808
 0.87455347
 0.87325086
 0.88413934
 0.87359061
 0.87624465
 0.87484412
   0.870491
 0.87567835
 0.87308927
 0.87482202
 0.87397947
  0.8742989
 0.88589277
 0.89560115
 0.89664326
 0.89551139
 0.89503936
 0.90080787
 0.90106326
 0.89031483
 0.88850977
 0.88416321
 0.88633716
 0.89072517
 0.89022309
 0.89004018
 0.87389906
  0.8729582
 0.86823893
 0.86604668
 0.87727245
 0.88608464
 0.88886212
 0.88634621
 0.89701593
 0.89999588
 0.89948826
 0.90251881
 0.90097808
  0.8963441
 0.90002375
 0.90588503
 0.90989687
  0.9180681
 0.91626445
 0.91578646
 0.92243816
 0.92555836
 0.93398888
 0.93846496
 0.93316627
 0.93202304
 0.93665892
 0.93791431
 0.93960082
 0.93669492
 0.94027474
 0.94563276
 0.94465155
 0.94432246
  0.9376946
 0.93239263
 0.92897652
 0.92311649
 0.91971074
 0.91730157
 0.92813674
 0.93529591
 0.93212664
 0.93192579
 0.93496933
 0.93044368
 0.92818607
 0.93026701
 0.93563599
 0.93217028
 0.93768768
 0.93063817
 0.92959963
 0.93153813
 0.92859025
 0.92623811
 0.93344673
 0.93113578
 0.93032093
 0.92863457
 0.93071731
 0.93325645
 0.93324046
 0.93028417
 0.92331403
 0.92655526
 0.92261021
 0.92593336
 0.92498296
 0.92780444
  0.9235334
 0.91925948
 0.93016555
 0.92706267
 0.91611717
 0.92189474
 0.92223497
 0.92076726
 0.91842373
  0.9113762
 0.90627735
 0.90402369
  0.8926727
 0.89027375
  0.8756605
 0.88361101
 0.89156627
 0.89675529
   0.905854
 0.90684797
 0.90676006
  0.9037412
 0.91084922
 0.91330943
 0.91471138
 0.92410403
 0.92074378
 0.91961429
 0.92051971
 0.91729768
 0.92120203
 0.92366039
 0.91637669
 0.91271438
 0.91676608
 0.91244407
 0.92165708
 0.92988878
 0.93313682
  0.9327998
 0.93424592
 0.93049199
 0.93498084
 0.93579294
 0.93497553
 0.93113445
 0.93646553
 0.93575303
  0.9341936
 0.93538537
 0.94027798
 0.93687347
 0.93318199
 0.93183705
  0.9315068
  0.9420305
 0.94151838
   0.938691
 0.93616367
 0.93825832
 0.94015535
 0.93948378
 0.93769883
 0.94294993
  0.9432354
 0.94101015
 0.93353309
 0.92969661
 0.92441555
 0.92937067
 0.92449713
 0.92777369
 0.93175874
 0.92738338
 0.92615204
 0.92518568
 0.92600471
 0.93434811
 0.93354474
 0.93404287
 0.93502717
 0.93511574
 0.93660875
 0.93583572
 0.93642289
 0.93436212
 0.92761925
 0.93184435
 0.93654035
  0.9278064
 0.93446749
 0.93513718
 0.93575654
 0.93206668
 0.93212515
 0.93405561
 0.93704494
 0.94507142
 0.94624228
 0.94631981
  0.9460294
 0.94770696
  0.9558656
 0.94927084
 0.93784585
 0.94414978
 0.94763585
 0.93932267
 0.94329026
 0.94192966
 0.94016896
 0.93611714
 0.92952507
  0.9281824
 0.92876752
 0.92512508
 0.92726121
 0.92769567
 0.92873049
 0.92136968
 0.92555138
 0.92578161
 0.92525096
 0.91825837
 0.90962141
 0.90330462
 0.89672224
 0.90451162
 0.92249709
 0.92392647
 0.92676234
 0.92941587
 0.92764475
 0.92894155
 0.92933281
 0.92911084
 0.93276437
 0.93428107
 0.93773882
 0.93315242
 0.93167519
 0.93485377
 0.92915945
 0.92897497
 0.92818232
 0.92285636
 0.92016598
 0.92705606
 0.92858389
 0.92595663
 0.92447742
 0.92546095
 0.92091801
 0.92458764
  0.9283182
 0.92880083
 0.92478537
 0.92261343
 0.92567193
  0.9200163
  0.9231989
 0.91926483
 0.91421262
 0.91686214
 0.91641114
 0.91707603
 0.92165001
 0.92075184
 0.92011842
 0.91624856
 0.91810167
 0.92177818
 0.91856198
 0.91682606
  0.9117876
 0.90935392
  0.9092267
  0.8991412
 0.89988723
 0.90217568
 0.90114676
 0.91227402
 0.91437292
  0.9123305
 0.91497691
 0.91730434
 0.91895872
 0.91803184
 0.91140543
 0.91534407
 0.92171852
 0.92038673
 0.90925493
  0.9121296
 0.91391307
 0.90589256
 0.90704753
 0.90345825
 0.89236678
 0.89069504
 0.89754233
 0.90079494
 0.90411498
 0.90911604
 0.91351555
 0.92088304
  0.9201336
 0.91923025
  0.9231816
 0.92316596
  0.9217911
  0.9233307
 0.91912717
 0.92192025
  0.9224612
  0.9159144
 0.91541277
 0.91307325
 0.91792804
 0.90909405
 0.92481052
  0.9289337
 0.92358192
 0.91725979
 0.92252382
  0.9189234
 0.91468858
 0.91803549
 0.92186821
 0.92314543
 0.92398626
 0.92364396
 0.92087189
 0.92250682
 0.92455209
 0.92847502
 0.92501367
 0.92282796
 0.92391606
 0.91989679
 0.91538715
 0.90340823
 0.89843886
 0.90312677
 0.90201222
  0.8955825
 0.89558264
 0.89583938
 0.88089697
 0.90075484
 0.89430379
 0.90510193
 0.90363472
 0.89985201
 0.91110905
 0.90765564
 0.91360397
  0.9044129
 0.91444489
 0.90716717
 0.90926736
 0.91261678
   0.905799
 0.91247234
 0.91561323
 0.92044433
 0.92167279
 0.92089308
 0.92727094
 0.91962356
 0.92051246
  0.9166487
 0.90395819
 0.90886862
 0.91190029
 0.92538401
  0.9257194
 0.91709123
 0.93313899
 0.93528583
 0.93144197
 0.92902628
 0.92468952
 0.92658019
 0.92761968
 0.92882815
 0.92666069
 0.92538836
 0.93376847
 0.93340149
 0.92492758
 0.92697997
 0.92296072
 0.92262745
 0.92201345
 0.92088758
  0.9188869
 0.91917092
 0.91657265
 0.91732641
 0.92518091
 0.93071634
 0.92702422
 0.92585353
  0.9299879
 0.92782632
 0.92435767
 0.92589343
 0.91795039
 0.91788849
  0.9219587
 0.92840433
  0.9300833
 0.92165464
 0.91721763
 0.92810193
 0.92143338
 0.92342347
  0.9282612
  0.9331971
  0.9426921
 0.93874006
  0.9353597
 0.93898964
 0.94064258
 0.94698244
 0.95275594
 0.95279256
 0.95686624
 0.95905155
 0.95892317
 0.95221188
 0.94913842
 0.94748473
 0.94345423
 0.93266728
 0.92958661
 0.92460226
 0.92194025
 0.92550396
 0.92972478
 0.92587694
 0.92934943
 0.93352417
 0.94557602
 0.95014676
 0.94812906
 0.94573231
 0.93176662
 0.91935664
 0.92857121
 0.92137222
 0.93119642
 0.93113006
 0.92464743
  0.9315055
 0.92644028
 0.92477199
 0.91610965
 0.92766543
 0.91875047
 0.93080016
  0.9300569
 0.93451092
  0.9338852
 0.92906127
 0.92529892
 0.92090805
 0.92318593
 0.92153156
 0.91962914
 0.92356424
 0.92209293
 0.92992269
 0.94031316
 0.93381956
 0.92922421
  0.9393422
 0.94404242
 0.94349464
 0.94156587
 0.93868777
 0.93284172
 0.93520748
 0.94129068
 0.93255119
 0.93560896
 0.93485534
 0.93655766
 0.93205056
 0.93795946
 0.93641421
 0.92972297
 0.93013679
 0.92103914
  0.9234623
 0.92800527
 0.92062593
 0.92387762
 0.91497218
 0.91700782
 0.91901711
 0.92124047
 0.92695482
 0.91868595
 0.92314136
 0.92821402
 0.92053616
 0.91132807
 0.91904299
 0.91083927
 0.91685587
 0.90679455
 0.90522432
 0.91254464
 0.90909369
 0.91612203
 0.92567947
 0.92597634
 0.93158091
 0.92865241
 0.92328052
 0.92837706
 0.92589784
 0.91420924
 0.91693826
 0.91896988
 0.91829803
 0.92353454
 0.93188584
 0.92882719
 0.93436559
 0.93385567
 0.93903548
  0.9354772
  0.9319875
 0.93418302
 0.93290435
 0.92171689
 0.92649792
 0.92920986
 0.93793898
  0.9494322
 0.94308982
 0.93851445
   0.928454
 0.93212181
 0.92715934
  0.9343539
 0.93704649
 0.93250632
 0.93498022
 0.93489493
  0.9391722
 0.94176854
 0.94243677
 0.93792161
  0.9374022
 0.93832984
 0.93879007
 0.94230522
 0.94487036
 0.93994096
 0.93529872
 0.93683399
 0.94123982
 0.94537169
 0.94903388
 0.94871256
 0.94620006
 0.94334977
 0.94817413
 0.94982998
 0.94548733
 0.94484929
 0.94344913
 0.94437008
 0.95102255
 0.95124928
 0.95025113
 0.95818766
 0.95470793
 0.95207599
  0.9480558
   0.959521
  0.9577159
 0.95468567
 0.95340366
 0.94890398
 0.94398697
 0.93176357
 0.92885142
 0.92225944
 0.91774436
 0.93328499
 0.93838852
 0.94354798
 0.94542935
 0.95088595
 0.94871628
 0.94761934
 0.94882679
 0.95286311
 0.95209372
 0.94962555
 0.95276486
 0.95342161
 0.95318199
 0.94668946
 0.94720147
 0.94779468
 0.94310244
 0.94379538
  0.9449682
 0.94297078
 0.93613898
 0.93823379
 0.94007682
 0.93706493
 0.94258241
 0.93684439
 0.93703212
 0.93004476
 0.92925037
 0.92815231
 0.92696668
 0.92886128
 0.92277879
  0.9138972
 0.91695449
 0.92174679
 0.92942535
  0.9290055
 0.92863975
 0.92335661
 0.92490787
  0.9240122
 0.92499421
 0.92449554
 0.92639186
 0.92066909
   0.920033
 0.92169633
  0.9242309
 0.92696168
 0.92848895
 0.92429272
 0.92914949
 0.93346962
 0.92580315
  0.9370229
 0.93119384
 0.92886334
 0.93421145
 0.92934024
 0.93487792
 0.94043896
 0.94134723
 0.94574669
 0.94023513
 0.94168177
 0.94505555
 0.94900361
 0.93839359
 0.93350149
  0.9331722
 0.93327686
  0.9299309
 0.92807467
 0.92052756
 0.91799105
 0.91564726
 0.91784589
  0.9141001
 0.91207147
 0.91957108
 0.92321053
 0.91964624
 0.92400578
  0.9294022
 0.92526234
 0.92382258
 0.92722734
  0.9240323
 0.92188746
 0.92092921
 0.91390373
 0.90614829
 0.90788892
 0.90968153
 0.90622752
 0.91137742
 0.89981703
 0.89873972
 0.89458888
 0.89888804
 0.91180448
 0.90508427
   0.909651
 0.91145498
 0.91337374
 0.90917031
 0.91211675
 0.91960149
 0.92431834
  0.9275008
 0.91979707
 0.91641063
 0.91702867
 0.92026515
  0.9233858
 0.91708744
 0.92278199
 0.92756748
 0.93104389
 0.92685379
 0.91689241
 0.92165727
 0.92236054
 0.92436332
 0.92997468
 0.93068585
 0.93384044
 0.93425453
 0.93083892
 0.92867708
 0.93173366
 0.93946731
 0.94211524
 0.93982704
 0.93776461
 0.93925421
 0.93986109
 0.93499051
 0.93423314
 0.93649352
 0.93931547
 0.94497584
 0.94516441
 0.94047929
 0.93696614
 0.93311941
 0.93299121
 0.93966265
 0.93959629
 0.93660314
 0.93163987
 0.93147189
 0.93261419
 0.93154709
 0.92804199
 0.93029764
 0.93198866
 0.93354961
 0.93000148
 0.92222085
 0.91527262
 0.91530524
 0.91584296
 0.91348048
 0.91341867
 0.90947689
 0.90604689
 0.91475407
 0.91901503
 0.91336364
 0.90522017
 0.91003942
  0.9163652
 0.91311289
 0.90782504
 0.90226815
 0.91436445
 0.91929127
 0.91839606
 0.92369076
 0.93312866
 0.93874709
 0.93973864
 0.94535727
 0.94711955
 0.94534272
 0.94350308
 0.94368257
 0.94425218
 0.94137076
 0.93714966
 0.93737739
 0.93723975
 0.94295376
 0.94523957
 0.94568183
  0.9488218
 0.94298444
 0.93382213
 0.93190541
 0.92793973
 0.91705034
 0.90746079
 0.90511334
 0.89813205
 0.90992382
  0.8972548
 0.89372247
 0.89561932
  0.8971329
 0.91294053
 0.91119049
  0.9131078
  0.9156679
 0.91942237
 0.92083152
  0.9226066
 0.91972697
 0.91428707
 0.91708067
 0.91924107
 0.91377218
 0.90375453
 0.90380338
 0.89548831
 0.89105546
 0.89054258
 0.89318431
 0.89753832
 0.90390577
  0.9162133
 0.91912029
 0.91771688
 0.91899225
 0.92419569
 0.92260033
 0.91764473
 0.91836866
 0.91621219
 0.91103383
 0.92121199
 0.92633649
 0.92749674
 0.92692187
 0.92805545
 0.92674695
 0.92575363
 0.93036716
 0.92914815
 0.92967478
 0.92801843
  0.9337866
 0.93815921
 0.93832119
 0.93817409
 0.93721982
 0.93814698
 0.93445551
 0.94049915
 0.93876526
 0.93823435
 0.93484665
 0.93384495
 0.93432815
 0.93578489
 0.93299181
 0.92272328
   0.914776
 0.90504739
 0.90538686
  0.9028471
 0.91274396
 0.90907704
 0.90631818
 0.91675289
 0.90605679
 0.91080257
 0.90652316
 0.90579179
 0.89975398
 0.89604463
 0.89828981
 0.89429311
 0.89703883
 0.89788824
 0.89384883
 0.89414049
 0.88804279
 0.88826181
 0.89003625
 0.90130863
 0.91430122
 0.91060272
 0.90572397
 0.90829955
 0.91269163
 0.91856071
 0.90911592
 0.90783069
 0.91510696
 0.92120833
  0.9197665
 0.92493044
 0.92817618
 0.92518806
 0.92387239
 0.92091903
  0.9249433
 0.92544205
 0.92396533
 0.92570137
 0.92514174
 0.92765883
 0.92911497
 0.92036108
 0.92046315
 0.91925611
 0.92123757
 0.92575635
 0.92671257
 0.92390616
 0.91962201
 0.92003691
 0.91945436
 0.91892403
 0.91813566
 0.92234129
 0.92299502
 0.92186669
 0.92240714
  0.9222081
 0.92571154
 0.92760395
 0.93302653
 0.93423625
 0.93259443
 0.93380354
 0.93514085
 0.93048975
 0.92003356
 0.91553601
 0.92096695
 0.91692666
 0.91205966
 0.91012018
 0.90925166
 0.91248104
 0.92001038
 0.91940492
 0.92045084
 0.91579479
 0.91788016
  0.9116947
 0.91182776
 0.92239466
 0.92552579
 0.92544943
  0.9256269
 0.92082362
 0.91168751
 0.91620173
 0.91387399
  0.9179625
  0.9174625
 0.93020614
 0.92936092
 0.93024851
 0.93220877
 0.92701597
 0.92880575
 0.93077698
 0.92938265
 0.92827071
  0.9285648
 0.92947664
 0.93534278
 0.93384518
 0.93490758
 0.92731487
 0.92893262
 0.92453642
 0.92615043
 0.92226264
 0.92140341
  0.9299586
 0.92875619
 0.92712487
 0.94047664
 0.93996755
 0.93131077
 0.93026234
 0.93121051
 0.93792651
 0.92916049
 0.93628475
 0.94086003
 0.94486496
 0.94291399
 0.94453212
 0.93621652
 0.92786774
 0.93434087
 0.93194066
 0.93379212
  0.9354211
 0.93576924
 0.93386366
 0.94288203
 0.94278113
 0.94112061
 0.94443724
 0.94344997
 0.94821086
 0.93983726
 0.93520905
 0.93590274
 0.93964421
 0.94572968
 0.94708884
 0.94619736
 0.95074462
 0.94997499
 0.94623954
 0.95350916
 0.95411345
 0.95379231
 0.95238344
  0.9522188
 0.94788292
 0.94340863
 0.94576404
 0.94936513
 0.95172543
 0.94673301
 0.94331814
 0.94754391
 0.94556557
 0.94033278
 0.93675811
 0.93887385
 0.93926885
 0.93612053
 0.93413281
 0.93846544
 0.94393863
 0.94827858
 0.94113652
  0.9419458
 0.93474359
 0.93183222
 0.93766662
 0.92984936
 0.92172571
 0.93387614
 0.92501795
  0.9077216
 0.91018869
 0.91303648
 0.91561679
 0.90122308
 0.88019327
 0.85061089
 0.82545989

