0.026718343
0.028684494
0.030328202
0.029536792
0.029678357
0.029599281
0.029494699
0.029474495
0.029622238
0.029551975
0.029666019
0.029681373
0.029884281
0.029861866
0.029937264
0.029715652
0.029657641
0.029685348
0.029809668
0.029967081
0.029815359
0.029823772
0.029690292
0.029761854
0.029747209
0.029746556
0.029913748
0.029869195
0.030249596
0.029984702
0.029584878
0.030065169
0.029988563
 0.03060721
0.030865501
0.030814116
  0.0316597
0.032117957
0.032425913
0.032733036
 0.03261472
0.032883128
0.033036982
0.032899887
0.032874076
0.033241091
0.033285713
 0.03287779
0.033333664
0.033248376
0.033263432
0.033261356
0.033233486
 0.03358852
0.033822316
0.034432938
0.034558674
0.034922623
0.035228694
0.035377508
0.035333997
0.035698665
0.035646172
0.035897367
0.035892299
0.036056511
0.036200581
0.036547602
0.036685475
0.036851379
0.037060009
0.037895556
0.037985856
0.038640265
0.040036502
0.040301292
0.040594019
0.040891367
0.041779602
0.042773308
 0.04439658
0.045291173
0.045077473
0.046127164
0.046118762
0.046242746
0.047430581
 0.04910477
0.049228198
0.049423008
0.050109589
0.051893742
 0.05228112
0.053841816
0.054440655
0.054589693
0.054274968
0.054954498
0.055177677
0.054832244
0.055455906
0.055566609
0.056442568
0.056866523
0.056256416
0.057052631
0.057085631
0.057975058
0.058146751
0.057900979
0.058347326
0.059047459
0.059637997
 0.05974044
0.059862842
 0.06107866
0.061137437
0.061827075
 0.06236862
0.062233856
0.062978225
0.063474242
0.062597594
0.062804304
0.062674477
0.064448469
0.064012423
0.065453492
0.066047821
0.066359241
0.065678841
0.066035482
0.065072635
0.064963949
0.065087462
0.065681032
0.065190101
0.064886001
0.066092399
0.066353907
0.067814179
 0.06844302
 0.06863199
0.069401088
0.069444895
0.069326182
0.068903553
0.070162477
0.070913486
0.072852065
0.074045186
 0.07455071
0.074464157
0.074773585
0.075261246
0.074719529
0.075571537
0.075450401
0.076070263
0.076083882
0.076905289
0.076581283
0.077175799
0.078091686
0.078307254
0.077928468
0.078289613
0.079226204
0.081779877
0.083054424
0.084455227
0.083742007
0.083321024
0.083887941
0.085358661
0.083572658
0.083833159
0.085399809
0.085667229
0.085971157
0.087750213
0.086964968
0.087236916
0.088638265
0.090098857
0.090841957
0.091790049
0.090865861
0.091358216
0.092017958
0.092234229
0.094298187
0.093905509
0.094757408
0.095311162
0.095302639
0.094241541
0.094331196
0.094593499
0.095276434
0.095347332
0.095928963
0.096310963
0.096537336
0.097008724
0.097518796
0.098959297
0.099800966
 0.10022665
 0.10364375
 0.10479735
 0.10489898
 0.10453534
 0.10353595
 0.10379624
 0.10500211
 0.10648298
 0.10834617
 0.11093782
 0.11366253
 0.11235627
  0.1169239
 0.11962254
 0.11953619
 0.12284459
 0.12146593
 0.12260923
 0.12393269
 0.12412438
 0.12327791
 0.12629985
 0.12614052
 0.12577113
 0.12668131
 0.12679499
 0.12412361
 0.12679652
 0.12782719
 0.12978762
 0.13139268
 0.13451236
 0.13358246
 0.13472311
   0.135357
  0.1356131
 0.13808433
 0.13618814
 0.13781844
 0.13921278
 0.13928756
 0.14060891
 0.14186014
 0.14474085
 0.14388679
  0.1463389
 0.14661804
 0.14558202
 0.14563261
 0.14605353
 0.14699528
 0.14856771
  0.1469834
 0.14792724
 0.14728365
 0.14843441
 0.14886388
 0.15096287
 0.15075041
  0.1526129
  0.1528321
 0.15214952
 0.15440705
 0.15416502
 0.15354688
 0.15363939
 0.15588111
 0.15645509
 0.15423711
 0.15574552
 0.15721432
 0.15867527
 0.15830636
 0.15679994
 0.15511574
 0.15567244
 0.15907568
 0.15923284
 0.15993724
 0.16125404
  0.1612651
 0.16165658
 0.16002024
 0.15969555
  0.1568362
 0.15799524
 0.15791282
 0.15973024
 0.15435126
 0.15549286
 0.15716071
 0.15520382
 0.15402957
 0.15537987
 0.15333382
  0.1550742
 0.15649568
  0.1554836
 0.15447095
 0.15576496
 0.15502599
 0.15531232
 0.15733583
 0.15706785
 0.15689696
 0.15690672
 0.15738271
 0.15676763
 0.15739332
 0.15769483
 0.15589885
 0.15650906
 0.15808608
 0.15854503
 0.15705575
 0.15837109
  0.1609324
 0.16194203
 0.16117226
 0.16161906
 0.16138792
 0.16256675
 0.16115703
 0.16135602
 0.16201028
 0.16065593
 0.16227602
 0.16207966
 0.15992859
 0.16028947
 0.16058536
 0.15964965
 0.15904633
 0.15761657
 0.15885599
 0.16090912
 0.16232482
 0.16235403
 0.16069749
 0.16093803
 0.16312924
 0.16319084
 0.16329703
 0.16302795
 0.16334102
 0.16354804
 0.16161498
 0.16022762
 0.16241235
 0.16306905
 0.16322375
 0.16483788
 0.16521968
 0.16641711
 0.16630914
 0.16925762
 0.17033635
 0.16968034
 0.16994309
 0.16792031
 0.17095702
 0.17021979
 0.17307026
 0.17238918
 0.17272356
 0.17262576
 0.17472867
 0.17424395
 0.17589297
 0.17681153
 0.17526717
 0.17650642
 0.17788137
 0.17918227
 0.17943675
 0.18104036
 0.18009596
 0.18012507
 0.18134393
 0.18074965
 0.18158561
 0.18227381
 0.18303872
 0.18201318
 0.18301652
 0.18335155
 0.18377377
 0.18661323
 0.18527355
 0.18244394
 0.18249947
 0.18296268
 0.18309597
 0.18532528
  0.1930347
 0.19231634
  0.1957805
 0.19369596
 0.19363162
 0.19724299
 0.19751245
 0.19973097
  0.2001063
 0.19912575
 0.19701099
 0.20086667
 0.19832624
 0.19586489
 0.19831637
 0.19478637
  0.1971648
 0.20023542
 0.19839237
 0.20039851
 0.20029016
 0.20230428
  0.2041091
 0.20595489
 0.20456722
 0.20424602
 0.20395792
 0.20331406
 0.20240879
 0.20208556
 0.20442381
 0.20586432
 0.20729668
 0.21075083
 0.21051572
 0.21366191
 0.21491254
 0.21339457
  0.2133099
 0.21124372
 0.20812344
 0.21392619
 0.21430405
 0.21615749
  0.2137351
 0.21591068
 0.21521316
 0.21608183
 0.21589799
 0.21396523
 0.21601843
 0.21448154
 0.21333682
 0.21322761
 0.21212437
  0.2098532
 0.21110262
 0.21160475
 0.21103667
 0.20947088
 0.21045739
  0.2075183
 0.21229394
 0.20949311
 0.21404635
 0.21460839
 0.21675999
 0.22071751
 0.21803757
 0.21947524
 0.22336481
 0.22340057
 0.22417802
 0.22367729
 0.22703743
 0.22829975
 0.22627268
 0.22358479
 0.22589264
 0.22509166
 0.22406904
 0.22521168
 0.22738644
 0.22432362
 0.22314268
  0.2279832
 0.22873446
 0.23274779
  0.2318053
 0.22954544
 0.23486524
 0.23431346
 0.23511928
  0.2364367
 0.23457838
 0.23660743
 0.23932044
 0.23940444
  0.2427093
 0.24062972
 0.23676267
 0.23495108
 0.23323388
 0.23733809
 0.23956682
 0.24089526
 0.24304539
 0.24516469
 0.24467362
 0.24721116
 0.24724201
 0.24815511
 0.24801059
 0.24782686
  0.2492972
 0.24937474
 0.24856595
 0.24828145
 0.24586066
  0.2456104
 0.24992076
 0.25010474
 0.25239783
 0.25596307
 0.25697386
 0.26295432
 0.26487213
 0.26440559
 0.26334171
 0.26264088
 0.26128324
 0.26365395
 0.26193373
 0.26267312
 0.26146838
 0.26124494
 0.26226617
 0.26474368
 0.26425209
 0.26406673
 0.26646577
 0.26758395
 0.26963468
 0.27167735
 0.27045001
  0.2686254
 0.27110223
 0.27016271
 0.27091645
 0.26849199
 0.26823629
 0.26995844
 0.27436223
 0.27120688
 0.27446509
  0.2759878
 0.27353561
 0.27906835
 0.27810631
 0.28068963
 0.28045006
 0.27481983
 0.27937939
 0.27996671
  0.2805762
 0.27750386
 0.27872119
 0.27709504
 0.27778688
 0.28092354
 0.28217584
 0.27976958
 0.27999193
 0.28147977
 0.28251352
 0.28512316
 0.28685032
 0.28898292
 0.29225398
 0.29402749
 0.30548728
 0.32322659
 0.32900831
 0.33415336
 0.33774763
 0.33913562
 0.33867492
 0.33736249
 0.34097407
 0.34358356
 0.34408503
  0.3441493
 0.34648815
 0.35654052
  0.3610138
 0.35858915
 0.36039713
 0.36758377
 0.36973888
 0.37176293
 0.37362085
  0.3750692
 0.38335568
  0.3819541
 0.39527975
 0.39266121
 0.39238637
 0.39746377
 0.39614838
 0.39197474
 0.39187235
 0.38696772
 0.39472177
  0.3932032
 0.39847881
 0.40197684
 0.40250163
 0.40076097
  0.3929601
 0.38843376
 0.38321343
 0.37830082
 0.38179027
 0.38263119
 0.38307337
 0.38210626
 0.38229251
 0.38394872
 0.38726356
 0.38994774
 0.39405024
  0.3944795
 0.39224008
 0.39670088
 0.40018546
 0.40338458
 0.40642307
 0.40332222
 0.41041839
 0.41049991
 0.41198446
 0.41558332
 0.41933803
  0.4159602
 0.41456331
 0.42054224
 0.41559095
 0.42686161
 0.43372938
 0.44109842
 0.44627037
 0.44887333
 0.44362881
 0.44335128
 0.45146829
 0.45233109
 0.45500006
  0.4571662
 0.45768281
  0.4629067
 0.45644473
 0.45713224
 0.45883276
  0.4622337
 0.45748762
 0.45685668
 0.45784558
 0.45336439
 0.45779506
 0.45930699
 0.45635466
 0.45759289
 0.46315846
 0.46518159
  0.4666454
 0.45719684
 0.45731861
  0.4581642
 0.46525495
 0.47465704
 0.46296507
  0.4770107
 0.47442703
 0.47241439
 0.47618795
 0.46939869
 0.48069737
 0.49110203
 0.48566726
 0.47714053
 0.47990739
 0.48327335
 0.47688736
 0.47644441
 0.47984046
 0.47946216
 0.48214447
 0.48283125
 0.48222292
 0.48405487
 0.49309168
 0.48719498
 0.48600933
 0.50651373
  0.4986591
 0.49649289
 0.49363367
 0.50474355
 0.49574049
 0.49681842
 0.49602153
 0.49029647
 0.49544532
 0.50025985
 0.50021023
 0.49766341
 0.50280577
 0.50371091
 0.50515561
 0.50752526
 0.50291335
 0.50022105
 0.49731616
 0.50316447
 0.49913047
 0.49961166
 0.50357395
 0.50203509
 0.51039153
 0.50094773
 0.49944347
 0.49247018
 0.49281257
 0.49551914
 0.50280529
 0.49880899
 0.49679376
 0.49296167
 0.49007941
 0.48567764
 0.48573181
 0.48582307
 0.47704199
 0.48190683
 0.48742362
 0.49398609
 0.49653939
 0.50216599
 0.49956959
 0.49532606
 0.49676017
 0.49380853
 0.49361596
  0.4935812
 0.50184658
 0.49524385
 0.49971053
 0.50175675
 0.50585037
  0.5104096
 0.50862093
 0.50620656
 0.51155107
  0.5105509
 0.51605859
 0.52045118
 0.53184439
 0.52527703
 0.52790546
 0.53036478
  0.5334379
  0.5349859
 0.53474433
 0.53750567
 0.53701095
 0.54277795
 0.53859659
 0.54194512
 0.54248142
 0.54311359
 0.55938099
 0.55724062
  0.5565456
 0.55895524
 0.55715584
 0.55938254
  0.5611954
 0.56279305
 0.56431588
 0.56314528
 0.56262327
 0.56977783
 0.57450576
 0.56887143
 0.56664919
 0.57169514
 0.56927625
 0.56690018
 0.56565598
 0.56675037
 0.56751849
 0.56736214
 0.57134821
 0.56807143
 0.56749618
 0.57208397
 0.57448219
 0.56650022
 0.56257677
 0.56289522
  0.5668378
 0.57100566
 0.57039129
 0.56461145
 0.55941118
 0.55777927
 0.55700967
 0.55984597
  0.5608843
 0.55518207
 0.56184827
 0.57168816
 0.57132817
  0.5744294
 0.57283195
  0.5767506
 0.57275229
 0.57504119
 0.57650294
  0.5778095
 0.57522161
 0.57496205
 0.57437878
 0.57536991
 0.57658601
 0.57637349
 0.58292239
 0.58588799
 0.58154333
 0.58542454
  0.5925834
 0.59022374
 0.59081873
 0.58712943
 0.58436795
 0.58872107
 0.59231322
 0.60057318
 0.60778353
 0.59668311
  0.6075536
 0.60242655
 0.60600907
 0.60469511
 0.60932086
 0.60133888
 0.60522538
 0.60543989
 0.60224346
 0.60306913
  0.6007801
 0.60755449
 0.59864705
 0.60233159
 0.61195028
 0.61255449
 0.61538865
 0.61985231
 0.61901336
 0.62322045
 0.63121986
 0.63252833
 0.63335727
 0.62968069
 0.61469467
 0.62336013
 0.62228078
 0.61654767
 0.62397257
 0.61596055
 0.62515958
 0.62597564
 0.62573377
 0.62258246
 0.62159374
 0.62095744
 0.61503024
 0.62346207
 0.62616254
 0.63083676
 0.63255554
 0.63469393
 0.62795368
 0.63899011
 0.63544648
  0.6357818
 0.63395619
 0.64509103
 0.64188444
 0.64310184
 0.63966437
 0.64023993
  0.6465453
 0.64281372
 0.64547414
 0.64301431
 0.63986517
 0.64917997
 0.64760102
 0.64969746
 0.65835821
 0.66045625
 0.66932001
 0.66752257
 0.66509541
 0.66957575
 0.66967129
 0.67246703
 0.67280647
   0.674529
 0.67155335
 0.66970696
 0.66590803
 0.65979902
 0.66290701
 0.66287865
 0.66397737
 0.66681915
  0.6632508
 0.66616508
 0.66771087
 0.66588413
 0.66215892
 0.66190575
  0.6567504
  0.6661654
 0.66658681
 0.66709813
 0.66345098
 0.66992932
 0.67478067
 0.67313928
 0.66835573
 0.66331911
 0.66553846
 0.67242613
 0.67168453
 0.67543966
 0.67918752
 0.67918179
 0.67599112
 0.67761956
  0.6765244
 0.66738617
 0.66389389
 0.66370784
 0.66883455
 0.66497303
 0.67139044
 0.67081869
 0.66961732
  0.6602043
 0.65661967
 0.65252163
 0.64631679
 0.64803075
 0.64316471
  0.6517927
  0.6547471
  0.6497282
 0.65215404
 0.65977316
 0.65996865
 0.66490526
 0.65522495
 0.65981832
 0.65523798
 0.66759686
 0.67024478
 0.66761044
 0.66647302
 0.66924756
 0.67132275
 0.67863736
 0.67542746
 0.67898796
 0.67571462
 0.67933531
 0.67685401
 0.67340735
 0.67538205
 0.67693079
  0.6707764
 0.66605882
 0.66405576
 0.66071242
 0.65531649
 0.66111679
 0.66029626
  0.6556936
 0.65951922
 0.65517316
 0.65238208
 0.65156219
 0.65520967
 0.64941634
 0.64730714
 0.64835195
 0.65035931
 0.64671689
 0.64443757
 0.64356701
 0.64861925
 0.64980123
 0.65345824
 0.65438235
 0.65342831
 0.65197793
 0.65623674
 0.64906683
  0.6460916
  0.6547469
 0.64887464
 0.64510206
 0.65296251
 0.65277071
 0.65267954
 0.65789107
 0.65625574
 0.65729339
 0.65866253
  0.6577203
 0.65644743
 0.65885249
  0.6643074
 0.66040966
 0.66279916
 0.66013986
 0.66619694
 0.66347784
 0.66288421
 0.66142516
  0.6680056
 0.67042256
 0.67255961
 0.67024905
 0.66900625
 0.66995146
 0.67283213
 0.67724765
 0.68165102
 0.68188935
 0.67538076
 0.67596107
 0.67415665
  0.6712834
 0.66797319
 0.66999024
 0.66216188
 0.66095642
 0.66311062
 0.66139724
 0.65189985
 0.64658119
 0.64823388
  0.6499175
 0.65012983
 0.64497863
 0.64096707
 0.64280026
 0.63270676
 0.63749006
 0.63304358
 0.63181177
 0.62723907
 0.62421545
 0.62455677
  0.6211272
 0.62290979
  0.6301062
 0.62238816
 0.62317231
 0.62399225
 0.62309913
 0.61988416
 0.62021006
  0.6236407
 0.62310156
 0.61360005
 0.62177571
 0.62495232
 0.62627985
 0.62103409
 0.61654183
 0.61773661
 0.62271451
 0.62520165
 0.61508502
 0.62494292
 0.61855914
 0.62594028
  0.6249096
 0.62210025
 0.62137932
 0.62367587
 0.63017811
 0.62416878
 0.62172169
 0.63379411
 0.63958551
  0.6352993
 0.62981076
 0.63295507
 0.63335888
  0.6346886
 0.63463845
 0.63482938
 0.63893614
 0.63794101
 0.64351204
 0.64289743
  0.6472592
 0.64603753
 0.64440142
 0.63831102
 0.64110031
 0.64483313
  0.6423984
  0.6435164
 0.65368592
 0.64907892
 0.64819336
  0.6380053
 0.64783208
 0.64575766
 0.64841471
 0.64645137
 0.64403781
  0.6497694
 0.65845852
  0.6583698
 0.65980836
 0.65647396
 0.66381715
 0.66973142
  0.6751131
   0.676015
  0.6833597
 0.68661345
 0.68222828
 0.68198852
 0.68258797
 0.67807737
 0.67719661
  0.6758552
 0.67512575
 0.66973806
 0.67073389
  0.6693918
  0.6739274
 0.67360895
 0.67147692
 0.66698028
 0.66966623
 0.67622906
 0.67767345
 0.67208622
 0.67217782
 0.66875557
 0.67428506
 0.67248121
 0.67411334
 0.67175562
 0.67497712
 0.67164116
 0.67954367
 0.67709643
  0.6780922
 0.68029995
 0.67552868
 0.67937444
 0.68010544
 0.67235274
 0.67469938
 0.67027449
 0.66553137
 0.67510768
 0.67010638
 0.67533859
 0.67877624
 0.68220708
 0.67833014
  0.6777975
 0.68344179
 0.68304144
 0.68273184
  0.6814722
 0.67915523
 0.67861644
 0.68062174
 0.68432554
 0.68151979
 0.68086849
 0.68225126
 0.67526016
 0.67885785
 0.67934747
 0.68710366
 0.68210083
 0.67755661
 0.68009782
 0.68187222
 0.67629347
 0.67850071
 0.68182593
 0.68152197
 0.68099215
  0.6836902
 0.68448491
 0.67634185
  0.6706247
 0.67070889
 0.66743307
 0.66103117
 0.65975172
 0.66670241
 0.67169141
 0.66933986
 0.67189046
  0.6751063
 0.67744958
 0.68148695
 0.68638488
 0.69076237
 0.68816286
 0.68788969
 0.69054653
 0.69244612
 0.69145251
 0.68862031
 0.68583805
 0.68825926
 0.69209309
 0.69587646
 0.69404742
 0.68588014
 0.68860195
 0.68930216
 0.68069862
 0.67736548
 0.67925446
 0.67688283
 0.66822588
 0.67161964
 0.66594222
 0.67302338
 0.68001575
  0.6698414
 0.66998996
 0.67862974
 0.68286404
 0.68315732
 0.68840549
 0.68270639
 0.68496586
 0.68315261
 0.67914074
 0.68114712
 0.67263512
 0.66677323
 0.67900752
  0.6822402
 0.68304329
 0.68426182
 0.67728402
 0.67775589
 0.68557205
 0.68270349
 0.68399926
 0.68531025
  0.6841356
 0.68505356
 0.69123459
 0.69359548
 0.68817472
 0.68599601
 0.68752124
 0.67337329
  0.6707873
 0.67314085
 0.67029336
 0.67542603
 0.67502342
 0.67762687
  0.6775101
 0.67726867
 0.68003965
 0.68055595
 0.68025666
 0.67859027
 0.67809204
 0.68493028
 0.67731513
 0.68378111
 0.67805627
  0.6905229
 0.68775295
 0.68864885
 0.69132773
 0.68795963
   0.693741
 0.69461214
 0.68960441
 0.68772117
 0.68938423
 0.68668527
 0.68922328
 0.68995745
 0.69102853
 0.68581299
 0.68781978
 0.69568045
 0.68204512
 0.69516336
 0.69115511
 0.69337343
 0.70270835
 0.69529631
 0.70135666
 0.70379591
 0.69791817
  0.7004477
 0.70623286
  0.7047351
 0.70736675
 0.70533404
 0.70671171
 0.69938118
 0.71032092
 0.71122104
  0.7004273
 0.70942294
  0.7070009
 0.71058827
 0.71835046
 0.72021969
 0.71689386
 0.71533866
 0.72156436
 0.71446328
  0.7146207
 0.72361627
  0.7242537
 0.72626674
 0.72720042
  0.7215619
 0.71594871
 0.71973887
 0.71799928
 0.72065329
 0.71990296
 0.72196545
 0.71785035
 0.72200226
 0.71732564
  0.7141348
  0.7125841
 0.71185012
 0.71458257
 0.72211045
 0.71958285
 0.71981262
 0.72195233
 0.72357714
 0.72240129
 0.72388016
 0.72360288
 0.72246078
 0.71727802
 0.71795237
 0.71678088
 0.70816705
 0.70738198
 0.70719752
 0.71111587
 0.70431254
 0.70556965
 0.70766363
 0.71219137
 0.71250579
 0.71163791
  0.7110834
 0.70492644
 0.71312786
 0.71226881
 0.70846696
 0.71369981
 0.71048301
 0.72104181
  0.7131341
 0.71329955
 0.71804255
 0.70483147
 0.71062662
 0.70941215
 0.72109526
 0.71906792
 0.72920896
 0.73469245
 0.73519696
 0.73847309
 0.74869449
 0.75491824
 0.74878779
 0.75175358
 0.75318052
 0.75838058
 0.75759709
 0.73978586
 0.73831739
 0.74957163
 0.75751664
 0.74682957
 0.76139994
 0.75847951
 0.76866637
  0.7661695
 0.76626255
 0.77373625
  0.7709434
 0.77158676
 0.77283329
  0.7691615
 0.76740195
 0.76826222
 0.75630871
 0.76102206
  0.7637339
 0.76823825
  0.7664358
 0.76988864
 0.76945741
 0.77181391
 0.77489991
 0.77284066
  0.7728239
 0.77211048
 0.77270312
 0.77372807
 0.77021109
 0.76981179
 0.76608716
 0.76482346
 0.76534804
 0.76525871
 0.75960069
 0.76372777
 0.76422897
 0.76571267
 0.76558536
 0.76297905
 0.76446625
  0.7664373
 0.76566609
 0.76479023
 0.76412779
 0.76336573
 0.76515319
 0.76346722
 0.75962481
 0.75902928
 0.75886853
 0.75393328
 0.75314584
 0.76125444
 0.75968527
 0.75547768
 0.75571439
 0.75703937
  0.7602185
 0.75939182
 0.76680371
 0.76386622
 0.76370212
 0.76251056
 0.76193262
 0.76251788
 0.76496095
 0.76275878
  0.7665702
 0.76425257
  0.7638685
 0.76387339
 0.75809455
 0.75051566
 0.73584404
 0.74175421
 0.73262217
 0.73217024
  0.7275384
 0.73282845
 0.73616228
 0.73583235
 0.73116313
 0.73357719
 0.73296058
 0.72627718
 0.73310035
 0.73675764
 0.73575396
 0.75063043
 0.73855465
 0.74239057
 0.74828572
 0.73331257
 0.73053997
 0.72969951
 0.72508821
 0.74741304
 0.74692605
 0.75646716
 0.74796799
 0.76607138
  0.7544075
 0.76566188
 0.76301697
 0.76845218
 0.76680039
 0.75863559
 0.76156289
 0.75908194
 0.75633999
 0.75604758
 0.75663912
 0.74369467
 0.74776071
 0.74189389
 0.74224634
 0.74269512
 0.75642643
 0.75604527
 0.75161063
 0.75722696
 0.75255708
  0.7578515
 0.75220157
 0.75575868
  0.7539807
 0.75218991
 0.74589036
 0.74728258
 0.75141089
 0.73566302
 0.73411445
 0.72537218
 0.72435953
  0.7288217
 0.73097867
 0.72405137
  0.7157556
  0.7195356
 0.71289047
 0.70678591
 0.71669979
 0.71527691
 0.71897272
 0.71611151
 0.72171032
 0.72416004
 0.72014231
 0.72810957
 0.72308975
 0.73047215
 0.72989733
 0.73357304
  0.7229314
  0.7255807
 0.72855882
 0.72107668
 0.71514854
 0.72912259
  0.7275391
 0.72957738
 0.72517365
 0.71998334
 0.72136351
 0.71182259
 0.71139139
 0.70924684
 0.72371256
 0.72783442
 0.72773696
 0.72359304
 0.71941039
 0.71066795
 0.71026159
 0.69569549
 0.69165938
 0.69202963
 0.70359543
 0.70946682
  0.7107257
  0.7129288
  0.7116442
 0.71882315
 0.71274994
 0.71605746
  0.7142704
 0.72826797
 0.73082955
 0.73659807
 0.74149557
 0.74127684
 0.73129713
 0.73079797
 0.72762311
 0.73939984
 0.73793108
 0.74761591
 0.74748825
 0.74582756
 0.73930296
 0.73400012
 0.73121587
 0.72794128
 0.73080411
 0.74190573
 0.75144287
 0.74294486
 0.74352659
 0.73295755
 0.74031272
 0.73890608
 0.74426318
 0.73847241
 0.73882525
 0.74091007
 0.74118791
 0.73951269
 0.74139612
 0.74289797
  0.7426775
 0.75161226
 0.75147397
 0.75850151
 0.76046933
 0.76099261
  0.7614949
 0.76126307
 0.75889991
 0.76661594
 0.76501268
  0.7627348
 0.76430198
 0.76288663
  0.7648529
 0.76151718
  0.7692098
  0.7787396
 0.78347482
 0.78475207
  0.7912563
 0.79182771
 0.79227728
  0.7889149
 0.78937845
 0.78482613
 0.78506588
 0.77691201
 0.77120751
 0.76571507
 0.77533224
 0.77075274
 0.77246897
 0.77074905
 0.78251396
   0.786809
 0.79067761
 0.79225116
 0.79756184
 0.79589793
 0.79725015
 0.79499405
 0.78967894
 0.78791537
 0.79308002
  0.7983876
  0.7969102
 0.80741172
  0.8028227
 0.81143024
 0.81924038
 0.82544283
 0.82978509
 0.82702546
 0.82473317
  0.8272392
 0.82042467
 0.82447541
 0.82474452
 0.81907955
 0.81282789
 0.82087696
 0.82957955
 0.82550595
 0.82733081
 0.82576888
 0.82473819
 0.82973631
 0.82015134
 0.82247458
 0.82564132
  0.8214912
 0.82537093
 0.82143141
 0.82982623
 0.83486168
 0.83360783
 0.83366002
 0.83290473
 0.83503824
 0.83559838
  0.8398751
  0.8432962
 0.84976183
 0.85355185
 0.85392312
 0.85164689
 0.84678238
 0.83672467
 0.83203739
 0.82131429
 0.82511673
 0.82484458
 0.82233958
  0.8283856
 0.83733465
  0.8456236
 0.83516027
 0.83357749
 0.83606719
 0.84448283
  0.8435778
 0.84434768
  0.8477508
 0.85312897
 0.85461189
 0.85358811
 0.85428458
 0.85559662
 0.85807149
 0.85764316
 0.85393605
 0.85163576
 0.85219631
 0.84730304
 0.84384815
 0.84505051
 0.84674993
 0.84771981
 0.84403154
 0.85270059
 0.84896581
 0.85107024
 0.84792996
 0.84643652
 0.84182828
 0.84305164
 0.83988147
 0.84140374
 0.84997405
 0.84737276
 0.85079705
 0.85189313
 0.84933188
 0.84937032
 0.84519806
 0.84898519
 0.85340476
  0.8496644
 0.85295943
 0.85263024
 0.85740329
 0.85712085
 0.85529038
 0.85856582
 0.86068316
 0.86121159
 0.86147871
 0.86577555
 0.86978354
 0.86774399
 0.86388174
  0.8679041
 0.86725273
 0.86006557
   0.858136
 0.85791906
 0.85409019
 0.85339385
 0.85470843
 0.86180422
 0.86603199
 0.86888987
  0.8681258
  0.8645016
 0.86666382
 0.86987707
 0.87341482
  0.8763153
 0.87766783
 0.87705244
 0.87997528
 0.87953768
 0.88251495
 0.88474207
 0.88354233
 0.88074872
 0.87531424
 0.87272384
 0.86958566
 0.86659413
 0.86950985
 0.87261971
 0.88567728
 0.88086206
 0.88077552
 0.87856337
   0.874178
 0.86412652
 0.86654487
 0.85720754
 0.86081349
 0.86858832
 0.86813946
  0.8712826
 0.86958166
 0.86873693
 0.87365091
 0.87236133
 0.86816839
 0.86676329
 0.86742538
 0.86757585
 0.87188254
 0.87097636
 0.86323469
 0.86278653
 0.86258126
 0.86373746
 0.86603361
 0.85437795
 0.84725499
 0.85353514
 0.85151856
 0.85660216
 0.85304723
 0.84772727
  0.8478814
  0.8458481
 0.84635109
 0.85516511
 0.85609215
 0.84870696
 0.85366197
 0.85488164
  0.8580842
 0.86027127
  0.8628015
 0.85689022
 0.84998452
 0.85786112
 0.85244842
 0.85150832
 0.84995841
 0.85751279
  0.8614865
 0.85575511
 0.86177765
 0.86422444
 0.86822899
 0.87284244
 0.87490216
 0.87230141
 0.87778608
 0.87931787
 0.87445739
 0.88281028
  0.8767716
 0.87895482
 0.88232069
 0.87982088
  0.8781448
 0.88060088
 0.87420195
 0.88124302
 0.88246724
 0.87923302
 0.87796173
 0.87697398
 0.87586838
 0.87308123
 0.87503442
 0.87554521
 0.87666133
 0.87944879
 0.88123965
 0.87865844
 0.88101382
 0.87479127
  0.8760993
 0.86816146
 0.86005776
 0.85633775
 0.85680145
 0.84574935
  0.8529281
 0.84941424
 0.84358369
 0.84161923
 0.83598675
 0.84330748
 0.84294319
 0.84604003
 0.85031798
  0.8525944
 0.85114325
  0.8570662
 0.85718746
  0.8648473
 0.87034297
 0.87376783
 0.87989003
 0.87513105
 0.87102028
 0.85909703
 0.85431327
 0.85506221
 0.85213004
 0.86252002
 0.85264047
 0.85034309
 0.85246123
  0.8488594
 0.85522535
 0.85667442
 0.85381474
 0.86015423
 0.85939104
 0.85923768
 0.86281566
 0.87331804
  0.8657367
 0.86693184
 0.86514986
 0.86370816
 0.86108085
 0.86131609
 0.85718167
 0.85470625
 0.85880374
 0.85473586
 0.85899141
 0.85344671
 0.85493703
 0.85064711
 0.85057195
 0.84606789
 0.84734559
 0.83912965
 0.83782668
 0.83830876
 0.84257656
 0.83919065
 0.84056182
 0.84174335
 0.83627721
  0.8350593
 0.83412617
  0.8337878
 0.83051765
  0.8289686
 0.82446172
 0.83123485
 0.83237431
 0.83168581
 0.83060337
 0.83263767
 0.82698319
 0.82989057
 0.83290802
 0.83284084
 0.83428748
 0.83295574
 0.82401708
  0.8258054
 0.82251057
 0.81445535
 0.81344651
 0.82074926
 0.81303843
 0.81281155
 0.81590754
 0.81677726
 0.82333885
 0.81674617
 0.81662003
 0.82074917
 0.82365091
 0.81567079
 0.81636155
 0.82063396
 0.82292749
 0.82481554
 0.82308567
 0.81767213
 0.82529487
 0.81408727
 0.81678291
 0.80554279
 0.80452776
 0.80444779
 0.80555728
 0.80959828
  0.8213737
 0.82305296
 0.82235053
 0.83165871
 0.82411478
 0.82219635
 0.82290503
 0.82076324
 0.81644492
 0.82953969
 0.82280275
 0.83059523
 0.83816406
  0.8395878
 0.83738168
  0.8349336
 0.83451896
 0.83230163
 0.82589477
 0.81744189
 0.81050439
 0.80600595
 0.80475085
 0.80135406
 0.79926024
 0.80205019
  0.8059094
 0.80605017
 0.80801771
 0.80936803
 0.81017885
 0.81061586
  0.8077395
 0.80712184
 0.80586064
 0.80296263
 0.79607049
 0.80144655
 0.80015113
 0.79801202
 0.80033933
 0.79905846
 0.80819726
  0.8148541
 0.81489707
 0.81165115
 0.81683578
 0.81498486
 0.82360976
 0.81508924
 0.80904427
 0.80467801
 0.80652996
  0.8018506
 0.79303783
 0.79632813
 0.79572099
 0.80275492
 0.79870139
 0.80034434
 0.79386189
 0.79120494
 0.79453651
 0.79667169
 0.79426056
 0.79426201
 0.79400119
 0.79486299
 0.79957293
 0.80018173
 0.79375532
 0.79177807
 0.79005454
 0.78792647
 0.78386903
 0.78250512
 0.78898355
 0.78779793
  0.7888721
 0.78173734
  0.7852965
 0.79271592
  0.7909588
 0.78303151
 0.78013446
 0.78170755
 0.77865891
 0.77312723
 0.76689699
 0.76589217
 0.77584027
 0.76952204
 0.76632501
 0.77191989
 0.77471332
 0.78120974
 0.78804366
  0.7891022
 0.79085098
 0.78946221
 0.78520076
 0.77993718
 0.78507029
 0.77604647
 0.78169574
 0.78669168
 0.78308115
 0.78421034
 0.78647098
 0.78969418
 0.79041915
 0.78622906
 0.78512759
 0.78300013
 0.78845091
 0.78610588
 0.79341743
 0.78902217
 0.79432805
 0.79082927
 0.78641628
  0.7878705
 0.78654094
 0.79045513
 0.78968184
 0.79584269
 0.79513396
 0.79148906
 0.78246589
 0.78489862
 0.80067312
 0.78706124
 0.78507934
 0.79056271
 0.78797699
 0.79193406
 0.78612844
 0.78083104
 0.78176181
 0.78302079
 0.77141719
 0.78009472
 0.78862209
 0.79131779
  0.7921424
 0.79394289
 0.78891882
 0.78458868
 0.78653317
 0.78924685
 0.79400994
 0.79021275
 0.80139077
 0.80415684
 0.79355959
 0.79412697
  0.7931362
 0.79288762
 0.78819474
 0.78034838
 0.79143185
 0.79731404
 0.79366718
 0.79171992
 0.79610053
 0.79839771
 0.79732374
  0.7988202
 0.79702247
 0.79627749
 0.80037028
 0.80497263
 0.80233165
 0.79846108
 0.80227138
  0.7950979
 0.80202302
 0.79298547
 0.80649491
 0.79931473
  0.7983902
 0.79427048
 0.79410166
 0.79477139
 0.79096138
 0.79108558
 0.78765192
 0.79252851
 0.79414663
 0.78612302
 0.78236383
 0.79866268
 0.81012412
 0.81126856
 0.81700838
 0.81317355
 0.82214595
 0.82870041
 0.82886708
 0.83184223
  0.8445054
 0.85139368
    0.84359
 0.85719214
 0.85928429
 0.86001279
 0.86247209
 0.86259668
 0.86141757
 0.86144725
 0.86714457
  0.8683419
 0.86177373
 0.85763813
 0.85082622
 0.85093443
 0.85047506
 0.84939568
 0.84357901
 0.84502752
 0.83940241
 0.83898071
 0.84325399
 0.84260459
 0.84749435
 0.84264122
 0.83649618
 0.84764412
 0.85487649
 0.86127701
 0.86174506
 0.85513859
 0.86117779
 0.86067039
 0.86252121
 0.86704249
 0.86898188
 0.86672931
 0.87474983
 0.87285997
 0.87092112
 0.86661014
 0.86194246
 0.85875067
 0.86444272
 0.86190046
 0.86706297
 0.85714724
 0.85916018
 0.85708401
 0.85737492
 0.85017899
 0.85365767
 0.85907405
 0.85818826
 0.85839549
  0.8628146
 0.86217011
 0.86359831
 0.86555121
 0.86996634
 0.87377502
 0.87358796
 0.86965619
   0.864999
 0.86855553
 0.87165801
 0.86705823
 0.85713525
 0.85073543
 0.85575085
 0.85082572
 0.84353091
 0.85030853
 0.85657042
 0.86350971
 0.86020394
 0.85756278
 0.86114202
 0.86555187
 0.86424747
 0.85624222
  0.8563449
 0.86197721
 0.84786587
 0.85177314
 0.84577815
 0.84002257
 0.83848208
 0.83986967
 0.85034381
 0.85069525
 0.85523315
 0.85755106
 0.85816778
 0.85970202
 0.85675767
  0.8577977
  0.8568435
 0.85397322
 0.85349203
 0.85432162
 0.85261229
 0.84617641
 0.84171774
 0.83650399
 0.83626429
 0.83692907
 0.84067381
 0.84677288
 0.84135012
 0.83573257
 0.84279749
 0.84581821
 0.84937761
 0.85175156
 0.85702371
  0.8567367
 0.85464161
  0.8557619
 0.85746879
 0.86791357
 0.86262843
 0.86423097
 0.86854216
 0.86878831
 0.86554372
 0.86594456
 0.86700585
 0.86802118
 0.86883447
 0.86845533
 0.86951471
 0.86542902
 0.86262212
  0.8624227
 0.86178947
 0.86321848
   0.864322
 0.86745434
 0.86337802
 0.85784422
 0.85769639
 0.86212641
 0.85523485
  0.8499199
 0.84543623
 0.84314152
 0.83977142
 0.82962174
 0.83605783
 0.83708994
 0.83679603
 0.83974639
 0.83641081
 0.83287189
 0.83356849
 0.83493761
 0.83136218
 0.83535277
 0.84080666
 0.84244174
 0.83989504
 0.83918971
  0.8360676
 0.84529708
 0.84885086
 0.84955725
 0.84854016
 0.84961045
  0.8570756
 0.85239374
 0.84535859
 0.85691698
 0.85071406
 0.84790422
 0.84476237
 0.84803201
 0.84847606
 0.84795526
 0.85040029
 0.85246071
 0.85102972
 0.85360131
 0.85454318
 0.85315624
 0.85316845
 0.84986509
 0.84930156
 0.85148791
 0.85459888
 0.85321379
 0.85561042
 0.85057488
  0.8554938
 0.85622357
 0.85757942
  0.8597061
 0.85694327
 0.85858822
 0.86172892
 0.86871403
 0.87919885
 0.87975263
 0.87655169
 0.87267193
 0.86651099
 0.86666682
 0.86936585
 0.87661045
 0.87874376
 0.86674475
 0.86492224
 0.85690878
 0.87144808
 0.87916713
 0.86905294
 0.85852911
 0.85419235
 0.86165289
 0.87565406
  0.8727936
 0.87541307
 0.87384669
 0.87661436
 0.87333838
 0.88168113
 0.88583998
 0.88351094
 0.88136065
 0.88583977
 0.88717319
  0.8881178
 0.88697638
  0.8882428
  0.8791693
 0.88175498
 0.87768753
 0.87807588
 0.88289456
 0.88432947
 0.89325251
 0.89033088
 0.89271108
 0.89757963
 0.89982487
 0.89643748
 0.90720441
 0.90616905
 0.91243668
 0.92030139
 0.91938431
 0.92418938
  0.9247304
 0.92918216
 0.92940764
 0.92640139
 0.92856121
 0.92184457
 0.91943682
 0.92305574
 0.91664678
 0.91206548
 0.91066243
 0.91612795
 0.91122221
 0.91387879
 0.91756203
 0.92079477
 0.91131455
  0.9123128
 0.90552195
 0.90757583
 0.89764422
 0.90434957
 0.90509111
 0.89407016
 0.89518357
 0.89136859
 0.88251575
 0.86691604
 0.86180273
 0.85805103
 0.85392864
 0.86315965
 0.88091587
 0.88468198
 0.89198094
 0.89640869
 0.89569797
 0.89667613
 0.89674982
 0.88878728
 0.87821119
 0.87310607
 0.86704084
 0.88913257
 0.89017685
 0.89435506
 0.88590379
 0.89039998
 0.88983196
 0.89079698
 0.89842167
 0.89610917
 0.90022891
 0.88990515
 0.89248721
 0.88264868
 0.89024655
 0.89207157
 0.88443376
 0.88580196
 0.87687224
 0.88405167
 0.88330688
  0.8921496
 0.88509371
 0.88368328
 0.87859416
 0.88405037
 0.87411635
 0.86296034
 0.87732418
 0.88084298
 0.88403323
 0.87910636
 0.87688157
 0.86939015
 0.85237088
 0.85212351
  0.8525153
 0.84986161
  0.8404134
  0.8430882
 0.82989314
 0.83452931
   0.841589
 0.84708695
 0.84849788
 0.84561174
 0.83804909
 0.83301238
 0.83075485
 0.83452191
 0.83652038
 0.84287626
 0.85193366
 0.86646892
 0.88032069
 0.88208269
 0.88774858
 0.89442196
 0.89305134
 0.89616014
 0.89734142
 0.89184385
 0.89527047
 0.89441454
 0.89243047
  0.8837953
 0.87957422
 0.87907938
 0.88111146
 0.86866859
 0.87650132
 0.87222113
 0.87145481
 0.85847783
 0.86464459
 0.86177636
 0.87426741
 0.86752059
 0.86923934
 0.87632681
 0.88787136
 0.86875642
 0.86531317
 0.86555633
 0.86429276
   0.861649
 0.86632654
 0.86288931
 0.86275201
 0.86362389
 0.87106727
 0.85685441
 0.86156892
 0.86363948
 0.86811408
 0.87109018
 0.87160055
 0.87231721
 0.86736711
 0.85988173
 0.86136362
 0.85882556
 0.86277101
 0.85801908
 0.85484666
 0.84576513
 0.84385472
 0.84321677
 0.85839642
 0.86968821
 0.87384674
 0.87232037
 0.87409521
 0.88342491
 0.89251766
  0.8908486
  0.8919227
  0.8935728
   0.887275
 0.88573423
 0.89374966
 0.89031953
 0.89408225
 0.89244039
  0.8903112
  0.8883077
 0.88827805
 0.89006615
 0.88047477
 0.87775333
 0.87700223
  0.8783489
 0.87560849
 0.87995962
 0.88589495
 0.87937904
 0.87486487
 0.88171943
 0.89002187
  0.8811267
 0.88350064
 0.87651422
 0.88478911
 0.88225076
 0.88292369
 0.89242662
 0.89322313
 0.89564366
 0.89161115
 0.89014707
 0.88076576
 0.87915529
 0.87949837
 0.87519709
 0.86763365
 0.85500414
 0.85376137
 0.85366116
  0.8607918
 0.85053997
 0.84878823
 0.85255607
 0.84407411
 0.83692185
 0.84946971
 0.85113775
 0.84527696
 0.84855827
 0.84135918
 0.83979032
 0.83540252
 0.84390073
 0.85089284
 0.85013226
 0.85720682
  0.8595617
  0.8629291
 0.87034678
 0.87189557
 0.87694819
 0.87409877
  0.8728983
 0.88604734
 0.88368841
 0.88580974
 0.88429417
 0.87965777
 0.88428565
 0.88549898
 0.89342868
 0.89330156
 0.89192578
 0.89088159
 0.89417831
 0.89821368
 0.89928341
  0.8987378
 0.89510802
 0.90010077
 0.90792604
 0.90931735
 0.91291656
  0.9129284
 0.91582139
 0.91502315
 0.91653773
 0.91355688
 0.90972486
 0.90405015
 0.89648083
 0.89644548
 0.88736755
 0.88404612
 0.88924906
 0.89892496
 0.90036679
 0.89717551
 0.87895703
 0.87283465
 0.87125665
 0.87269357
 0.85477075
 0.85458763
 0.83267247
 0.83716514
 0.85584139
 0.85223542
 0.84519093
 0.83658385
 0.82307112
 0.81030235
 0.81302839
 0.83838656
 0.83863957
 0.83141645
 0.83918427
 0.81889996
 0.82712979
 0.82473136
 0.83026487
 0.83710336
 0.83863797
 0.84654823
 0.85826753
 0.87208534
 0.87157779
 0.86438578
 0.86610066
 0.87401596
 0.87768124
 0.85315811
 0.86001059
 0.85367967
 0.85277345
 0.84481124
 0.84339377
 0.83065353
 0.84535235
 0.84372517
 0.85528863
  0.8476671
  0.8478977
 0.84454123
 0.84338827
 0.86592536
 0.85067248
 0.85345687
 0.85729466
 0.83099864
 0.84079774
 0.83238014
 0.83302802
 0.83148067
  0.8332237
 0.83351574
 0.82038652
 0.83536649
 0.84728668
   0.866188
 0.88088374
 0.87453699
 0.87496341
 0.87994472
 0.86713089
 0.87240871
 0.86872855
 0.87718639
 0.88856249
 0.89019357
 0.88099999
 0.87526594
 0.88267931
 0.88993525
 0.87692145
 0.87353375
 0.86771123
 0.86977208
 0.88078195
 0.87399946
  0.8635139
 0.86764623
 0.85852582
 0.87203043
 0.87420448
 0.88813454
 0.88998807
 0.89435453
 0.91032306
 0.90867154
 0.88854612
 0.88673545
 0.87181253
 0.87438074
 0.87313095
 0.86425121
 0.87216718
 0.87722459
 0.88805506
 0.88123348
 0.86257045
 0.86166049
 0.85899514
 0.86737128
 0.86104812
 0.84898164
 0.85572868
 0.84262891
 0.83863598
 0.82917443
 0.82590835
 0.82996238
 0.82178782
 0.82090582
 0.81860345
 0.82092743
 0.81880487
 0.81452096
 0.82061744
 0.81417209
 0.80743252
 0.80542461
 0.79917066
 0.78845194
 0.79669171
  0.7899367
 0.78592749
 0.78069555
 0.78250444
 0.79175305
 0.79478004
 0.79602415
 0.79706155
  0.7948739
 0.79039701
 0.78525697
 0.78413946
 0.77631219
  0.7703998
 0.77032544
 0.77543005
 0.77023186
  0.7800859
 0.77658523
 0.77772188
  0.7733398
 0.77050381
 0.77719723
 0.78285072
 0.78476246
 0.79066245
 0.79061498
 0.79403614
 0.78281375
 0.78398913
 0.78454954
 0.78963064
 0.78562079
 0.79815388
 0.78776768
 0.78467702
 0.78247486
 0.78086589
 0.78505775
 0.78388136
 0.78499409
  0.7819572
 0.78361875
 0.77082192
 0.77213318
 0.75642392
 0.76099372
 0.76983698
 0.75971498
 0.76501553
 0.77080247
 0.77012467
 0.77000392
 0.77572764
 0.77598008
 0.77886015
 0.77209734
 0.77523003
 0.77109507
 0.77699874
 0.77102403
 0.77243939
 0.76796918
 0.77496254
 0.78584588
 0.77584906
 0.77188331
 0.77088374
 0.76747425
 0.75620335
 0.75958579
 0.75741277
 0.75878977
 0.75050703
 0.76092637
 0.76162164
 0.76045044
 0.75443899
 0.75643253
  0.7578667
 0.76343355
  0.7574602
 0.76421327
 0.75577093
 0.75921423
 0.75418728
 0.75888479
 0.76838131
 0.76089976
  0.7547256
 0.75415841
 0.75214729
 0.76310752
 0.75703096
 0.75692328
 0.75931219
 0.75072418
 0.74504238
 0.73455067
 0.73510781
 0.74154571
  0.7413501
 0.74644848
   0.751224
 0.75835869
  0.7617008
 0.76227709
 0.76647656
  0.7618808
 0.75901962
 0.76411743
 0.75948518
 0.76906247
 0.77487549
 0.77441531
 0.77324735
 0.77695517
 0.77706164
 0.78426973
 0.78496053
 0.78169991
 0.78049158
 0.78177138
 0.78259784
 0.78500471
 0.78789402
 0.78243813
 0.78099045
 0.77537059
 0.76774444
 0.76206661
 0.77122632
 0.76717935
 0.77109389
 0.76489239
 0.76126546
  0.7655322
 0.76682454
 0.75808605
 0.75012103
 0.75232452
 0.74905132
 0.76208085
 0.75488051
 0.76586184
 0.76365229
 0.77099311
 0.76998083
  0.7767796
 0.78537609
 0.78757534
 0.78826844
 0.78951999
 0.78569323
 0.79231678
 0.79489273
 0.79694189
 0.79502988
   0.799353
 0.79423638
 0.80244898
 0.79429542
 0.79585758
 0.80667353
 0.79917643
 0.80293857
 0.79781921
 0.79217222
 0.79855404
 0.79497055
 0.78992352
 0.79162939
 0.79584128
 0.79936978
 0.78990193
 0.78894691
  0.7870346
 0.78932154
 0.79243716
 0.80068981
 0.79916002
 0.79210028
 0.79639948
 0.79435814
 0.79712372
   0.793788
  0.7908853
 0.80317036
 0.80575987
 0.80403637
 0.81416161
 0.81044187
  0.8219721
 0.82460208
 0.81703647
 0.81861957
 0.82226793
 0.81403848
 0.80709939
 0.81900676
 0.80306241
 0.81012028
 0.81730344
 0.82481569
 0.80630496
  0.8123896
 0.80913002
 0.81044768
 0.81194506
  0.8148944
 0.82951758
 0.82960949
 0.83000153
 0.82644111
 0.84898884
 0.84573999
  0.8395853
 0.85091068
 0.84008879
   0.851685
 0.86343709
 0.87306586
 0.88190162
 0.87880686
 0.88117661
 0.87678857
 0.87318201
 0.87727601
 0.88360384
  0.8854305
 0.88842535
 0.88399122
 0.88722464
 0.89183583
  0.8962485
 0.90249785
 0.90569947
 0.90492045
 0.90277146
 0.89957283
 0.89881437
 0.89798739
 0.89801941
 0.89577404
 0.89716774
 0.89464776
 0.90124193
 0.90589195
 0.90278199
 0.90000447
  0.8994993
  0.9028957
 0.90061279
 0.89721875
 0.89728521
 0.90303948
 0.90592118
 0.90613538
 0.89780401
 0.89739164
 0.89471649
 0.90343551
 0.90116612
 0.90894583
 0.91268245
 0.90831963
 0.90462197
 0.90088554
 0.90081479
 0.89727377
 0.88511593
 0.88161718
 0.88950609
 0.88901506
 0.89081974
 0.88651983
 0.89521834
 0.89818091
 0.90148345
 0.90413777
 0.90050741
 0.90262644
 0.89958956
 0.89634474
 0.90095912
 0.89646714
 0.89394753
 0.89333334
 0.90267567
 0.90390835
 0.90208035
 0.91042116
 0.90944018
  0.9108964
 0.91078284
 0.91107088
   0.905265
 0.90448864
 0.90279176
 0.88478238
 0.87624308
 0.86533136
 0.86156138
 0.87053707
 0.86470247
 0.86328366
 0.87678464
 0.88523924
 0.88528209
 0.88486381
 0.89617552
 0.90020145
  0.8985994
 0.89757917
 0.90133162
 0.90166356
 0.90400701
 0.89902869
  0.8993194
 0.90695117
 0.90313485
  0.9017828
 0.90096471
 0.90572695
 0.90475216
 0.90429117
 0.90664532
 0.90636398
 0.90187307
 0.89720112
 0.89287379
 0.88854527
 0.90178452
 0.91240065
 0.91246792
 0.91351604
 0.91541026
 0.91032856
 0.90691742
 0.90957119
 0.90766767
 0.90266031
 0.90273689
 0.89603399
 0.89534722
 0.89600131
 0.89403592
 0.90049255
  0.9084181
 0.91946644
 0.92380745
 0.92436223
 0.92853648
 0.93277135
 0.92268238
 0.92260685
  0.9263263
 0.92495048
 0.92254549
 0.92432106
 0.92331364
 0.92893764
 0.92588043
 0.92966138
 0.92969797
 0.92729022
 0.91865668
 0.91851949
 0.92145645
 0.92021756
 0.92146274
 0.92383821
 0.91700406
  0.9131382
  0.9144072
 0.91636681
 0.90842507
 0.91567982
 0.91601336
 0.91341025
 0.90907632
 0.91221371
 0.91212422
 0.91473016
 0.92085206
 0.92384626
  0.9259997
 0.92502779
 0.92140783
 0.91474788
 0.91516846
 0.91459851
 0.91230237
 0.91332179
 0.91438797
 0.91803929
 0.92033729
 0.92519658
 0.92352833
 0.92673199
 0.93575826
 0.93669742
 0.93763475
  0.9372881
 0.93653883
   0.933441
 0.93489923
 0.93166273
  0.9324548
 0.93212618
 0.93316274
 0.93358339
 0.93526909
 0.93871109
 0.93878374
 0.93285432
 0.92375299
 0.91869103
 0.91984545
 0.92252112
 0.91446043
 0.92426439
 0.92079488
  0.9241543
 0.92513529
   0.920897
 0.92306485
 0.92879333
 0.92814649
 0.92772826
 0.91741904
 0.92375828
 0.92927852
 0.93080172
  0.9240379
 0.92179062
  0.9190276
 0.91040908
  0.9012465
 0.89436379
 0.89259064
 0.88970393
 0.89268751
 0.89541673
 0.89580849
 0.90518552
 0.91134618
 0.90195936
 0.90802345
 0.90701072
 0.90254508
 0.90132078
 0.90642326
 0.90054688
 0.90193347
  0.9060058
 0.90740296
 0.90405362
 0.89611216
 0.89357894
 0.88425254
 0.88905836
 0.91246777
 0.93014393
 0.93304464
 0.93233723
  0.9225016
 0.92217153
 0.91985983
  0.9235811
  0.9280013
 0.92947896
 0.92772223
 0.93122475
 0.92950651
  0.9239612
 0.91929993
 0.91915415
 0.91913887
 0.93075388
 0.93165833
  0.9250331
 0.93013869
 0.92864736
 0.92607521
 0.92353491
   0.923589
 0.92506483
  0.9304519
 0.93442268
 0.92705294
 0.92311996
 0.92267291
 0.92503592
 0.91661128
 0.92308624
 0.91583331
 0.91021309
  0.9096047
 0.91236768
 0.91602902
 0.91304178
 0.90481858
 0.90651556
 0.91653986
 0.91588939
 0.91431664
 0.91614658
 0.91416131
 0.91302874
 0.92205388
 0.90715858
 0.90630173
 0.90918485
 0.91435119
 0.91739326
 0.92341915
 0.92571703
 0.92819999
 0.91762237
 0.92615209
   0.929362
 0.93072582
  0.9316219
 0.93116497
 0.93748396
 0.93057943
 0.93320823
 0.93045849
 0.93538998
 0.93717158
 0.93119152
 0.93752994
 0.93597304
 0.93617136
 0.92943031
 0.93304638
 0.93063826
 0.93234006
 0.93442167
 0.92662124
 0.93662557
 0.93906425
 0.93999547
 0.93579814
 0.93770111
  0.9379646
 0.93281656
 0.92510723
 0.93168562
 0.92671724
 0.93474473
 0.92457094
 0.92766063
 0.92278572
 0.92606684
 0.93129302
 0.92775685
 0.92028194
 0.91193029
 0.90868996
 0.89930727
  0.8811548
 0.88415543
 0.88614946
 0.88473261
 0.87747601
 0.88568139
 0.88035251
 0.88780165
 0.89950664
 0.89577767
 0.89597116
 0.90185761
  0.9066386
 0.91471426
 0.91738735
 0.91531185
 0.91633411
 0.91382611
 0.91251337
 0.91590477
 0.91935435
 0.91542405
 0.90710607
 0.91497433
 0.91323711
  0.9095133
 0.90361405
 0.90615733
 0.90972158
 0.90506693
 0.90507419
 0.90324903
 0.90315862
 0.91116706
 0.89948782
 0.88416584
 0.88913959
 0.89897523
 0.89286051
 0.89789215
 0.90088207
 0.90759012
 0.91042222
   0.912086
 0.91199798
 0.90364573
 0.90122708
 0.90747894
 0.91076938
 0.91186764
 0.90922839
  0.9070556
 0.90185322
 0.89949133
 0.89218982
 0.89281428
  0.8995998
 0.90052258
 0.89305285
 0.89155099
 0.89394057
 0.89838932
 0.89045271
 0.88731108
 0.88666162
 0.88986572
 0.88671007
 0.88246318
 0.88429376
 0.88512405
 0.89021247
 0.89438622
 0.89188861
 0.89733912
 0.90213905
 0.89246322
 0.88978645
 0.88927187
 0.88948253
 0.89252342
 0.89183624
 0.88568479
 0.89090009
 0.89947339
 0.89762708
 0.89690196
 0.90084516
 0.89883912
 0.89234004
 0.89130239
 0.89072295
 0.89790668
 0.89725207
 0.89259738
 0.89762135
 0.89310247
 0.88663399
 0.88832581
 0.88588003
 0.88510908
 0.87237244
 0.86586771
 0.85960055
 0.85840173
 0.86236959
 0.86530933
 0.86479612
 0.85579505
 0.87258931
 0.86453935
 0.86987213
 0.86444525
  0.8678187
 0.84839197
 0.83506379
 0.84088849
 0.84062938
 0.84568435
 0.84519299
 0.84210357
 0.83835841
 0.83671896
 0.83416966
 0.83879828
 0.83086589
 0.84864841
 0.84402547
 0.83647297
 0.83934484
 0.83599167
 0.82476942
 0.83048025
  0.8262736
 0.82349117
 0.83671288
 0.83330663
 0.83824421
 0.84221715
 0.83993859
 0.84665578
 0.83650142
 0.83929281
 0.82786953
 0.83828684
 0.83644782
  0.8380316
 0.83671131
 0.84338817
 0.84115911
 0.85003737
 0.84450133
 0.84754901
 0.85106083
 0.83977599
 0.83590922
 0.84096101
 0.84759204
 0.83681075
 0.83937559
 0.83726832
 0.83443482
 0.83951784
 0.84029801
 0.84419525
 0.83980072
 0.84260049
 0.84304322
 0.84259373
 0.84460331
 0.84835447
 0.83581467
 0.83631159
 0.83305584
 0.82554905
  0.8259217
 0.83008221
 0.82008048
 0.81515731
 0.81266165
 0.81732801
 0.81376498
   0.819286
 0.83389083
  0.8427236
 0.84546675
 0.85037307
 0.85632709
 0.85534549
 0.85454825
 0.85124719
 0.86048381
 0.85285859
 0.84952559
 0.84875325
 0.84950384
 0.85327964
 0.84962091
   0.856939
 0.85736371
 0.85533231
  0.8714309
 0.86655251
 0.87074704
 0.86874744
 0.86243948
 0.87392078
 0.86260301
 0.86108436
 0.84694284
 0.84817014
 0.86169402
 0.85378853
 0.86273935
 0.86202766
 0.85629338
 0.85677023
 0.85637927
 0.84696444
 0.84465116
 0.84255225
 0.82897027
 0.83235048
 0.83375785
  0.8371102
 0.84278968
 0.83804092
  0.8367239
  0.8410232
 0.84109976
 0.82828017
  0.8233259
 0.81613256
 0.81997232
 0.82494986
 0.82483624
 0.82416852
 0.82690159
 0.83853812
 0.83062158
 0.83558413
 0.83188995
 0.82119304
 0.83558796
 0.83227442
 0.83838116
 0.83935579
 0.83296557
 0.82530388
 0.82998148
 0.83947652
 0.84416691
  0.8389155
 0.83752976
   0.843802
 0.85151115
 0.84612781
  0.8433131
 0.84376464
 0.84434141
 0.84876463
 0.84318222
  0.8364655
 0.83510221
 0.84244776
 0.83967219
 0.84471464
 0.83977705
 0.83659822
 0.83743229
 0.83302674
 0.83264583
 0.83782365
 0.84683173
 0.84563088
 0.85452354
 0.85973448
 0.85553349
 0.85443988
 0.85378789
 0.85528995
 0.85601172
 0.85430282
 0.85268811
 0.85388979
 0.85578303
  0.8612367
 0.85831909
 0.85674644
 0.85806957
 0.85440541
 0.84917747
 0.84176601
 0.84144666
 0.84472917
 0.83882722
 0.84117287
 0.83856904
 0.83852928
  0.8410575
 0.84509371
 0.84905953
 0.85236333
 0.84663346
 0.84632123
 0.84660936
 0.84245275
 0.84489088
 0.84376798
 0.84612337
 0.85298135
 0.85091874
 0.84072068
 0.83840462
 0.83384771
 0.83220583
 0.83459628
  0.8433767
 0.85421741
 0.84576628
 0.83846695
 0.84191891
  0.8416394
 0.82819096
 0.83249183
 0.82449279
 0.81481258
 0.81800895
 0.82138131
 0.82196342
 0.81131361
 0.80936591
 0.82097397
 0.83324887
 0.83693707
 0.84298275
 0.84346141
 0.84025254
 0.84773964
 0.84421998
  0.8471698
 0.84409311
   0.835545
  0.8267062
 0.81018879
 0.81732457
  0.8200304
 0.81108853
 0.83010123
 0.83730505
 0.85033498
 0.84649419
 0.83772052
 0.84641407
  0.8459544
  0.8441087
 0.84596571
 0.84519708
 0.85697792
 0.86033807
 0.85757652
 0.85843324
 0.85214552
 0.84645361
  0.8364958
 0.83981753
 0.84868359
 0.85964451
 0.85888622
  0.8552088
 0.86751206
  0.8558291
 0.84810943
 0.84208179
 0.84344438
 0.84309144
 0.84067123
 0.83533084
 0.83866954
  0.8469465
 0.85711637
 0.86117887
  0.8645902
 0.87022591
 0.86781669
 0.86972391
  0.8712963
 0.87114336
 0.86796623
 0.87312556
 0.86808245
 0.86748768
 0.85645136
 0.85943137
  0.8531678
 0.85358461
 0.84905993
 0.85136714
 0.85781171
  0.8608174
 0.86830613
 0.86559945
 0.86560735
 0.85660519
 0.85620511
 0.85355521
 0.85400753
 0.85436451
  0.8500046
 0.84354257
 0.84187093
 0.83820907
 0.83536236
 0.83606776
  0.8343935
 0.82631009
 0.82099304
 0.81972742
 0.81817444
 0.81398104
 0.80775417
 0.81042324
 0.80792912
 0.79864251
 0.80556506
 0.81332557
 0.80225494
 0.79686572
  0.7992211
 0.80847729
 0.82502363
 0.82617665
 0.82237869
 0.82710269
 0.81241017
 0.81980545
 0.81652896
 0.82641353
 0.83774168
 0.84705357
 0.84585279
 0.84706761
 0.85128103
 0.86019391
 0.85901899
 0.85252544
  0.8461621
 0.85847489
 0.85415774
 0.86002496
 0.86458862
 0.86129356
  0.8641486
 0.86099255
 0.86224632
 0.86180175
 0.86092823
 0.85865561
   0.858474
 0.85282069
 0.85166181
 0.85085156
 0.85258864
 0.84362707
 0.84529486
 0.84475312
 0.84857561
 0.84434015
 0.84450333
 0.84695883
 0.84161314
 0.83756351
 0.83485357
 0.83459141
 0.83893865
 0.83489596
 0.84866369
 0.84682329
 0.85433517
 0.85118987
 0.84708477
 0.84843139
 0.85409638
 0.86028573
 0.85995187
 0.85740585
 0.85195207
 0.85294925
 0.84967003
 0.85416497
 0.85017763
 0.85812098
 0.85704481
 0.84830571
 0.84599284
 0.84072075
 0.84927653
 0.84763781
 0.84912257
 0.83682803
 0.83241187
 0.82403757
 0.82912478
 0.84663337
  0.8430179
 0.85197452
 0.85012369
 0.85470381
 0.85029819
 0.86215966
 0.86278423
   0.866189
  0.8626497
 0.86175635
  0.8575087
 0.85550513
 0.84929454
 0.85264161
  0.8505266
 0.85691929
 0.85983801
 0.86198728
 0.85816149
 0.85799525
 0.86298511
 0.86227285
  0.8635521
  0.8657985
 0.86520781
  0.8692378
 0.86210803
 0.85650672
 0.85365788
  0.8506656
 0.85361722
 0.85311942
 0.84524674
 0.83917246
 0.84736102
 0.85076534
 0.85809683
 0.84601765
  0.8397423
 0.83524787
  0.8423612
 0.84308241
  0.8517711
 0.84384644
 0.84414101
 0.85367129
 0.85089332
 0.85667459
  0.8564143
 0.85755934
  0.8635045
 0.85777174
 0.85823326
 0.86303601
  0.8621352
 0.85760972
 0.86982061
 0.86894742
 0.86711536
 0.86052853
 0.85987113
 0.85244812
 0.85040485
 0.86018836
 0.85430266
 0.85114915
 0.85510481
 0.87010456
 0.87655197
  0.8732921
 0.86868455
 0.85992326
 0.84948787
 0.85905123
 0.86218458
 0.85708595
 0.85639858
 0.85731412
 0.86711088
 0.87048872
 0.86873117
 0.86701553
   0.867751
 0.87956832
 0.88510503
 0.87860973
 0.87842759
 0.87456029
 0.86821535
 0.87819807
 0.87627093
 0.88110484
 0.87898881
 0.87595508
 0.87082366
 0.87552244
 0.87470652
 0.86705145
 0.86296505
 0.86562531
 0.86680347
  0.8577077
 0.86048683
 0.86483522
 0.86595027
 0.86661976
 0.86478451
 0.86516512
 0.86434851
 0.85896278
 0.85786412
  0.8576887
 0.85548168
 0.85288014
 0.86047883
 0.84985806
 0.84930875
 0.83386906
  0.8269905
 0.84035166
 0.83400062
  0.8338243
 0.83078935
 0.84828364
 0.83779214
 0.83611683
 0.84030937
  0.8320961
 0.83169101
 0.84240328
   0.842852
 0.85693616
  0.8489125
 0.85595163
 0.85934412
  0.8673743
 0.86961278
 0.85613437
 0.86439356
 0.85349567
 0.87101696
 0.87528891
 0.88424711
 0.89020366
 0.88252566
 0.87258913
 0.87357758
 0.87063822
 0.86359451
 0.85369988
 0.86101767
 0.86148269
 0.86092091
 0.85879055
 0.85474335
 0.84488056
 0.84858328
 0.84495482
 0.83901519
 0.85556246
 0.85007297
 0.85062305
  0.8493544
 0.83906513
 0.84039812
 0.84417292
 0.85192271
 0.85449062
 0.85718031
 0.84903973
 0.84650871
 0.84731451
 0.84027876
 0.83538298
 0.83436395
 0.82569322
 0.83778057
 0.85084024
 0.85952347
 0.86432681
   0.868047
 0.86970631
  0.8632106
 0.86014222
 0.86516045
 0.86032427
 0.85975896
   0.876338
 0.87698003
 0.87600644
 0.88257361
 0.88418846
 0.88567772
 0.88688012
 0.88728685
 0.88677929
 0.88485397
 0.88842113
 0.88690467
 0.89124027
 0.88888161
 0.89122642
 0.88933989
 0.89032146
 0.88673402
 0.88586666
 0.89296693
 0.89485694
 0.89618739
 0.90164335
 0.89811711
 0.90469979
 0.89883841
 0.90147999
  0.9073766
 0.90200597
 0.90443943
 0.90833204
 0.89691975
  0.8972179
 0.89128839
 0.89571249
 0.90136372
 0.90197595
 0.89884658
 0.90311176
 0.90624975
 0.89903028
 0.90631912
 0.90303294
 0.90250558
 0.90208213
 0.89880924
 0.90406958
 0.90783843
 0.91036329
 0.90465421
 0.90281391
 0.90713983
 0.90487257
 0.90477295
 0.89694107
 0.89330642
 0.89797608
 0.90183522
 0.90873244
 0.90051562
 0.88959464
 0.89798544
 0.89256819
  0.8895782
 0.86681814
 0.86566334
 0.88016104
 0.88375287
 0.88516502
 0.88070619
 0.87407164
 0.87771629
 0.87326798
 0.87522986
 0.87622721
 0.86681169
  0.8761094
  0.8690514
 0.87617316
 0.86781839
 0.86789323
 0.87255345
 0.87720896
 0.86626035
 0.87322318
  0.8867512
 0.88530513
 0.88375789
 0.88499411
 0.88578534
 0.88392413
 0.88221387
 0.88275445
 0.88862299
 0.89138484
 0.89310711
 0.89588881
 0.89291871
 0.89366105
 0.88873729
 0.89073744
 0.88878221
 0.88616278
 0.88200032
 0.88071797
  0.8798211
  0.8880267
 0.88269137
 0.88861586
 0.88928159
 0.88318306
 0.89178424
 0.89736483
 0.89486387
 0.88630958
 0.89694923
 0.89344497
 0.90599827
 0.89390772
 0.87789257
 0.88997791
 0.89424962
  0.9033808
 0.89905738
 0.90282465
 0.90991372
 0.91826637
 0.91263788
 0.90481046
 0.90633332
 0.90466768
 0.90888683
 0.90687368
 0.89233497
 0.89074625
  0.8882261
 0.88550689
 0.87888825
 0.88547883
 0.88387728
 0.88394304
 0.87687734
 0.87383103
 0.87897117
  0.8743571
 0.87543576
 0.87261453
 0.87871842
 0.87487002
 0.87828349
 0.88200604
 0.88211805
 0.87434302
 0.87011877
  0.8707113
 0.87470332
 0.87636149
 0.87919958
 0.87379238
 0.86945316
 0.87463284
 0.88019211
 0.88880763
 0.88063229
 0.88806852
 0.88202803
 0.89312267
 0.89000528
 0.89352561
 0.89433169
 0.89495627
  0.8951149
 0.89682923
 0.88932772
 0.89019255
 0.88394214
 0.88838551
 0.88629536
 0.88830304
  0.8857445
 0.87506899
 0.88411756
 0.87824606
 0.86976846
 0.86485798
 0.88030762
 0.88045816
 0.88757094
 0.88524945
 0.88084292
 0.88324363
 0.88530798
 0.88351756
 0.88019642
 0.88071995
  0.8822977
 0.88458623
 0.87754136
 0.87937211
 0.87461632
 0.87541809
 0.87885489
 0.87566658
 0.88352507
 0.88542485
 0.89084722
 0.89243768
 0.89463534
 0.90014768
 0.89837805
 0.88964466
 0.89557866
 0.89099553
 0.89155075
 0.88840598
 0.88659297
 0.88555523
  0.8802008
 0.88281184
 0.88013745
 0.88024119
 0.88163137
 0.87975492
 0.88447562
 0.88610455
 0.89214837
 0.88999465
 0.88567574
 0.88152348
 0.88562374
  0.8899789
 0.89072433
 0.88850117
 0.88913395
 0.88224002
 0.87974143
 0.88207109
 0.88744835
 0.87824783
 0.87024699
 0.87134055
 0.87204199
 0.88188649
  0.8825456
 0.88084453
  0.8830605
 0.86978777
 0.87133997
 0.86772627
 0.87669461
 0.88689103
 0.88503062
 0.88476937
 0.88345389
 0.87637457
 0.87700512
 0.88120529
 0.88643358
 0.89021852
 0.88902639
 0.89048467
 0.89066176
 0.88453266
 0.87908881
 0.87341436
 0.87839275
  0.8824623
 0.87898423
 0.87826518
 0.87819102
  0.8844639
 0.89202676
  0.8856342
 0.89046501
 0.88424204
 0.89130221
 0.89377703
 0.89981797
 0.89280329
 0.89617034
 0.88953909
 0.88767644
 0.89029842
 0.89055585
 0.88733022
 0.88321183
 0.88384869
 0.88355921
 0.88627908
 0.88785916
 0.88764574
 0.88816645
 0.88050208
 0.87909205
  0.8882785
 0.88808028
 0.89413872
 0.89957109
 0.89838088
 0.89545684
 0.89784926
 0.89266227
 0.88923296
 0.89065804
 0.89546124
 0.89912112
   0.898075
 0.89472132
 0.89467477
 0.89386964
 0.87955245
 0.87843426
 0.88611276
 0.89282414
 0.89059458
 0.88544925
  0.8879957
  0.8860649
 0.88456842
 0.89715599
 0.90291209
 0.90614093
 0.90995562
 0.91028333
 0.89538195
 0.89309221
 0.90184355
 0.90123292
 0.90005906
 0.89567308
 0.89054037
 0.88374486
 0.88371227
 0.87102096
 0.87752654
 0.87451812
 0.87157879
 0.87479042
 0.86603103
  0.8690003
 0.87420005
 0.87489082
 0.87317161
 0.86796741
 0.87007369
 0.86771416
 0.86365581
 0.86595086
 0.86409843
 0.85896159
 0.85537947
 0.85090047
 0.85345929
 0.86419094
 0.87784324
 0.87891009
 0.88122738
 0.88180573
 0.87489353
 0.87687868
 0.87254347
 0.86767316
 0.85304114
  0.8641586
 0.86992488
 0.85724037
 0.87169944
 0.87694742
 0.87244197
 0.87726615
 0.86937329
 0.86328428
 0.85685336
  0.8640386
 0.86509185
 0.85929023
 0.86574885
 0.85378361
 0.85705159
 0.85007214
 0.83952481
 0.84430436
 0.84303003
 0.85330368
 0.85308994
 0.86363706
 0.84493166
 0.84380079
 0.84151642
 0.83857991
 0.83152392
  0.8373376
 0.83674733
 0.83902966
 0.84366547
 0.83995681
 0.84647042
 0.84216161
 0.84128278
 0.83827669
 0.83433369
 0.83566792
  0.8378577
 0.83570769
 0.82881117
 0.83906259
 0.83647792
 0.83499795
 0.83190015
 0.82414296
 0.82460657
 0.82598534
 0.82648403
 0.82998217
  0.8252331
 0.82643122
 0.82598764
 0.82818977
  0.8200751
 0.82872161
 0.82534843
 0.82896474
 0.83087763
  0.8299884
 0.82386748
 0.81913417
 0.82724959
 0.82469125
  0.8234239
 0.82813645
 0.83051649
   0.829985
 0.82903856
 0.82750013
 0.83232945
 0.83307646
 0.82755489
 0.82293281
 0.82221721
 0.82388545
 0.82126658
 0.82039529
 0.82770173
 0.83023349
 0.83271841
   0.834274
 0.83680147
 0.83366151
 0.83202987
  0.8335106
 0.83770523
 0.83697183
 0.83951645
  0.8395495
 0.84497978
 0.84704797
 0.85470388
 0.85403033
 0.85295428
 0.85351775
 0.85197613
 0.85572757
 0.86241787
 0.86521655
 0.86268386
  0.8643508
 0.86737471
 0.85965364
 0.86198316
 0.86194902
 0.86193106
 0.85768498
 0.85042879
 0.85544799
 0.86291268
 0.87121971
 0.87378061
 0.86675645
 0.86249396
 0.85932692
 0.86310019
 0.85427911
  0.8576171
 0.85409782
 0.85311112
  0.8517849
 0.85704462
 0.85681509
 0.85996451
 0.86119979
 0.85733513
 0.86344205
 0.85641415
 0.85493838
 0.85423314
 0.85293704
 0.85360164
  0.8525184
  0.8550981
 0.85583099
 0.86042736
  0.8590846
 0.85918731
 0.85757034
 0.86598972
 0.86574754
 0.85763257
 0.85772131
  0.8611536
 0.86396724
 0.86561791
 0.86311428
 0.87002181
 0.87133788
 0.87470761
  0.8740982
 0.87636701
  0.8774054
 0.86932206
 0.86181053
 0.86148456
 0.87061682
 0.87711204
 0.87265355
 0.86947299
 0.87257647
 0.86837569
 0.86777269
 0.86133993
 0.86649885
 0.87203772
 0.87291005
 0.87568954
 0.87625398
 0.87677083
 0.87134845
 0.87208313
 0.87628519
 0.87856622
 0.88670746
 0.88215605
 0.88233448
 0.87535719
 0.87125458
 0.87246825
 0.86648674
 0.85802851
 0.85332016
 0.86292549
 0.85214251
 0.85109425
 0.85450228
 0.84838894
 0.85879466
 0.85152347
 0.85506352
 0.84992408
 0.85935261
  0.8632471
  0.8658894
 0.87629968
 0.87100259
 0.86692258
 0.87003092
 0.87157919
 0.87573867
 0.87856275
 0.88171847
 0.88178335
 0.86959165
 0.87554136
   0.878805
 0.87395433
 0.86891792
 0.87125955
 0.86626029
 0.86695295
 0.87504186
 0.86772551
 0.86586727
 0.86757255
 0.87592116
 0.87414939
  0.8754774
 0.88121289
 0.87504044
 0.88520334
 0.89067707
 0.88904367
 0.88722605
 0.88650726
  0.8861111
 0.89093512
 0.89479644
 0.89862156
 0.89763863
 0.89905953
 0.89654479
 0.89713577
 0.89874674
 0.90228071
 0.90089504
 0.89980194
 0.89182903
 0.88824971
 0.88162243
 0.87673583
 0.87688939
 0.87782749
 0.87734538
 0.87768237
 0.86634707
 0.86385604
 0.86615023
 0.86071025
 0.87094367
 0.86942252
 0.85793169
 0.85494339
 0.85858076
 0.85614432
 0.86356536
 0.86689944
 0.86217918
 0.86390315
 0.87339908
 0.85588812
 0.86009618
  0.8633002
 0.86587328
 0.86390609
 0.85725145
 0.85011802
 0.85212205
 0.84833613
 0.85066865
 0.84941848
 0.85187976
 0.86240457
 0.86556225
  0.8746892
 0.87269647
 0.87710356
 0.87965169
   0.876714
 0.86569715
 0.85936994
 0.85814008
 0.86410251
 0.86794318
  0.8689328
 0.87505465
 0.87356365
 0.88178946
 0.88823988
 0.88574511
 0.87824467
 0.88034984
 0.87653981
 0.88011259
 0.87799567
 0.87551544
 0.87167437
  0.8702472
 0.87046171
 0.86500976
 0.86552584
   0.861776
 0.85666029
 0.86212293
 0.86436148
  0.8648753
 0.86295501
 0.86488598
 0.86444969
 0.86730153
 0.87092969
  0.8629758
 0.86258664
 0.86583539
 0.85936073
  0.8609654
 0.85903388
  0.8523162
 0.85160378
 0.85123701
 0.84637168
 0.84469216
 0.84165594
 0.84661304
 0.84771082
 0.84917997
  0.8497099
 0.83778319
 0.84644541
 0.85024316
 0.85177138
 0.84328128
 0.83801471
 0.83214049
 0.83720357
 0.82350516
 0.82518634
 0.81384144
 0.80698978
 0.81101933
 0.80599752
 0.80264908
 0.80454119
 0.80828443
 0.81434515
 0.80962822
 0.81321392
 0.82232981
 0.82306119
 0.82466409
 0.83261774
  0.8287014
 0.82776798
 0.81553612
 0.82181049
  0.8249064
  0.8234126
 0.81539122
 0.81346533
 0.81318665
  0.8152205
 0.81802093
 0.82034648
 0.82325027
 0.82666137
 0.82272415
 0.82997685
 0.82688907
 0.81568448
 0.80557574
 0.80406988
 0.80308192
  0.8056086
 0.80684145
 0.80779244
 0.81305872
 0.81196652
 0.80394184
 0.80764844
 0.81247261
 0.81321765
  0.8118201
 0.80240915
 0.81286333
 0.81019247
 0.80557158
 0.80759897
 0.81226343
 0.80889524
 0.80237041
 0.80344583
 0.80626165
 0.80263246
 0.80080341
 0.80280659
 0.79531517
 0.78765032
 0.79190049
 0.79198707
 0.78881611
 0.78596611
 0.78115954
 0.77496563
 0.78408043
 0.78752443
  0.7825937
 0.77607643
 0.78209293
 0.79242757
 0.78678811
 0.79163527
 0.79774633
 0.79989051
 0.79402151
 0.80166234
 0.80612371
 0.80829463
 0.80767652
 0.80854711
 0.80197929
 0.80710708
 0.80582112
 0.80271463
 0.79747322
 0.79432796
 0.79519035
  0.7950441
 0.78853518
 0.79590601
 0.79432391
 0.81376377
 0.80587079
 0.81201415
 0.81379198
 0.80753573
  0.8102404
 0.81051292
 0.81016337
 0.81732211
 0.82079917
 0.82208969
 0.82290292
 0.81899374
 0.81925629
 0.82145373
 0.81482098
 0.80665354
 0.80709481
 0.81147136
 0.80664742
 0.80188222
 0.80343433
 0.80861541
 0.80696807
 0.80186231
  0.8002472
 0.79183447
 0.79265197
 0.78361107
 0.78291735
 0.77223232
 0.76103071
 0.77052475
 0.77321913
  0.7779116
 0.78277185
  0.7744421
 0.76925984
 0.77873769
 0.77274622
 0.75221787
 0.76043802
 0.74760527
 0.77287267
 0.78472161
 0.77777696
 0.79791021
 0.81303621
 0.81179846
 0.80023141
  0.8017491
 0.80855329
 0.81107874
 0.81064529
 0.81123977
 0.80814449
 0.80288702
 0.80552047
 0.80576111
 0.80139375
 0.80660631
 0.80554925
 0.80964674
 0.80634168
 0.80409669
 0.80576188
 0.80230208
 0.81137447
 0.81181877
 0.80884493
 0.81176679
 0.81514633
 0.80939736
 0.81669654
  0.8199559
 0.82321253
 0.81134783
 0.81202348
 0.81359859
 0.81743019
 0.82392836
  0.8293235
 0.82183568
 0.82390829
 0.82760476
 0.82416003
 0.82729093
  0.8208164
 0.82083568
 0.82231467
 0.82847691
 0.83313372
 0.83163554
 0.83137545
 0.83608221
 0.83826585
 0.83609781
 0.83575029
 0.83417787
 0.83082899
 0.82992514
 0.83136237
 0.83461319
 0.83313358
 0.84114395
 0.83508552
 0.83201177
 0.82669623
 0.82720362
 0.82874898
 0.83309658
  0.8287115
  0.8245237
 0.82903362
 0.83456875
 0.83773664
 0.84160245
  0.8423279
 0.84916752
  0.8565777
 0.85378189
 0.85626635
 0.85958719
 0.86518497
 0.86770203
 0.86796746
 0.86375405
 0.86483367
 0.86008845
  0.8599225
  0.8610064
 0.86417548
 0.85351485
 0.85722169
 0.85202594
 0.84631679
  0.8442351
 0.84444644
 0.84326141
 0.85104569
 0.84700464
 0.84247855
 0.84265133
 0.84003588
 0.85096213
 0.84888443
 0.85746455
  0.8605562
  0.8580396
 0.86127829
  0.8638321
 0.86114917
 0.86384918
 0.87020268
 0.87119082
 0.86224801
 0.86463701
 0.86725567
  0.8708321
 0.86998993
 0.87046424
 0.87153052
 0.87329562
 0.87116788
 0.87017482
 0.86779362
 0.86505614
 0.86148357
 0.86832423
 0.87179225
 0.87111328
 0.86594653
 0.86641773
 0.86303581
 0.86127424
 0.85792372
 0.85706893
 0.85890006
  0.8597444
 0.85637363
 0.86058884
 0.87051819
 0.86591331
 0.86475614
 0.86128269
 0.87576687
  0.8790305
 0.87890084
 0.88450836
 0.87411337
 0.87202181
 0.86818215
 0.86222247
 0.86244119
 0.86019735
 0.84920825
 0.85530099
 0.86138916
 0.85497688
 0.86635866
 0.86493283
 0.86342726
   0.863389
 0.87158096
 0.87148591
 0.87449483
 0.87286507
 0.87101475
 0.87422519
 0.87236326
 0.87422228
 0.87484344
 0.87695203
 0.87459739
 0.87712547
 0.87755239
 0.87766903
 0.87349877
 0.87285356
 0.87273519
 0.86743835
  0.8582011
 0.85691928
 0.87479543
 0.86599449
 0.86685807
 0.87212262
 0.87553287
 0.87247691
 0.86585359
  0.8654984
 0.85893768
 0.86589131
 0.86894572
 0.86687958
 0.86645098
 0.86801319
 0.86545791
 0.86945381
 0.87006865
 0.87696833
  0.8810264
 0.89475471
 0.88927016
 0.89305321
 0.89384276
 0.89242586
 0.89349741
 0.89900222
 0.90065063
 0.89697022
   0.888961
 0.88564328
 0.88080292
 0.87345611
 0.86961375
 0.87363539
 0.87393668
 0.87843983
 0.88053443
 0.86973815
  0.8662348
 0.87606112
 0.86492205
 0.88119261
 0.88770447
  0.8995415
 0.89615298
 0.89204059
 0.89808058
 0.89498876
 0.90419341
 0.90316103
 0.90888108
 0.90530951
 0.91337903
 0.91207579
 0.91127051
 0.90981854
  0.9135349
 0.91898635
 0.91806401
 0.92115173
 0.91554769
 0.90937456
 0.91202028
 0.91415566
 0.90695265
 0.90226717
 0.89776288
 0.91060443
 0.91242413
 0.90992311
 0.91285877
 0.91737216
 0.91229233
 0.91730743
 0.91783794
 0.91387671
 0.91263212
 0.91071965
 0.90458714
 0.89209969
 0.89520118
 0.90323799
   0.904804
 0.90632759
 0.90974124
 0.91379738
 0.91461815
 0.92050234
  0.9145273
 0.91737233
 0.92381933
 0.91976512
 0.92513788
 0.92516817
 0.92334886
 0.91900498
 0.91250783
 0.91988893
 0.91502907
 0.90866193
 0.90591969
 0.89513754
 0.91020138
 0.92393381
 0.92783125
 0.93019202
 0.93017377
 0.92821275
 0.92387947
 0.92084273
 0.93447495
 0.93332658
  0.9295919
 0.93051082
 0.93587228
 0.93776172
 0.93811995
 0.93310549
 0.93681244
 0.94213025
 0.94202905
 0.93232901
 0.93205687
 0.93470313
 0.92957984
 0.91434626
 0.92242385
 0.93375462
 0.92813945
 0.92429992
 0.92866761
 0.92127386
 0.91238881
 0.90898471
 0.91037249
 0.90098117
  0.8997881
 0.90368957
 0.90932817
 0.91392954
 0.92440621
 0.91833956
 0.92332795
 0.92295946
 0.92345747
 0.91261147
 0.90720578
 0.91219641
 0.90360632
  0.9108857
 0.91280475
 0.91297737
 0.92053752
 0.92023986
 0.91622817
 0.91129226
 0.90859118
  0.9029879
 0.90752536
 0.89980247
 0.91201356
 0.91733662
  0.9294254
 0.93023536
 0.92755154
 0.92295237
 0.92979182
 0.93534292
 0.92934658
 0.93322695
 0.93026018
 0.92848269
 0.92205809
 0.92702367
 0.92759921
 0.92602439
 0.92599774
 0.91817958
 0.92244475
 0.92281852
 0.91964112
 0.92084224
 0.91141773
 0.90895488
  0.9124506
 0.90535002
  0.9015269
 0.89927938
  0.9007485
 0.90768887
 0.91427634
 0.91150982
 0.90186409
 0.90257649
 0.90836492
 0.91235057
 0.90960443
 0.90653405
 0.90066321
 0.90321809
 0.89782586
 0.89585561
 0.89579096
 0.89488353
 0.90636612
 0.90143569
  0.9021932
 0.90941968
 0.91284793
   0.913694
 0.92100756
  0.9231892
 0.91398614
 0.91550942
 0.90911478
 0.91819441
 0.93312127
 0.92607082
 0.92432497
 0.92369877
  0.9305377
 0.92914997
 0.93161556
 0.94199382
 0.95138958
 0.94908977
 0.94796776
 0.94845557
 0.94874536
 0.94658895
 0.94941386
 0.95056296
  0.9534846
 0.95185707
 0.95236677
 0.94925018
 0.94901631
 0.95112638
 0.94396141
 0.94841187
 0.94813633
 0.94395554
 0.94111757
 0.94418496
 0.94098161
 0.94305741
 0.93765035
 0.93836987
 0.94287144
 0.94612774
 0.94987694
 0.95527516
 0.95239318
 0.95180878
 0.95081934
 0.95208341
 0.95092333
 0.94733621
  0.9448945
 0.93563644
  0.9340274
 0.94201054
 0.93501236
 0.93718659
 0.93911017
 0.93544994
 0.94145312
 0.94779592
  0.9484322
  0.9495386
 0.95390511
 0.94714606
  0.9493536
 0.95103069
 0.94770142
 0.94423923
  0.9382271
 0.93999295
 0.93944179
 0.93814652
 0.92705554
 0.92380603
  0.9220301
 0.93259451
 0.93106657
 0.92206891
 0.92030258
 0.90572867
  0.9155093
 0.91631543
 0.92825762
 0.91307339
 0.91760709
 0.91992692
 0.91556867
 0.91308349
 0.90917522
 0.91123783
 0.92149986
  0.9236939
 0.91542952
 0.91880802
 0.91722218
 0.92338921
 0.92232531
 0.92171976
 0.91387063
 0.90891825
 0.91765983
 0.91708075
 0.91104152
  0.9056583
 0.90708923
 0.90986051
 0.91848485
 0.92261495
 0.91099974
 0.90346217
 0.90672771
 0.91406453
 0.90675473
 0.90932564
 0.90746546
 0.90725591
 0.91732998
 0.91361353
 0.91112228
 0.90188503
  0.9049106
  0.9011714
 0.89987104
 0.89935122
 0.90619266
 0.90700801
 0.91135671
 0.91664173
 0.91535329
  0.9046644
 0.90381446
 0.91062999
 0.92124058
 0.92480358
 0.91766715
 0.91503312
 0.90610233
 0.91024267
  0.9082727
 0.91365532
  0.9165438
 0.91380861
 0.91742015
 0.92895726
 0.93799359
 0.94074605
 0.94382332
 0.94334995
 0.94252752
 0.94490536
 0.94353632
 0.94588543
 0.94452023
 0.93980477
 0.94153891
 0.93634322
 0.93800097
 0.93959328
 0.93413278
  0.9294967
 0.93067763
 0.93020381
 0.93584896
 0.93731471
 0.92941939
  0.9313049
 0.94207509
 0.94252009
 0.94120664
 0.93116066
 0.93122667
 0.92397771
 0.92544177
 0.92174874
 0.92289395
 0.92581858
 0.92177866
 0.92345926
 0.91962452
  0.9180904
 0.91159472
 0.90520898
 0.89962124
 0.90155021
 0.90040135
 0.89675905
 0.89280957
 0.88236334
 0.88269628
 0.88102877
 0.88545583
  0.8965057
 0.89326835
 0.88905403
 0.89259516
 0.88604344
 0.88872538
 0.90154894
  0.9045418
 0.90766287
 0.90289825
 0.90803099
  0.9149325
 0.91421462
 0.91745192
 0.91901123
 0.92580034
 0.92161833
 0.91342911
 0.91370266
 0.92242705
 0.92198812
 0.92293268
 0.92501266
 0.91980463
 0.91988744
 0.92631516
 0.92637983
 0.92673954
 0.92028455
 0.91637767
 0.91714985
 0.92115587
 0.91655871
 0.91550782
 0.91473436
 0.90841657
 0.90540054
  0.9075492
  0.9063536
 0.90169892
 0.89847488
 0.90679588
 0.90439608
 0.91101477
 0.90931756
 0.90196172
 0.90183505
 0.90450293
 0.90279634
 0.90222849
 0.89466125
 0.89045587
 0.88125255
 0.88014395
 0.88461829
 0.87549264
 0.88425006
 0.88016424
 0.87800666
 0.88222911
 0.89150038
 0.89898833
 0.90539439
   0.912173
 0.90427876
 0.92220596
 0.91398539
 0.90531926
 0.89735554
 0.89196168
 0.89123267
 0.90578663
 0.90290014
 0.90444096
 0.89945135
 0.88929291
 0.88198769
 0.89481118
 0.88976733
 0.89230311
 0.89349874
 0.89438329
  0.8930753
 0.89189855
 0.88980703
 0.89047834
  0.8922254
 0.89088472
 0.89386116
 0.89149285
 0.89478995
 0.89958355
 0.90301789
 0.90004144
 0.90260197
 0.90237655
 0.90251807
 0.90517968
 0.89931239
 0.90697074
 0.91366004
 0.90764683
 0.90975242
 0.90690463
 0.90285361
 0.89245015
 0.89431834
 0.89818407
 0.90320588
 0.90359452
 0.90589018
 0.90459654
 0.90236499
  0.9100882
 0.91165474
 0.90976167
 0.91271305
 0.91649205
 0.91462195
 0.91732397
 0.91499818
 0.91522841
 0.91576071
 0.91643375
 0.92144686
 0.92087896
 0.91722286
 0.91711651
 0.92035163
 0.91893555
 0.92352789
 0.92167068
 0.91691087
 0.91420014
 0.91070779
 0.91231659
 0.91959284
 0.91712926
 0.91574775
 0.91308228
 0.91681371
  0.9264578
  0.9260707
 0.92130383
  0.9192889
 0.92040826
 0.91979507
 0.91594107
 0.91749715
 0.92115845
 0.92084524
  0.9252086
 0.92203111
 0.92326607
 0.91987208
 0.92154391
 0.92297726
 0.91860506
 0.91597682
 0.91922173
 0.92147525
 0.92157221
 0.92513135
 0.92770603
 0.92211938
 0.91493871
 0.91108012
 0.91691332
 0.91824361
 0.92008569
 0.91219515
 0.90412282
 0.91057395
  0.9168122
 0.92705453
 0.92696945
 0.91968926
 0.91517641
 0.91065852
 0.90757753
 0.90500304
 0.90420585
 0.90736762
 0.90582548
 0.90422506
 0.89895536
 0.89775694
 0.90187652
 0.91186902
 0.91348696
 0.90901503
 0.90741703
 0.89813552
 0.90480693
 0.90238911
 0.90699131
 0.90263415
  0.8998706
 0.89870426
 0.89334303
 0.89513309
 0.89551731
 0.89076198
 0.89091026
 0.89729102
 0.88677151
 0.88784375
 0.89948154
 0.90079598
 0.90064401
 0.89743341
 0.89276736
 0.89802876
 0.89042472
  0.8924244
 0.88701304
 0.89198219
 0.89483351
 0.89713982
 0.90184954
 0.90764925
 0.91197316
 0.90933203
 0.90670376
 0.91095484
 0.91707427
 0.91265964
 0.91136701
 0.91244711
  0.9005638
 0.89539754
 0.89022182
 0.88782038
  0.8898363
 0.88710132
 0.89591743
 0.89872338
 0.90104453
 0.90666598
 0.90231387
 0.88532526
 0.87788574
 0.88737701
 0.89761234
 0.90212688
 0.89859691
 0.89192261
 0.89399984
 0.89168185
 0.89590285
  0.9034911
 0.89920186
 0.90072319
 0.89614829
 0.90250452
 0.89400802
 0.89280129
 0.90234398
 0.90638997
 0.90312509
 0.89554696
 0.90406163
 0.90416533
 0.89994668
 0.89496667
 0.89146068
 0.88971292
 0.89236218
 0.90171353
 0.90823044
 0.90444195
 0.90847186
 0.90691237
 0.91351788
 0.91031526
 0.91005801
 0.91781332
 0.92760549
 0.92644233
 0.92294836
 0.91426616
 0.92683488
 0.92202597
 0.91980108
 0.91450541
 0.92044036
 0.90808625
 0.90219555
 0.90656598
 0.90239881
 0.90740502
 0.90612495
 0.90878055
 0.91307131
 0.90888869
 0.90780436
 0.90577784
 0.91112294
 0.92220635
 0.92683629
 0.91325798
  0.9110374
 0.90863777
 0.89647005
 0.88275223
 0.87371401
 0.87034474
 0.87895292
 0.88443576
 0.89121657
 0.88321767
 0.89167038
 0.88476247
 0.89300289
 0.88645182
 0.89303935
 0.88737219
 0.89078717
  0.8885848
 0.88538196
 0.88354941
 0.88242102
 0.88105701
 0.87016273
 0.87200843
 0.86728854
  0.8703406
 0.86722618
 0.86782838
 0.87006382
 0.86843097
 0.86786252
  0.8701206
  0.8874005
 0.88433307
 0.88358261
 0.88209471
 0.87557455
 0.87568593
 0.87349314
 0.87383237
 0.86946943
 0.86905637
 0.87928687
 0.88151156
 0.89234585
 0.89015454
 0.89047214
 0.88519773
 0.88229093
 0.88600317
 0.88285369
 0.86960222
 0.84962094
   0.865998
 0.86508301
 0.86555933
 0.86587654
 0.87086495
 0.86491547
 0.86679338
 0.87125658
 0.86393694
 0.85342648
  0.8444956
 0.85098864
  0.8520121
 0.85072753
 0.86513357
 0.85812911
 0.85368357
 0.85960614
  0.8655399
 0.86574885
 0.85745062
 0.85689518
 0.85521108
 0.84461953
 0.84013213
 0.85303201
 0.85374252
 0.84435236
 0.84267225
 0.84273735
 0.85445409
 0.85613204
 0.85078468
 0.85056234
 0.85241263
 0.85171735
 0.84276903
 0.84211536
 0.83694559
 0.85280252
 0.86647772
 0.86310425
 0.86115389
 0.86617522
 0.86703631
 0.86589883
 0.87889359
 0.87101881
 0.86609551
 0.87552712
 0.86875553
 0.86355387
 0.86646973
 0.87117462
 0.87602112
 0.87142985
 0.87172687
 0.86664564
 0.87504718
 0.87438834
 0.87471064
 0.87552061
 0.87741717
 0.87061662
 0.86886733
 0.87339206
 0.87242404
 0.87027648
 0.87414437
 0.87080472
 0.87108303
 0.87906839
 0.87812257
 0.88139817
  0.8766656
 0.87148094
 0.87045039
 0.87142325
 0.87750182
 0.87994673
 0.87717275
 0.87212024
 0.86934629
 0.87397406
 0.87678576
 0.87126134
 0.86694162
 0.87004386
 0.86367308
 0.85778758
 0.86006322
 0.86601868
 0.86363171
 0.86378365
 0.86509807
 0.85986234
 0.85990449
 0.86659793
 0.86403286
 0.86542274
 0.85335935
 0.84816303
 0.85182043
 0.85503732
 0.85815307
 0.86156422
 0.86965825
 0.87262977
 0.87835801
 0.86994237
 0.86284239
 0.85608233
 0.85347833
 0.85621206
 0.85684723
 0.86328955
 0.86590965
 0.86334138
 0.86798916
 0.87008456
 0.86540352
 0.86838728
 0.87562641
 0.87752037
 0.87255667
 0.87193545
 0.87959325
 0.87860325
 0.88075702
 0.88394159
 0.88312723
 0.87880427
 0.87689948
 0.87006291
 0.87752599
 0.87694569
 0.87042939
 0.87819692
 0.87523849
 0.87733741
 0.87642916
 0.87989395
 0.88338926
 0.89509425
 0.88831183
 0.89453456
 0.89119291
 0.89333879
 0.89228797
 0.88816954
 0.88824313
 0.88509921
 0.88178471
 0.88084938
 0.87462059
 0.87568647
 0.88077372
 0.87478822
 0.87077557
 0.86821591
 0.86866408
 0.85342248
 0.84536816
  0.8513118
 0.85928034
 0.86121692
 0.85020933
 0.85729176
 0.85810093
 0.86464313
 0.86208555
 0.87201377
 0.88013368
 0.88496842
  0.8893772
 0.88552553
  0.8920319
 0.89847348
 0.89598174
 0.89904277
 0.89984492
  0.9074466
 0.91139711
 0.90688637
 0.90962365
 0.90800568
 0.91697733
 0.92034207
 0.92323376
 0.92650308
 0.92255013
  0.9191573
 0.92448764
 0.92610437
  0.9237259
 0.92741092
   0.925105
 0.93108069
 0.92695437
 0.92576439
 0.92471362
 0.91998659
  0.9236265
 0.92329719
 0.92384491
 0.92429751
  0.9230908
 0.92228461
  0.9240077
 0.92483117
 0.92287582
 0.92651669
 0.92764128
  0.9281469
 0.93274188
 0.92742706
 0.93101882
 0.92948808
 0.93556757
 0.93388875
 0.93319766
  0.9325558
  0.9287003
 0.93119253
 0.92914006
 0.92931031
 0.92549514
 0.92755183
 0.93336833
 0.92947925
 0.93092187
 0.92873009
 0.93192075
 0.93189526
 0.93572521
 0.93290699
  0.9260884
 0.93129211
 0.93288464
  0.9286676
  0.9283581
  0.9282923
 0.92185129
 0.92140888
 0.91943884
 0.91560632
 0.91843595
     0.9145
 0.91953092
 0.92068547
 0.92325089
 0.92231767
 0.91965985
 0.91894251
 0.92017054
 0.91825661
 0.91700836
 0.91663257
 0.91654146
 0.90795738
 0.90303919
 0.89410042
 0.89824296
 0.88709316
 0.89118135
 0.89684569
 0.89280052
 0.88852879
 0.88893149
 0.87937432
 0.88245421
 0.88286899
 0.88512857
 0.87682641
 0.87619355
 0.88092638
 0.87994565
 0.88258982
  0.8837694
 0.88685737
  0.8873829
 0.88052679
 0.87204479
 0.87065176
 0.87805582
 0.87731852
 0.87950726
 0.88153355
 0.87520995
 0.86915183
 0.87249445
 0.86888324
 0.86806554
 0.87206172
 0.86811443
 0.86596834
 0.87065249
 0.87267493
 0.86517325
 0.86694617
 0.86779531
  0.8777419
 0.87410867
 0.86551632
 0.85861144
 0.87120155
 0.87613067
 0.87208271
 0.86406877
 0.85957315
 0.85686896
 0.85518805
   0.849513
 0.84509897
 0.84141341
 0.84482106
 0.84560269
 0.84649927
 0.84288395
 0.84348924
 0.84916178
 0.85160521
 0.84596097
 0.83922494
 0.84210448
 0.83920747
 0.83537572
 0.83975743
 0.84689118
   0.855782
 0.85339462
  0.8435354
 0.84856378
 0.84398418
  0.8448915
 0.85142893
 0.85902916
 0.86054259
 0.85726104
 0.86035449
 0.86139869
 0.85261658
 0.84618095
 0.84026188
 0.83849409
 0.84168163
 0.84669803
 0.84370027
 0.84673044
 0.85674856
 0.86101829
  0.8683926
  0.8715535
 0.86616239
 0.87117423
 0.87040979
 0.86589563
 0.86392526
 0.87533196
 0.87440193
 0.87002941
 0.87388432
 0.87321739
 0.88387201
 0.87932219
 0.86897162
 0.86926716
 0.86905772
 0.88036538
 0.87979712
 0.88317569
 0.89053208
 0.89036593
 0.89203386
 0.89461114
 0.90283195
 0.89957612
 0.89678004
 0.90901576
 0.91242928
 0.91942508
 0.91157162
 0.90436092
 0.90160948
 0.90452412
 0.90304692
 0.90779004
 0.90501288
 0.90462865
 0.89905914
 0.90177477
 0.88885771
 0.89467832
 0.90451724
 0.90542171
 0.89309113
 0.88447153
 0.88790069
 0.88901032
 0.88499482
 0.88825028
  0.8932192
 0.88716719
 0.89630556
 0.88919362
  0.8897287
 0.89140021
 0.89105849
 0.88520893
 0.88515228
 0.88149059
 0.88065402
 0.87739951
 0.87703103
 0.86954057
 0.86857213
  0.8590577
 0.85815641
 0.84761831
 0.84185594
 0.84227939
 0.84135116
  0.8375059
  0.8291161
  0.8382083
 0.83558623
 0.83642455
 0.84555186
 0.83447362
 0.85317347
 0.85904043
 0.85056609
 0.84658557
 0.85964984
 0.85455393
 0.86133471
 0.85398541
 0.85578755
 0.85455676
 0.85166367
  0.8419566
 0.84316146
 0.85108205
 0.85069927
 0.85764357
 0.86692756
 0.86581422
 0.86618494
 0.86647846
 0.86238118
 0.86289716
 0.86614322
 0.86113191
 0.86341877
 0.86657495
 0.87316095
 0.86417059
 0.85294654
 0.85042185
 0.85050608
   0.859736
 0.85613368
 0.86007648
 0.85893782
 0.84935948
   0.859897
 0.86494848
 0.87244736
 0.87413308
 0.88457372
 0.88007228
 0.88076681
 0.88604854
 0.87573093
 0.87575295
  0.8716182
 0.87128819
 0.85686922
  0.8541685
  0.8577181
 0.85888834
 0.85143543
 0.85679427
 0.84743108
 0.85636001
  0.8594091
 0.85191556
 0.85430351
 0.85378246
 0.86846251
 0.87150394
 0.87501297
 0.87447251
  0.8759213
 0.87740743
 0.87859277
 0.87465944
  0.8704196
  0.8712366
 0.87322957
 0.88158475
 0.87461198
 0.87630388
 0.87269732
 0.87286345
  0.8791344
 0.88264469
  0.8789604
 0.87378846
 0.87427643
 0.87024024
 0.86858108
 0.86880758
 0.86090741
 0.87175686
  0.8682243
 0.87745111
 0.87551729
 0.88364417
 0.88990691
 0.89142777
 0.88987586
 0.88237372
 0.88801867
 0.88022932
 0.88482912
 0.88989178
 0.88804749
 0.88817622
 0.88722371
 0.88990162
 0.88418303
 0.87607705
 0.88751208
 0.89324083
 0.89420002
 0.89613985
 0.89984683
 0.89692516
 0.89974462
 0.89762029
 0.90291531
  0.9022318
  0.9008297
 0.89146903
 0.88582185
 0.88556904
 0.87933421
 0.87576295
 0.87659951
  0.8857608
 0.88782314
 0.89023388
 0.88510728
 0.88186387
 0.89026718
 0.88657078
 0.88770701
 0.88842218
   0.886444
  0.8880435
 0.88254972
 0.87831736
 0.87836295
 0.88107134
  0.8844876
 0.88457555
 0.88199337
 0.87792815
 0.87806642
 0.87931749
 0.87422054
 0.87557168
 0.87306659
 0.87591457
  0.8715578
 0.86543459
 0.87068092
 0.86811263
 0.87457988
 0.87576663
 0.87292998
 0.87079908
 0.87121862
  0.8717596
 0.87267711
  0.8807877
 0.88818391
 0.88365594
 0.88350075
 0.88225518
 0.88199072
 0.87811833
  0.8785952
 0.87869527
 0.87437168
 0.87352519
 0.87253909
 0.86629825
 0.87648697
 0.88007947
 0.87480239
 0.86557529
 0.86206371
 0.85153489
  0.8530903
 0.85484061
 0.85591143
 0.85549574
 0.85538638
 0.85002157
 0.86343462
 0.85287898
 0.85310679
  0.8446517
 0.84528192
 0.85204677
 0.86457501
 0.85324758
 0.85574464
  0.8516397
 0.85084517
 0.84541819
 0.83965956
 0.83916187
 0.84096875
 0.83785739
 0.84095512
 0.84224965
 0.84136148
 0.84029863
 0.84188683
 0.84619531
  0.8531344
 0.84382638
 0.83795445
 0.84119538
  0.8393389
 0.84091526
 0.83441957
 0.82238576
 0.82137514
 0.81900275
 0.82215763
 0.82836688
 0.82590238
  0.8230929
 0.83083376
 0.83447712
 0.83546908
 0.83450109
 0.83494012
 0.84710193
  0.8478827
 0.85595166
 0.84931503
 0.85754275
 0.85072237
 0.84448336
 0.84477322
 0.84289051
 0.82832727
 0.83828463
 0.84957623
 0.84357536
 0.85075282
 0.84654265
 0.84703341
 0.84451177
 0.85242471
 0.84871085
  0.8613024
 0.85659268
 0.85597264
 0.85834551
 0.86118557
  0.8606845
 0.86086452
 0.86918126
 0.87459709
 0.87384239
 0.86890793
 0.86707457
 0.86508096
 0.85995033
 0.86390969
  0.8637869
 0.86388617
 0.85977854
 0.85663539
 0.86160484
 0.86289992
 0.85907109
 0.86280988
 0.86219189
 0.86459972
 0.85916165
 0.85974901
 0.86181398
 0.85306355
 0.85973828
 0.85638521
 0.85338182
 0.85881595
  0.8523021
 0.85287832
 0.85191075
 0.84710582
 0.84287451
  0.8343296
 0.83896076
 0.84160422
 0.83566493
 0.83399415
  0.8354909
 0.83464953
 0.84324747
 0.84117965
 0.85005406
 0.84605979
 0.85248806
 0.85126083
 0.85343048
 0.85200941
 0.84737794
 0.84958925
 0.85050855
 0.84440443
 0.83823806
 0.83079146
 0.83461183
 0.83161652
 0.83643075
 0.82959469
  0.8268135
 0.82251677
 0.82809454
 0.83100365
 0.82321907
 0.82507987
 0.82654651
 0.83087906
    0.82083
  0.8293568
 0.81307889
 0.81777199
 0.80411773
 0.80624307
 0.80478439
 0.80351461
 0.80765742
 0.80547034
 0.80311678
 0.80524469
 0.80382526
 0.80119496
 0.80374033
 0.80343625
 0.80035736
 0.79301395
 0.79626159
 0.79545788
  0.8004819
  0.8019442
 0.80454185
 0.80836253
 0.80260609
 0.80215601
 0.79868308
 0.79960505
 0.79614952
 0.80058505
 0.80609635
 0.79951503
 0.80556342
 0.81364466
 0.80909882
 0.81431415
 0.82089264
 0.82208284
  0.8191858
 0.82279489
 0.83120962
 0.83362164
 0.83038234
 0.83327553
 0.84266481
 0.84307022
 0.83455666
 0.83878725
 0.83060998
 0.83863898
 0.84319823
 0.83786652
 0.84055249
 0.83905324
 0.83800927
 0.83890912
 0.84015688
 0.84512952
 0.85126978
 0.86425567
 0.86700854
 0.86536641
 0.86517314
 0.86850993
 0.86542768
 0.85655916
 0.86284773
 0.86413472
 0.86973022
 0.87597682
 0.87956955
 0.88053505
  0.8915698
 0.88117354
  0.8892576
 0.89122035
 0.87691517
 0.87896833
 0.87720915
 0.87401051
 0.88059661
 0.86513541
 0.85588512
 0.85918072
 0.86714397
 0.86896595
 0.85991918
 0.86108942
 0.86506975
 0.87025236
 0.88350781
 0.87770759
 0.87742868
 0.87591529
  0.8767047
 0.87236678
 0.87505848
 0.87672926
 0.87887499
 0.87755179
 0.87009446
 0.86833406
 0.86912961
 0.86693204
 0.85927736
 0.86029829
 0.85002839
 0.85154458
 0.85606815
 0.85302754
 0.84583553
 0.86890229
 0.85918776
 0.87267267
 0.85936909
 0.87011991
 0.86406011
 0.86667683
 0.86617517
 0.87731348
 0.87671842
 0.88026751
 0.86859279
 0.86060564
 0.86254628
 0.86519714
 0.86461068
 0.86590112
 0.86397316
  0.8621939
 0.86724428
 0.87402895
    0.87624
 0.87120476
 0.87011467
 0.87296031
 0.86623363
 0.85873612
 0.86575777
 0.86474443
 0.86752472
 0.86356262
 0.86166167
 0.86521317
 0.85530135
 0.85641641
 0.85236001
 0.85508005
 0.85948796
 0.86155469
 0.85487744
 0.86262054
 0.85535074
 0.85533424
 0.85828139
 0.85532928
 0.85432142
 0.85103618
 0.85122972
 0.85847892
 0.85379425
 0.85752246
 0.85916344
 0.85463026
 0.85924313
 0.85452283
 0.86173819
  0.8624383
 0.86278323
 0.85505448
  0.8493467
 0.85102193
 0.83773422
 0.84097027
 0.84136522
 0.84847947
 0.84676224
 0.85102889
 0.84570866
 0.84585529
 0.84354189
 0.84728859
 0.84622533
 0.85103982
 0.85509652
 0.85665619
 0.86056204
 0.86296087
 0.86279917
 0.86237518
 0.86047784
  0.8567309
 0.85637192
 0.85942091
 0.85695343
 0.86040498
 0.86516328
  0.8651991
 0.86159103
 0.85948559
 0.85726111
 0.86277286
 0.86508988
 0.86599963
 0.86351558
 0.86437626
 0.86487515
 0.86469977
 0.86407353
 0.86667141
 0.86279114
 0.86489305
  0.8690456
 0.86180538
 0.86749503
 0.86636945
  0.8658091
 0.86233438
  0.8645241
 0.85469099
 0.86165608
 0.86305084
 0.86544027
 0.86333646
 0.86711448
 0.86658972
 0.86371314
 0.86424832
 0.85918341
  0.8640448
 0.86772939
 0.86716559
 0.86687376
 0.86539493
 0.86334926
 0.86134058
 0.86511705
 0.86603507
 0.86635282
 0.86464179
 0.86027071
 0.86843138
 0.86497353
 0.87026816
 0.86896399
 0.86741983
 0.86545047
 0.86379977
 0.86869781
 0.87097002
 0.87243399
 0.86926186
 0.86333698
 0.86642637
 0.85725301
 0.85710429
 0.86312572
 0.86287547
 0.85413522
 0.85984968
 0.86403762
 0.85532933
 0.86027045
 0.85919042
 0.86012543
 0.86246616
   0.858006
 0.84522745
 0.84233475
 0.84819156
 0.85769965
 0.85643145
 0.85816363
 0.85778222
 0.85394814
 0.85268373
 0.85519103
 0.85342809
 0.85572555
 0.86140003
 0.85899189
 0.84991692
 0.85157365
 0.84624684
 0.84589924
 0.84557177
 0.83987418
 0.82613781
 0.82336027
 0.82502131
 0.84014428
 0.83032892
 0.84710154
 0.84862261
 0.83633792
 0.83742503
 0.83865936
 0.83658461
 0.83334172
 0.83097578
 0.82951512
 0.82445352
 0.82220273
 0.81889276
 0.82525474
  0.8181458
 0.82693772
 0.82618649
 0.82966814
 0.82825322
 0.83426177
 0.83361601
 0.83371839
 0.82820659
 0.81980261
 0.81925124
 0.81791878
 0.82304362
 0.82495388
 0.82897983
 0.82775602
 0.82789698
 0.82794637
  0.8311544
 0.83391727
  0.8281199
 0.83133875
 0.82666086
 0.82822986
  0.8293186
 0.82827569
 0.82695208
 0.82668573
 0.82368088
 0.82664289
 0.82543548
 0.82390173
 0.83178118
 0.82984442
  0.8340405
 0.82837084
 0.83428097
 0.82741659
 0.82798043
  0.8192996
 0.82689614
 0.81745564
 0.81847171
 0.81887511
 0.81847448
 0.82167591
 0.82085708
 0.81630643
 0.82180633
 0.82584609
   0.830592
 0.82805401
 0.82475694
 0.82444371
 0.82221535
 0.82052984
 0.82443008
 0.82668328
 0.83554751
  0.8300594
 0.83129329
 0.82611859
 0.83543831
 0.83974547
 0.83759623
 0.83563277
 0.82698698
 0.82982174
 0.82913772
 0.84252496
 0.83938218
 0.84896562
 0.84798109
 0.85078111
 0.84981053
 0.84846969
 0.84647953
  0.8498804
 0.85305386
 0.85915413
 0.85207703
 0.85284577
 0.85484553
 0.85425096
 0.86289607
  0.8630063
 0.85410031
 0.85127548
  0.8500151
  0.8510056
 0.85176723
 0.84371276
 0.83612431
 0.84307041
 0.83535269
 0.83852356
 0.84687356
 0.83140345
 0.82805468
 0.82807272
 0.83535192
 0.83775606
 0.83778582
 0.85510649
 0.85086327
 0.85765889
 0.86043766
 0.85997289
 0.86688114
 0.86827273
  0.8658697
 0.86697439
 0.86887997
 0.86210144
 0.86847013
 0.86692592
  0.8595943
 0.85533525
 0.85082522
 0.85135346
 0.84771616
 0.85416529
 0.85798787
 0.85969001
 0.85886319
 0.86502768
 0.85891682
 0.85948325
 0.87448239
 0.87678357
  0.8693671
 0.87521612
 0.87833255
 0.87837129
 0.87150731
 0.87659698
 0.87734949
 0.87656454
 0.87852212
 0.87724793
 0.87614133
 0.87162251
  0.8571758
 0.85245217
 0.84246607
 0.83240212
 0.83173615
 0.84023103
 0.82998666
 0.83081474
  0.8387839
 0.83316993
  0.8258932
  0.8302732
 0.83298316
 0.83755347
 0.83212744
 0.83860761
 0.85081744
 0.84771327
  0.8485973
 0.83983782
 0.84603005
 0.84259732
 0.85208709
  0.8563709
 0.86356759
 0.86474429
 0.86749221
 0.85987296
 0.86794937
 0.87107955
 0.87137429
 0.86858032
 0.86990762
 0.86380656
 0.87258808
 0.87959142
 0.88121682
 0.88215299
 0.87983006
 0.87573572
 0.88170597
 0.87840982
 0.87606756
 0.87642256
 0.88060868
 0.87314505
 0.87076674
 0.87047991
 0.86999561
 0.86993244
  0.8683652
 0.87453283
 0.87720341
 0.87900549
 0.87148625
 0.86696983
 0.86488086
 0.87287535
 0.87001969
 0.87507732
 0.86744993
 0.86134762
 0.86346348
 0.86834994
 0.86692833
 0.86629093
 0.87046295
 0.86770646
 0.86958847
 0.87096942
  0.8686085
 0.87155671
 0.87103245
 0.86111142
 0.86427651
 0.85848948
 0.85090503
 0.85756688
 0.85414831
 0.86920965
 0.86606697
  0.8665091
 0.86250792
 0.86585225
  0.8593881
 0.86428749
 0.86921742
 0.87445732
 0.87635196
 0.87504553
 0.87204801
 0.86828495
 0.86907588
 0.86828687
 0.86066199
 0.86882231
 0.87019077
 0.86898264
  0.8802508
 0.87675063
 0.88192101
  0.8793509
   0.884291
 0.88986552
 0.88358821
 0.88341283
 0.87521509
 0.87643415
 0.87851275
 0.88095839
 0.88350789
 0.88408172
 0.87797709
  0.8749749
 0.87055962
 0.87285498
 0.87320171
 0.87861778
 0.87830502
 0.88601928
 0.88612536
 0.88551826
 0.88216817
 0.88802944
 0.88715346
 0.87989292
 0.88076638
  0.8751914
  0.8825325
  0.8755981
 0.88064433
 0.87749064
 0.87332581
 0.86940749
 0.86881406
 0.87069565
 0.87012922
  0.8738462
  0.8695893
 0.87254794
 0.87418962
 0.87138174
 0.87337478
 0.87127975
 0.86718986
 0.86879572
 0.86953709
 0.87811455
 0.87890325
 0.88500823
 0.87770216
 0.87966286
 0.87933212
 0.87999012
 0.87715179
 0.87240558
  0.8757198
 0.87811713
 0.88329733
 0.87720936
  0.8895867
  0.8868961
 0.88476658
 0.88881684
 0.89450392
 0.90413109
 0.90561857
  0.9082403
 0.90293957
 0.90234692
 0.90199944
 0.89079168
 0.89961503
 0.89382483
 0.88282561
  0.9029459
 0.89995037
 0.90214821
 0.90387471
 0.89975013
 0.90279607
 0.89514632
 0.90297178
 0.90727747
  0.9063926
 0.90494543
 0.90210423
 0.90316834
 0.90516214
 0.90443723
 0.90863448
 0.90776433
 0.89700337
 0.89369679
 0.89021432
 0.88821972
 0.88441367
 0.88312112
 0.88620916
 0.87493579
 0.87817816
 0.88290356
   0.887992
 0.88317578
 0.87981874
 0.89035569
 0.89431509
 0.90345773
 0.88872597
 0.89524161
 0.90251458
 0.90394012
 0.90412073
 0.89841287
 0.90284956
 0.90082017
 0.90891882
 0.90341697
 0.89886972
  0.9029593
 0.90629087
 0.90277978
 0.89981962
 0.90380853
 0.89552691
  0.8985935
 0.89596805
 0.89598554
 0.89242244
 0.88300417
 0.89655836
 0.90410318
 0.90132476
 0.89773612
 0.90063745
 0.89845068
  0.8944241
  0.8926194
 0.89198732
 0.89700965
 0.89373662
 0.89297968
 0.90193122
 0.89801185
 0.89349443
  0.8973631
 0.89362271
 0.89570096
 0.89031533
 0.89698305
 0.90615329
  0.9032065
 0.90287603
 0.90035472
 0.89984619
 0.90264896
 0.88880691
 0.90135968
 0.89504757
 0.89631514
  0.8876264
 0.88913781
 0.89765405
 0.89127421
 0.90006908
 0.89417575
 0.88562946
 0.89049117
 0.89259374
 0.89158353
 0.89828386
 0.90421018
 0.89930812
 0.89042058
 0.89428447
 0.88643752
 0.90459051
 0.89983393
 0.90115298
 0.88958099
 0.88127008
 0.88999839
 0.89636907
 0.89637236
  0.8901988
 0.89316361
 0.89714413
 0.89887229
 0.89035356
 0.89627338
 0.89866073
 0.89665596
 0.89903502
 0.89897282
 0.90719368
 0.90838943
 0.90723806
 0.91040001
 0.91498843
 0.91046918
 0.91324534
 0.91862536
 0.91263266
 0.91687702
 0.91571594
 0.91470574
 0.91198731
 0.92027977
 0.92177115
 0.92456017
  0.9253698
 0.92663295
 0.92524917
 0.92282331
 0.92620459
  0.9252004
 0.92279181
 0.92700856
  0.9198355
 0.92135295
  0.9194644
  0.9182594
 0.91533164
 0.91046057
 0.91556128
 0.91168111
 0.90364918
 0.90639841
 0.90051982
  0.8981249
 0.89780999
 0.89467951
 0.88621506
 0.89032585
 0.88709867
 0.89500644
 0.89773125
 0.90000189
 0.89777949
 0.89505831
 0.89064625
 0.90177055
 0.89716096
 0.88857749
 0.88963218
 0.89225017
 0.88352966
 0.88487597
 0.88619975
 0.88863708
 0.88687681
 0.88415534
 0.88105563
 0.87384178
 0.86829862
 0.87285787
 0.87300842
 0.87192687
  0.8620352
 0.84876569
 0.85364024
 0.86276273
 0.85719776
 0.85965864
 0.85351718
 0.86561054
 0.87242334
 0.87489688
 0.87223515
 0.86840504
  0.8739526
 0.87170451
 0.87170499
 0.87682344
 0.87377517
 0.87237553
 0.87849084
 0.87692085
 0.87783096
 0.87764056
 0.88557947
 0.88632057
 0.88268185
 0.87604901
 0.87589762
 0.87555716
 0.87428181
 0.87343517
 0.87778873
 0.88020255
 0.87964419
 0.88347597
 0.89024017
 0.89218096
 0.89117569
 0.88765451
 0.88694942
 0.88959196
 0.88863542
 0.89104872
 0.89159491
 0.89158573
 0.89192392
 0.89302934
 0.89302665
 0.89204087
 0.89176389
 0.88612935
 0.87740205
 0.88001176
 0.87877975
 0.87142994
 0.87073333
 0.86587132
 0.86259076
 0.86363991
  0.8624997
  0.8711784
 0.86340591
 0.87283672
 0.87208866
 0.87954589
 0.87531912
 0.87830955
 0.88019254
 0.87863426
 0.87493886
 0.87416336
 0.88004273
 0.88607288
 0.88221818
 0.88682073
  0.8792562
 0.87900722
 0.87486482
 0.87304451
 0.87419093
 0.86625363
 0.86143082
 0.86614643
 0.86946137
 0.87306265
 0.86567336
 0.87149657
 0.87005246
 0.87405794
 0.87718831
 0.87613329
 0.87308716
 0.87340233
 0.86216687
 0.85678905
 0.86527206
 0.86826824
 0.87647803
 0.87773005
 0.86917645
 0.86292437
 0.86497128
 0.85773895
 0.86382066
 0.85554133
 0.85417592
 0.85648061
 0.85791512
 0.85295411
 0.85989878
 0.85918169
 0.86640922
  0.8621277
 0.86024372
 0.85312862
 0.84276544
 0.84899733
 0.85702459
  0.8592674
 0.86643099
 0.86279262
 0.87222544
 0.86533546
 0.87257935
 0.87331907
 0.86801595
  0.8719945
 0.87564658
  0.8736717
  0.8762706
 0.87455823
  0.8760367
 0.87968813
 0.88030691
 0.87524898
 0.87994458
 0.87959235
 0.88287457
 0.88174525
 0.88270849
 0.88670149
 0.88807197
 0.88410711
 0.88526751
 0.88378007
 0.88077672
  0.8763248
 0.88094733
 0.88444869
 0.87621598
 0.87911062
  0.8767997
 0.87673925
 0.88872505
 0.88689709
 0.88403339
  0.8836945
 0.88116483
 0.88213483
 0.87856556
 0.87909125
 0.87459505
 0.87863156
 0.88117754
 0.88139003
 0.88128364
 0.87743025
 0.87559086
 0.86773269
 0.86747993
 0.86940914
 0.86863238
 0.86907237
 0.86829962
 0.86553629
 0.87047871
 0.87129291
   0.874804
 0.87867757
 0.87420458
 0.87399565
 0.87781362
 0.87366726
 0.87234322
 0.87277847
 0.87476095
 0.87865528
 0.88050194
 0.88550689
  0.8789782
 0.87871326
 0.87869145
 0.87622862
 0.87831331
 0.87650499
 0.87798108
 0.87983918
 0.87885443
 0.87743263
 0.87742274
  0.8754864
  0.8783379
  0.8826779
 0.87728077
 0.88125825
 0.87474313
 0.88071862
  0.8812875
 0.88443862
 0.88103748
   0.875994
 0.87670252
 0.87140043
 0.87632447
 0.87966115
 0.86892966
 0.86183914
 0.84627527
 0.85203398
 0.86043315
  0.8632702
 0.86291252
 0.86106066
 0.87243441
 0.87823526
 0.88178783
 0.87665999
 0.87693893
 0.87684135
 0.87387985
 0.87250532
 0.86994965
 0.87199387
  0.8715309
 0.87753891
  0.8794544
 0.87763859
 0.87222235
 0.87070575
 0.86500143
 0.86209291
 0.86784835
 0.86477036
 0.86055111
 0.85814379
 0.85323654
 0.85884272
 0.85369079
 0.86201475
 0.85441536
   0.848264
 0.85372243
 0.85543622
 0.85756943
 0.86743065
 0.86430205
 0.86141485
 0.86787171
 0.86205047
 0.86212501
  0.8719876
 0.86635557
 0.86342074
  0.8698241
 0.86886109
 0.86325404
 0.86761945
 0.86672429
  0.8664533
 0.85465954
 0.85707362
 0.86986498
 0.87515239
 0.87549315
 0.87117759
 0.87716406
 0.87800165
 0.87762164
 0.87350255
 0.88007767
 0.88060376
 0.88042629
  0.8895353
 0.88939883
 0.88972011
 0.88267463
 0.87716797
  0.8732958
  0.8730307
 0.87142309
 0.86219202
 0.86297469
 0.85811855
 0.85425815
 0.85085766
 0.84824986
 0.85638408
 0.84730893
 0.85258086
 0.84868246
 0.84830602
 0.84590322
 0.84092501
 0.84526684
  0.8448662
 0.84567877
 0.83053818
 0.83238416
  0.8225303
 0.82128365
 0.82633612
 0.81813167
 0.82531043
 0.81252726
  0.8131285
 0.81238145
 0.81241036
 0.83264983
 0.83986941
 0.84583599
 0.84488478
 0.83282863
 0.83501583
 0.84371367
 0.83649386
 0.83031257
 0.83552332
 0.84831737
 0.84894206
 0.83708637
 0.81334675
 0.82985632
 0.83959845
 0.83902202
   0.843416
 0.83764703
 0.84790094
   0.854249
 0.84785778
   0.854695
 0.86880655
 0.86276421
 0.86032594
  0.8540141
 0.85181344
 0.84060532
 0.84614074
 0.83610119
  0.8450074
 0.84421096
 0.84979074
 0.84650178
 0.84701563
 0.84977706
 0.85969902
 0.85524852
  0.8573717
 0.85357436
 0.85826748
 0.86181636
 0.86169051
 0.86058475
 0.85409747
 0.85252209
 0.84769471
 0.84998547
 0.84916377
 0.85889759
  0.8597261
 0.86233576
  0.8469142
 0.84812101
 0.85370904
 0.86207739
 0.86243065
  0.8596394
 0.86133686
 0.88059578
 0.88830138
 0.88349252
 0.88747235
 0.88840244
 0.88807826
 0.88124021
 0.89400925
 0.89337216
 0.88922185
 0.88973631
 0.88734756
 0.88702321
 0.88853229
 0.87682091
 0.87578343
 0.87848138
 0.87930334
 0.88100989
 0.87507256
 0.88045134
 0.87016964
 0.87241209
 0.87446404
 0.86964246
 0.87525318
 0.86687542
 0.86456178
 0.87121192
  0.8611179
    0.86924
 0.86599762
 0.87073928
  0.8690951
 0.87662874
 0.87344226
 0.86699617
 0.86836209
 0.86753291
 0.87612237
 0.87476616
 0.87794034
 0.88628136
 0.88617678
  0.8930114
 0.88846649
 0.89348003
 0.88527776
 0.88452561
 0.87868324
 0.88372342
 0.88788714
 0.89510688
 0.89808369
 0.89499044
 0.89107995
 0.88912583
 0.88503074
 0.88174917
 0.88007844
 0.88979967
 0.87559251
 0.88627747
 0.89091183
 0.88602753
 0.89311881
 0.89269754
 0.89865604
 0.89179356
 0.89059912
 0.89570873
 0.90036161
 0.89680575
 0.90415864
 0.90249171
 0.89917262
 0.89779141
 0.89436697
 0.90235193
  0.9029272
  0.8983932
 0.90142825
  0.9058037
 0.91091133
 0.91232331
 0.91315129
   0.906289
 0.90586276
 0.91327497
 0.91744427
 0.92340638
 0.92033316
 0.91435332
 0.90509348
 0.90700087
 0.90511707
 0.89776218
 0.89817588
 0.89137788
 0.89307778
 0.89343396
  0.8897681
  0.8941043
 0.89489811
 0.89295916
 0.89027938
 0.88732064
 0.87155537
 0.88576758
 0.87961994
 0.88331634
 0.89098395
 0.89361829
 0.87880961
 0.87286077
 0.87297062
 0.86506697
 0.85787687
 0.86230062
 0.85871293
 0.85920495
 0.86594413
 0.85482719
 0.86218513
 0.85252298
 0.85401716
 0.85558718
 0.85327819
 0.85027631
 0.84305084
 0.84796218
 0.84200714
 0.85469366
 0.86859034
 0.86864282
 0.86997382
 0.86874089
 0.86432992
  0.8617932
 0.86797206
 0.86652394
 0.87110253
 0.86531938
 0.85811985
 0.86352386
 0.86166461
 0.86188442
 0.86471132
 0.85915084
  0.8612328
 0.86557308
 0.85933625
 0.85922908
 0.85861616
 0.86835504
 0.86804875
 0.87166222
 0.87170862
 0.87069878
 0.87063404
  0.8672352
 0.87148557
 0.87149802
 0.87683147
 0.87477243
  0.8661139
 0.85988999
 0.86203081
  0.8619532
 0.86006704
 0.86165139
 0.86356549
  0.8687677
 0.86992404
 0.86696185
 0.86139852
 0.86707478
 0.86774379
 0.86622467
 0.86926922
 0.86717468
 0.87093931
 0.87157953
 0.87060141
 0.87017067
 0.86185182
 0.86948151
 0.86465037

