0.048209913
0.040463856
0.043968537
0.043267325
0.043168063
0.042901363
0.043306596
0.043088745
0.042740758
  0.0430076
0.043456157
0.043750595
0.043762706
0.043436401
0.042997067
0.043159689
0.043165022
0.043079409
0.042871962
0.042695129
0.042642772
0.042828715
0.042552841
 0.04270416
0.042288842
 0.04335452
0.043525162
0.043400504
0.043415603
0.043130565
0.042639926
0.043052576
0.043873816
0.044095217
0.043933456
0.044340823
0.044737042
0.045796493
0.046583294
0.046126684
0.046357484
0.045958251
0.046456765
0.046164958
0.046895604
0.047001194
0.047246028
0.048363676
0.049607426
0.050614387
0.051023431
0.050903977
 0.05099361
0.051625443
0.051801813
0.052799607
0.054462457
0.056174191
0.056413348
0.058530889
0.057910684
0.061538389
0.062003941
  0.0637349
0.062788255
0.063871412
0.066185238
0.069091975
0.070014359
0.069862905
0.072703414
0.073720864
0.073983961
0.075069784
 0.07716754
0.076906468
 0.07824375
0.079413017
0.079233385
0.080059945
 0.08114165
0.082944934
0.083259824
0.084521624
 0.08285938
0.085251151
0.083953074
 0.08424681
0.084702694
0.085967799
0.085941231
0.087004465
0.088901308
0.088444401
0.088976534
0.089808536
0.092901253
0.093223676
0.097864286
 0.10072682
 0.10048118
 0.10112702
 0.10463097
 0.10678084
 0.10699871
 0.10640006
 0.10874888
 0.10920382
 0.10944444
 0.10924028
  0.1116268
 0.11129323
 0.11497297
 0.11700645
  0.1198718
 0.11980241
 0.12232182
 0.12259101
 0.12364172
 0.12436227
   0.122957
 0.12506043
 0.12517798
 0.12605563
 0.12651179
 0.12966108
 0.13200624
 0.13078099
 0.13287971
 0.13532679
 0.13428182
 0.13644101
 0.13488243
 0.13648949
 0.13564607
  0.1377144
 0.13663037
 0.13646291
 0.13914022
 0.13937814
 0.14090283
 0.14089316
 0.14480327
 0.14701866
 0.14892228
 0.15202772
 0.15401338
 0.15557075
 0.15968728
 0.16057403
 0.16197976
 0.16361489
 0.16435798
 0.16554462
 0.16536758
  0.1671823
 0.16870843
 0.16776789
 0.16911654
 0.17062255
 0.16979155
 0.17089168
 0.17219738
 0.17273189
 0.17184436
 0.17310337
 0.17402522
 0.17447788
 0.17525913
  0.1762302
 0.17842869
 0.17729403
   0.177723
  0.1789599
 0.17819028
 0.17677417
 0.17763329
  0.1780445
 0.17736515
 0.17823842
 0.17783775
  0.1798642
 0.17738022
  0.1801442
 0.18094186
 0.18105349
  0.1825909
 0.17959396
 0.17998368
 0.18187725
 0.17985428
  0.1828449
 0.18306912
 0.18327249
 0.18334795
 0.18250108
 0.18268377
 0.18594627
 0.18494708
 0.18446511
  0.1849545
 0.18647588
 0.18641896
 0.18666179
 0.18571095
 0.18646424
 0.18864066
 0.18983201
 0.19551861
 0.19787087
 0.19728357
 0.19855576
 0.19528602
 0.19414924
 0.19491909
 0.19760131
 0.19925509
 0.19753381
 0.19455136
 0.19597474
 0.19605142
  0.1950542
 0.19406563
 0.19467383
  0.1956317
 0.20040645
 0.19922721
 0.20205756
  0.2046398
 0.20705777
  0.2081787
 0.20808151
 0.20371322
 0.20378147
 0.20663696
 0.20635899
 0.20787394
 0.21102533
 0.21645177
 0.21561629
 0.21613529
 0.21695156
 0.21919281
 0.22060323
 0.22364989
 0.22266489
 0.22426558
 0.22631505
 0.22496271
 0.22340354
 0.22427555
 0.22382006
 0.22354966
 0.22322997
 0.22356226
 0.22521291
 0.22587753
 0.22414055
 0.22509035
  0.2229679
 0.22641728
 0.22882301
 0.22986149
 0.23134212
 0.23151128
 0.23252704
 0.23427085
 0.23867318
 0.23852335
 0.23984127
  0.2412173
 0.24123896
  0.2412164
 0.24129728
 0.24448775
 0.24565199
 0.24723584
 0.24677869
   0.250231
  0.2508832
 0.25171589
 0.25530313
  0.2545169
 0.25403944
 0.25374602
 0.25668469
 0.25665256
 0.25540098
  0.2575446
 0.26022591
 0.26261918
 0.26438866
 0.26560727
 0.26940795
  0.2722279
 0.27456917
 0.27555519
 0.27831913
 0.28233187
 0.28416452
 0.28287719
 0.28528402
 0.28774659
 0.28842982
 0.29191071
 0.29376454
 0.28879786
 0.29257266
 0.29368412
   0.293646
 0.29020789
 0.29608244
 0.29809636
 0.29825145
 0.29944469
 0.30213335
 0.29967691
 0.29949044
 0.29810916
 0.29916095
 0.30719867
 0.30594875
 0.30846634
 0.31197362
 0.30996609
  0.3132423
 0.31154737
 0.31694895
 0.31569429
 0.31603685
  0.3144754
 0.31470124
 0.31505517
  0.3183592
 0.31922977
 0.31984724
 0.31637178
 0.31837154
 0.31923164
 0.32168648
 0.31705079
  0.3178364
  0.3154771
 0.31698849
 0.31726267
 0.32397032
 0.31923178
 0.31668069
  0.3176568
   0.316838
 0.31952986
 0.31728518
 0.32063102
 0.31731054
 0.31720464
 0.31840557
 0.31653806
 0.31690853
 0.31597278
 0.31297937
 0.31492464
 0.31341355
 0.31502205
 0.31758113
 0.31591885
 0.32185612
 0.31896504
 0.31644489
 0.32124919
 0.31917336
 0.32833733
 0.31981091
 0.31895622
 0.32103771
 0.32080118
 0.32457167
 0.32611469
 0.32999707
 0.34218459
 0.33477968
 0.34214682
 0.34271559
 0.34376162
 0.33864405
  0.3451689
 0.34193068
  0.3452397
 0.35057079
 0.34344165
 0.34800074
 0.34645657
 0.34880551
  0.3494564
 0.35537521
  0.3538674
 0.35571846
 0.35539027
 0.35826016
 0.35579179
 0.36082728
 0.36354299
 0.36874968
 0.36434817
 0.37052621
 0.37690133
 0.38218466
 0.38390404
 0.38175562
 0.38289785
 0.38311506
  0.3885489
 0.39173081
 0.39004303
 0.38899334
 0.39269629
 0.40044717
   0.397261
 0.39667086
 0.39426786
 0.39626052
 0.39284352
 0.39568539
 0.39213825
 0.39411357
 0.39348703
 0.39322243
 0.39430603
 0.39666884
 0.40035991
  0.4056068
 0.40786117
 0.41018234
 0.40887795
 0.40457449
 0.40944275
 0.40878758
 0.40937846
 0.41157384
 0.41206107
 0.41068268
 0.41024439
 0.41459778
 0.42141939
 0.41250472
 0.41883161
 0.41596812
  0.4088209
 0.41176444
 0.40949489
 0.40742358
 0.42173266
 0.41031462
 0.41361381
 0.41916064
 0.42299824
  0.4207896
 0.42279398
 0.42410642
  0.4206182
 0.42293593
 0.42140468
 0.42335034
 0.42738127
 0.42202019
 0.42269815
 0.42919546
 0.42472697
  0.4254624
 0.42867567
 0.42732903
 0.42655036
 0.43308168
 0.43556448
 0.43173351
 0.44035747
 0.43439421
 0.43285884
 0.43464849
  0.4410348
 0.44132526
 0.44141415
 0.44115864
 0.43422838
 0.43669117
 0.43386854
 0.42990148
 0.43194617
 0.42755498
 0.43146339
 0.42784979
 0.42577869
  0.4232977
 0.41857201
 0.42176232
  0.4198713
 0.41961223
 0.42208793
 0.42497469
 0.42920441
 0.43629465
 0.43914806
 0.43910745
 0.44030363
 0.44519802
 0.45349536
 0.45280707
  0.4579169
 0.45681921
 0.45285956
 0.45337489
 0.45136922
 0.45560216
 0.45415008
  0.4523517
 0.45048464
 0.45084346
 0.46027484
 0.45542609
 0.45335727
 0.45131593
   0.447738
 0.44939147
 0.45079849
   0.456933
 0.45175157
  0.4639821
 0.46047077
 0.45936525
 0.46550795
 0.46879719
 0.47261554
 0.48160998
 0.48539278
 0.48541023
 0.48477763
 0.48660974
 0.48096601
 0.48498945
 0.48076661
  0.4808479
 0.47592198
 0.48133841
 0.48373493
 0.48380554
 0.48434506
 0.49061133
 0.49602029
 0.49176365
 0.49123764
 0.49123177
 0.49389512
 0.49859038
 0.49519574
 0.49044009
 0.48963371
 0.49044302
 0.49508375
 0.49311562
 0.50526969
 0.50196854
 0.50487713
 0.50708981
 0.50407728
 0.50292269
 0.50343481
 0.49898668
 0.50250572
 0.50240122
 0.50128329
 0.50378947
 0.50424275
 0.50414861
 0.50235247
 0.50185004
 0.50901803
 0.51310436
 0.52058147
 0.51716227
 0.52216116
 0.53278359
 0.53575255
 0.53341448
 0.53579258
  0.5387728
 0.53597206
 0.53933732
 0.53914749
 0.54215621
 0.54312379
 0.53977943
 0.54516362
 0.54447179
 0.54533275
 0.54577475
 0.54788016
   0.542489
 0.54174388
 0.54520087
 0.54593243
  0.5469088
 0.54569796
 0.54698882
 0.54119483
 0.54668363
  0.5457187
 0.54838377
 0.55320459
 0.55423655
 0.55341623
 0.55674742
 0.55369778
 0.55327074
 0.55173139
 0.55227008
 0.55221098
 0.55356089
 0.55465386
 0.55433354
 0.55329518
 0.55610497
 0.55543721
 0.55507198
 0.55307773
 0.55565893
 0.55749182
 0.55551447
 0.55726027
 0.55629293
 0.55197648
 0.55021637
 0.54472959
 0.54168092
 0.54577993
 0.55169423
 0.55340147
 0.55655697
 0.55870975
 0.56440509
 0.56281853
 0.56211696
  0.5645371
 0.56006227
 0.56163822
 0.56296845
 0.56046199
 0.56178092
 0.56336194
 0.55853797
 0.56168109
 0.55954729
 0.55366129
 0.55689077
 0.55703007
 0.55665124
 0.55505098
 0.55580773
 0.55726978
 0.56103396
 0.56308065
  0.5618773
 0.55994045
 0.56311596
 0.56571667
 0.56960308
 0.57351256
  0.5712691
 0.56958775
 0.57028102
 0.57070175
 0.56741973
 0.56348647
 0.56291709
  0.5604293
 0.56066961
 0.56143145
 0.56000881
 0.56123257
 0.56160959
 0.56073377
 0.55854383
 0.55901561
 0.55854516
 0.56090033
 0.56634493
 0.56884023
 0.56835532
 0.56727864
 0.57008036
 0.56467362
 0.55815826
 0.56126698
 0.56354807
 0.56814091
 0.57242633
 0.57274209
 0.56559998
 0.56841254
 0.57215063
 0.59238192
 0.61540333
 0.61396813
  0.6134694
 0.61099009
 0.61373883
 0.60218368
 0.61315515
 0.61416223
 0.61475133
 0.62701919
 0.63974355
 0.64499636
  0.6524441
 0.66654706
 0.67585728
 0.68296622
 0.68587219
 0.68671493
 0.68021614
 0.68179247
 0.67583779
 0.67978704
 0.67928313
 0.68147496
 0.67347375
 0.66988555
 0.67089199
 0.67066009
 0.67712562
 0.68111212
 0.67318716
 0.67757417
 0.67980917
 0.67542378
 0.66638401
 0.66482582
 0.67160432
 0.67400002
  0.6756135
 0.67054778
 0.66728126
 0.66741485
  0.6709906
 0.67458421
 0.67767182
 0.67697987
 0.68188979
 0.68087852
 0.68242463
 0.68796439
 0.69026159
 0.68714305
 0.68359643
 0.68508167
 0.68644446
 0.68358994
  0.6797684
 0.67020944
  0.6757251
 0.67296919
 0.68423556
 0.68016968
 0.68390014
 0.69113152
 0.68801707
 0.68952241
 0.68817067
 0.68842638
 0.68616404
 0.68137458
 0.68011081
 0.68412446
 0.68805258
 0.68565381
 0.67921431
 0.67831349
 0.67684727
 0.67139719
 0.67005625
  0.6671206
 0.67366072
 0.67845225
 0.67780039
 0.67817159
 0.67459229
 0.67059881
 0.67016742
 0.66947977
 0.67371144
 0.67912198
 0.68103901
 0.67978774
 0.67951388
 0.68021533
 0.67971917
 0.68117653
  0.6828295
 0.68282893
 0.68377738
 0.68824298
 0.68461975
 0.68168644
  0.6751285
  0.6821653
   0.683612
 0.67229715
 0.68305012
 0.68045197
 0.68423862
 0.68935136
 0.69423097
 0.69387083
 0.69788676
 0.70073028
  0.7067246
  0.7168946
 0.71715319
 0.72256351
 0.72467738
 0.73862959
 0.73660351
 0.74005785
 0.73677696
 0.73267238
 0.74177114
 0.75220554
 0.76031666
 0.76133011
 0.76359751
 0.76078159
  0.7667312
 0.76220739
 0.77386372
 0.77425589
  0.7742236
 0.77228086
 0.76784529
 0.77597822
 0.78357659
 0.78024458
 0.78770856
 0.78576744
 0.78978262
 0.78994426
  0.7935845
   0.789822
 0.79438113
 0.79197448
 0.78662122
 0.78387428
 0.78729581
 0.78233311
 0.78196998
 0.77829941
 0.77762465
 0.77628788
 0.77924754
  0.7793816
 0.78117725
 0.76959862
 0.77648075
 0.77501136
 0.77254338
 0.77091859
 0.77209709
 0.78004398
 0.78107605
 0.77805098
 0.78521739
 0.78444641
 0.78372377
 0.78600573
 0.78480553
 0.78243718
 0.78223299
 0.78475591
 0.78354145
  0.7839589
 0.78545352
 0.78608552
 0.78657732
 0.78918487
 0.78614975
 0.78417804
 0.78914934
 0.77824459
 0.77702275
 0.77627574
 0.78051687
 0.78156785
 0.77607587
 0.77063786
 0.77240575
 0.77197586
 0.77292594
  0.7644934
  0.7694349
 0.77078216
 0.77659575
 0.76396583
 0.76470546
 0.75810222
 0.75575256
 0.75388349
 0.75021593
 0.76417527
 0.76489493
 0.76956917
  0.7669165
 0.75774358
 0.75318823
 0.76584021
  0.7589459
 0.75139624
 0.75170113
 0.75493932
 0.75384878
 0.75308874
 0.75608715
 0.76472079
 0.76612232
 0.76839453
 0.76768746
 0.76536471
 0.75633663
 0.76191229
 0.76514104
 0.76563941
 0.76081655
 0.76966354
 0.76609446
 0.76633562
 0.76089645
 0.76612665
 0.76403289
 0.76075653
 0.75929372
 0.75420175
 0.75850376
  0.7508017
 0.75123429
  0.7576267
 0.76288275
 0.77269031
 0.77665217
 0.77786913
 0.77669728
 0.77705557
 0.76860825
 0.77480058
 0.77858898
 0.77348057
 0.77553053
 0.76277623
 0.76597194
 0.76589166
 0.76252839
 0.76313231
 0.76840454
 0.76807266
 0.77530802
 0.77385288
 0.77539013
 0.78307112
 0.78115137
 0.78660829
 0.77910014
 0.78465994
 0.78527275
 0.77998011
 0.78081659
 0.78629701
  0.7832665
 0.78206678
 0.78888448
 0.79246181
 0.79479818
 0.79294363
 0.79224584
 0.79051449
 0.78801677
 0.78450899
 0.78534956
 0.78476431
 0.78109426
 0.78345062
 0.77317415
 0.77461974
 0.77157686
 0.76614834
 0.77420233
 0.77348364
 0.77599465
 0.77645983
  0.7772939
 0.77661978
 0.76857949
   0.770557
 0.77322117
 0.77150831
 0.76726796
 0.76366825
 0.76773689
  0.7773966
  0.7760357
 0.77009888
 0.77212614
 0.77990105
 0.77824644
 0.77955379
 0.78087747
 0.77512515
 0.77852221
  0.7739775
  0.7727273
 0.77199894
 0.77910041
 0.77809323
 0.77604026
 0.77214028
 0.77488514
 0.77328408
 0.76803811
 0.77053436
 0.76745918
 0.76919835
 0.76567274
 0.76466581
 0.76771307
 0.76447968
 0.76676194
 0.76405223
 0.76457229
 0.76236164
 0.75807853
  0.7531707
 0.75036024
 0.75266492
 0.75207219
 0.74811066
  0.7483892
 0.74444666
 0.74215521
 0.74359316
 0.73778101
 0.74481535
 0.74324762
 0.74429871
 0.74276112
 0.74928938
 0.75446481
 0.75703898
  0.7545251
 0.74930726
 0.74871422
 0.74858737
 0.74783214
 0.75018423
 0.74849148
 0.75325409
 0.76701492
 0.76402291
 0.77387233
 0.76736089
 0.76983931
 0.76727646
 0.75862156
 0.76257443
 0.76387671
 0.76758881
 0.77227642
 0.77099041
   0.756603
 0.75357771
 0.75070821
 0.75621034
 0.75789184
  0.7512895
 0.75806879
 0.75712304
 0.75343014
  0.7657357
 0.77158351
 0.77225279
 0.76290193
 0.75749781
 0.76059012
 0.75828629
 0.76212344
 0.76339302
 0.76498499
 0.76325569
 0.76127262
 0.75927935
 0.76436378
 0.76126882
 0.76371605
 0.76168614
 0.75804365
 0.75672275
 0.76027731
  0.7652088
 0.76259069
 0.76282606
 0.75908496
 0.75087884
 0.75467378
 0.74933762
 0.75659618
 0.75411088
 0.75071965
 0.75062464
 0.75390132
 0.74970094
 0.75354213
 0.75248441
 0.75116064
  0.7538435
 0.75297333
 0.75271104
 0.74811753
 0.74570253
 0.74482959
 0.73664983
 0.74825581
 0.74310531
 0.73811302
 0.74170592
 0.73550029
 0.73716353
 0.73266466
 0.72884902
 0.72473745
 0.72899399
 0.73028023
 0.72762075
  0.7357566
 0.73812139
 0.74682804
 0.74680332
 0.75004961
 0.74873004
 0.75019607
 0.74454212
 0.74435884
 0.75312388
 0.75129194
 0.74408033
 0.74004161
 0.73786413
 0.74068446
 0.75081948
 0.75000792
 0.75410478
  0.7591598
 0.75722636
 0.75955758
 0.75791567
 0.76166864
  0.7580079
 0.76098505
 0.75522385
 0.74741093
 0.74326385
 0.74870988
 0.74976587
 0.74341905
 0.74535784
 0.74546551
 0.74867272
 0.74127042
 0.75259239
 0.75432046
 0.75271198
 0.75465065
 0.75639877
 0.75366013
 0.75443997
 0.75829153
 0.75683371
 0.75364971
 0.75274819
 0.75466988
 0.75434551
 0.75790045
 0.76279125
 0.76519338
 0.76133172
 0.76408955
 0.76455117
 0.76350059
 0.76677646
 0.77297642
 0.76894484
 0.77288366
 0.77739106
 0.77129146
 0.77422784
 0.77578896
 0.77108518
 0.77973353
 0.77126698
 0.77316847
 0.77812975
  0.7787946
 0.78512602
 0.78271714
 0.78780071
 0.78470571
  0.7815259
 0.78778515
 0.79112105
 0.79539911
 0.80037443
 0.80444789
 0.80131749
  0.8029252
 0.80257801
 0.80052495
 0.80396437
 0.79918384
 0.80269732
 0.79947947
 0.79494693
 0.79517789
 0.79355287
 0.78880312
 0.78542148
  0.7898353
  0.7905143
   0.788846
 0.79225965
  0.7888537
 0.78848398
 0.79838997
 0.80129728
 0.79996701
  0.8001948
 0.79690952
 0.79418896
 0.79775469
 0.79684769
 0.79375715
  0.7916745
 0.79237417
 0.79315183
 0.79246826
  0.7927434
 0.79575222
 0.79466806
 0.79933821
 0.79784248
 0.79301153
 0.78794119
 0.78195754
 0.77628183
 0.78522333
 0.79581046
 0.79995949
 0.80118858
 0.79875848
 0.79873388
 0.79653699
 0.79729621
 0.79802785
 0.79536942
 0.78772247
 0.78844496
 0.78427015
 0.78196525
 0.78077127
   0.779821
 0.78330678
 0.78370333
 0.78459164
 0.78606815
 0.78793123
 0.78677277
 0.78963736
 0.79041696
 0.78475301
 0.78631682
 0.78655325
 0.78644808
 0.78537357
 0.78732012
 0.78401875
 0.77855973
 0.78117356
 0.78645483
 0.78216792
 0.78994081
 0.78741319
 0.79015673
 0.79050506
 0.79193252
 0.80123744
 0.80029017
 0.79802521
 0.79748751
 0.79868347
 0.80512614
 0.81696336
 0.82156224
 0.83035238
  0.8272912
 0.83627223
 0.84476269
 0.85210933
 0.86212764
 0.86738754
 0.87990752
 0.87946816
 0.87168188
 0.87774378
 0.87358614
 0.86733588
 0.87026261
 0.86241143
 0.86322685
 0.86196737
 0.85428495
 0.85581007
 0.85273861
  0.8650775
 0.86932577
 0.86409887
 0.86004625
 0.86017827
 0.86209031
 0.85803435
 0.85734586
 0.85369807
 0.86530394
 0.86713652
 0.86854726
 0.85849389
 0.86590736
 0.86644709
 0.86465671
 0.87178325
 0.87020105
 0.87430636
 0.87205007
 0.87281227
 0.87778174
 0.86803447
 0.87105516
 0.86769817
 0.86578587
 0.86504975
 0.86880948
  0.8702301
 0.86908074
 0.86720813
 0.87335705
 0.87347677
 0.87453581
 0.86534059
 0.86694288
 0.86957803
 0.86238553
 0.85950354
 0.85646847
 0.85511106
 0.86037399
 0.85176086
 0.85156013
 0.85383233
 0.84964496
 0.85652587
 0.84997525
 0.85146363
  0.8575514
 0.85520032
 0.85748286
 0.86071942
 0.86352556
 0.86799186
  0.8681996
 0.86583777
 0.86005627
 0.86947213
 0.87582858
 0.86553555
 0.86844225
 0.86732308
 0.86951947
 0.86627748
 0.87521691
 0.86965694
 0.86874179
 0.86765507
 0.87081252
 0.87685003
 0.87348391
  0.8820538
 0.87670521
 0.87144618
  0.8763764
 0.87519667
 0.87535382
  0.8723433
 0.87341941
 0.87249198
 0.87614999
 0.87556029
 0.87544477
 0.88059713
 0.87775305
 0.87680682
  0.8770879
 0.87547276
 0.86621617
 0.85938209
 0.86529503
 0.86877646
 0.87122174
 0.87282382
 0.87528607
 0.87840334
 0.87840452
 0.87566653
 0.86908452
 0.87492572
 0.87135571
 0.87206744
 0.86819907
 0.86952627
 0.87663814
 0.87696565
 0.87676102
 0.87635812
 0.87393949
 0.87316192
 0.87261054
 0.86968423
 0.86633859
 0.86773404
 0.86806442
 0.86603587
 0.86992123
  0.8674037
 0.87383332
 0.87122609
 0.87208352
 0.86707946
  0.8744206
 0.86612583
 0.86093164
 0.85712403
 0.85797757
 0.86086775
 0.86662844
 0.87189456
 0.86012798
 0.85190936
 0.86147573
 0.86181327
 0.85328875
 0.85217083
 0.84744085
 0.85447427
 0.84874602
 0.84592326
 0.84864418
 0.84602177
  0.8378894
 0.83784273
 0.83088661
 0.83016089
 0.82790491
 0.83150858
 0.83328091
 0.82653716
 0.82140884
 0.82527591
 0.82015342
 0.81809958
 0.81607473
 0.81613279
  0.8245658
 0.83027705
 0.83261511
 0.83225786
  0.8355329
  0.8358275
 0.83133024
 0.83219377
 0.83803063
 0.83648143
 0.82978141
 0.83483262
 0.83367264
 0.84058163
  0.8315343
 0.82175416
 0.80947601
 0.81553551
 0.81606935
 0.81520199
 0.80928614
 0.80320112
 0.80747779
 0.81280207
 0.80377568
 0.78968895
 0.79125188
 0.79465472
 0.79832412
 0.80114041
 0.80182203
 0.79575037
 0.79901091
 0.79623923
 0.78901583
 0.78313227
 0.77659922
 0.77779551
 0.77669137
 0.77395625
 0.77408075
 0.78900839
 0.79600236
 0.79456189
 0.80145006
 0.79564772
 0.79993656
 0.79974204
 0.79415269
 0.79220438
 0.79001081
 0.79368552
 0.78907968
 0.80204905
  0.7983206
 0.79458498
  0.7931122
 0.79474478
 0.79771741
 0.79597374
   0.792242
 0.79026395
 0.78744779
 0.79142648
 0.78781365
  0.7887822
 0.79191283
 0.78394876
 0.79052106
 0.78981333
 0.78715476
 0.78919161
 0.78941334
 0.78263735
 0.78909365
 0.80420044
 0.81143739
 0.81295209
 0.81307143
 0.80963892
 0.81281747
 0.81700808
 0.81885128
 0.81726585
 0.81892193
 0.82569287
 0.82143046
 0.81837241
 0.82938167
 0.83427486
 0.84477032
 0.84273586
 0.84543371
  0.8432327
 0.84107374
 0.84762169
 0.84423103
 0.85292517
 0.84597324
 0.84843473
 0.84411804
 0.84621247
 0.84467698
 0.84108153
 0.84465984
 0.84255889
  0.8446526
 0.84740865
 0.84604006
 0.85387993
 0.85358101
 0.85491829
 0.85535267
 0.84531184
 0.85229289
 0.85227875
 0.84676958
 0.85157713
 0.85756633
 0.85561541
 0.85516427
 0.86032365
 0.86660874
 0.86903555
 0.87063653
 0.86796113
 0.87146734
 0.86865689
 0.86870071
 0.87112389
 0.86959924
 0.86352354
 0.86788406
  0.8613861
 0.85801878
   0.848182
  0.8449784
 0.83631048
 0.84119771
 0.83120929
 0.82498148
 0.82561146
 0.82634906
 0.81275228
  0.8172575
 0.82131224
 0.82215213
 0.83336476
 0.82879369
 0.83302871
 0.83353002
 0.83875759
 0.83823247
 0.83521288
  0.8333745
   0.838518
 0.84001881
 0.83735971
  0.8347808
 0.83822895
 0.83434122
 0.84469689
 0.85190183
 0.84661392
 0.85182483
 0.85195824
 0.86018692
 0.86876073
 0.86730298
 0.87273275
 0.87719333
  0.8821261
 0.87868209
 0.87619956
 0.87392754
  0.8737071
 0.87843902
 0.87680332
  0.8797397
 0.87993632
 0.88505413
 0.88696921
 0.88613605
 0.89202925
 0.88210616
 0.88624392
 0.88407431
 0.88883402
  0.8881268
 0.89584733
 0.89292402
 0.88340083
 0.87274414
 0.87090823
 0.87239127
 0.87246051
  0.8698646
 0.86661126
 0.87394898
 0.87246714
 0.87524886
 0.87304759
 0.86902926
 0.87086741
 0.87016287
 0.86644514
  0.8736532
 0.86916023
 0.86458957
 0.86314292
 0.85880236
 0.85253141
 0.86205197
 0.85993162
 0.85549901
   0.850667
 0.84619163
 0.84738591
 0.84385382
 0.84367238
  0.8399019
 0.84593982
 0.84216437
 0.84845422
 0.85427771
 0.86178373
 0.85917859
 0.85926158
  0.8563731
 0.84712771
 0.84884662
 0.84521118
  0.8356009
 0.83863211
 0.83511937
 0.84408121
 0.83716923
 0.83959748
 0.83993277
  0.8356149
 0.83012348
 0.82766881
 0.83231692
  0.8469769
 0.85073177
 0.84790939
 0.84378941
 0.84354614
 0.82700442
 0.84033026
 0.83459074
 0.81707355
 0.82439388
 0.81465886
 0.82691386
 0.81232907
 0.80920208
 0.81242523
  0.8258768
 0.81960692
 0.82383583
 0.82882117
 0.83309934
 0.83861531
 0.84456553
 0.85320125
 0.84684719
 0.85318385
 0.85628531
 0.85670504
 0.86306432
 0.86958371
 0.87136467
 0.87411075
 0.87328015
 0.86625577
 0.86956162
 0.87236427
 0.87777544
 0.87736046
 0.88631506
 0.88165264
 0.87477645
 0.87491399
 0.87595405
  0.8719341
 0.86456429
 0.87635531
 0.87604225
 0.87583003
 0.87901856
 0.86558911
 0.87071098
  0.8712394
 0.87112958
 0.86807483
 0.87249496
 0.87314954
 0.86934834
 0.86689592
 0.85181427
  0.8521144
 0.86890144
 0.86860946
 0.86889074
  0.8631426
 0.85505221
 0.84341889
 0.85202333
 0.85364842
 0.85730444
 0.85686248
 0.86600905
 0.86094634
 0.86103468
  0.8539782
 0.85837767
  0.8625532
  0.8660499
 0.86565031
  0.8677405
 0.86315237
 0.85405391
  0.8524446
 0.85169462
 0.85192655
 0.85703957
 0.85920931
 0.85852918
 0.84809412
 0.84878835
  0.8517439
 0.84912322
 0.85749098
 0.85656823
 0.86060127
 0.86084956
 0.85515848
 0.85271644
 0.85798777
 0.85480983
  0.8645147
 0.87243136
 0.86816053
 0.86567389
 0.87469691
 0.86959636
 0.86104391
 0.86698208
  0.8595369
 0.84916559
 0.84104525
 0.84502684
 0.85270817
 0.85475938
 0.85714715
 0.85281152
  0.8499808
 0.86111937
 0.85853133
 0.84525011
 0.84973031
 0.85310168
  0.8466493
 0.84567244
 0.85877306
 0.85137478
 0.85292869
 0.84944052
 0.83796239
 0.84354371
 0.84338542
  0.8451671
 0.84593539
 0.86189682
 0.86173322
 0.86000469
 0.85105919
 0.85119198
 0.85396112
 0.84510764
 0.83980195
 0.83383582
 0.83692726
 0.84448594
 0.83861689
 0.84192339
 0.84413007
 0.84987868
 0.84680551
 0.84323904
 0.84824989
 0.83791307
 0.84103897
 0.83671318
 0.83088399
 0.84769958
 0.85692766
   0.864415
 0.86404568
 0.85564516
 0.84299228
 0.85060941
 0.85528706
 0.86494938
 0.87495801
 0.86672393
 0.86743275
 0.85201784
  0.8661702
 0.86693308
 0.86876076
 0.86177294
  0.8564338
 0.85614634
  0.8686962
  0.8671462
 0.86348531
 0.86938168
 0.86138762
 0.85974679
 0.86045877
 0.84786107
 0.85131704
 0.85034901
 0.84884976
 0.85052261
 0.85590687
 0.86106464
  0.8616407
 0.87605862
 0.87715037
 0.87316957
  0.8755008
 0.88555329
 0.88688726
  0.8890586
 0.88981873
 0.88128476
 0.89092318
 0.89145583
 0.89039856
  0.8988864
 0.90344016
 0.90227355
 0.89581378
 0.89770599
 0.91206286
 0.90732939
 0.90303539
 0.89991312
  0.8932861
 0.89538603
 0.90134042
 0.89689276
 0.90268305
 0.89777822
 0.87506127
  0.8629166
  0.8525208
 0.84927352
 0.86210895
 0.84255766
 0.84090598
 0.83275179
 0.82145644
  0.8267726
 0.82819996
 0.82765342
 0.82406884
 0.81872607
 0.82388886
 0.81921563
 0.81818291
 0.82153829
 0.82394819
 0.82321707
 0.83292933
 0.82961072
  0.8360656
 0.82461074
 0.83162815
 0.84117619
 0.83180134
 0.83120753
 0.83653766
 0.84306025
  0.8434818
   0.844363
 0.85041839
 0.83826527
 0.83759631
 0.84436192
 0.84670276
 0.84228833
 0.84442464
 0.84576156
 0.84401223
 0.84981549
 0.84963936
 0.85130752
 0.85538465
 0.85168094
 0.85181184
  0.8464803
 0.84297798
 0.84423771
 0.84565251
 0.84759069
 0.85018934
 0.85426516
 0.85212618
 0.85314559
  0.8519388
 0.85540574
 0.85288536
 0.85289348
 0.85389265
 0.85178861
 0.84524909
 0.84505132
 0.82573664
 0.81756088
 0.82118786
 0.82136107
 0.82162715
  0.8231001
 0.82727936
 0.83345079
  0.8366885
 0.83563114
 0.83198124
 0.83898222
  0.8402774
 0.84797869
 0.83725631
 0.83579006
 0.83169796
 0.83410475
 0.83515489
 0.83057272
  0.8251171
 0.82800193
 0.82757129
 0.82684753
 0.83066098
 0.82822447
 0.83396385
 0.83734787
  0.8346045
 0.83829026
  0.8459903
 0.84406308
 0.83801275
  0.8420043
 0.84078681
 0.84137468
 0.83861939
 0.84765772
 0.85357084
 0.85330306
 0.84939483
 0.85559966
 0.85250197
 0.85686009
 0.85408947
 0.86048272
 0.86218334
 0.86521596
 0.87243575
 0.86889168
 0.86859561
 0.86892246
 0.85791852
 0.85501586
 0.87029151
 0.86426171
 0.85843659
 0.86156197
 0.86897026
 0.87589419
 0.88065481
 0.88411125
 0.88710232
 0.88884946
 0.88512856
  0.8737663
 0.88140255
 0.87980534
 0.87086989
 0.87700698
 0.88327622
 0.88273198
 0.87819535
 0.87645044
 0.86867494
 0.87229565
  0.8747336
 0.87730697
 0.88471974
 0.88448418
 0.89509394
 0.88903846
 0.88384758
 0.88003982
 0.87641307
 0.88223334
 0.88225209
 0.87982377
 0.87919278
 0.88216859
 0.87493381
 0.87316279
   0.870737
 0.86653034
  0.8695966
 0.87258765
 0.86893733
 0.87332714
 0.88351296
 0.88637821
 0.88214394
 0.88299628
 0.88656154
 0.88455983
 0.89132589
  0.8877637
 0.88445122
 0.88914096
 0.87999963
  0.8777085
 0.86154883
  0.8610972
 0.86823413
 0.86967225
 0.86600479
 0.86644204
 0.87246301
 0.87490989
 0.87622627
 0.87197311
 0.86998318
 0.86692891
 0.87224499
 0.86960491
 0.86595516
 0.86626348
 0.86182489
 0.86351846
 0.86480687
 0.86188144
 0.85201406
 0.85821721
 0.85002301
 0.85134808
 0.83655037
 0.83814337
 0.82268003
 0.82358527
 0.81828383
 0.82956277
 0.83065484
 0.85192818
 0.84991896
 0.85633195
 0.86327354
 0.85659779
 0.85637708
 0.85192398
 0.85575774
 0.85526357
 0.85554946
 0.85004228
 0.84912702
 0.84617235
 0.84901176
 0.84773629
 0.85589954
 0.84679276
 0.85150137
 0.85356047
 0.85827062
 0.85423635
  0.8489123
 0.84455756
 0.85133237
 0.84572197
 0.84653689
 0.85315768
 0.85030022
 0.85435181
 0.85486893
 0.85611787
 0.84698123
 0.85673794
 0.85850329
 0.86383113
 0.86141388
 0.85406716
 0.85401159
 0.85392192
  0.8580407
 0.85843927
 0.85975786
 0.86119628
 0.85837738
 0.86313068
 0.86463643
 0.87066638
 0.86718143
 0.86396914
 0.86753618
 0.87508347
 0.86524396
  0.8763331
 0.88145685
  0.8835096
 0.89362477
 0.90165824
 0.89683045
  0.8998661
 0.89645464
 0.89294127
 0.88783777
 0.88834066
 0.88372388
 0.87636138
 0.88738101
 0.87751049
 0.87035511
 0.87356174
 0.87877866
 0.87559512
 0.87195196
 0.87981243
 0.88229656
 0.88698752
 0.89543713
 0.89892426
  0.8959014
 0.89756876
 0.89381867
 0.90061152
  0.9031362
 0.89727728
 0.89975396
 0.89842647
 0.89343849
 0.88650763
 0.87660782
 0.88174844
 0.88820167
  0.8861475
 0.88785792
 0.88215357
 0.88186293
 0.86731422
 0.87086257
 0.87885334
 0.87758808
 0.88179945
 0.89213101
 0.89075478
 0.88667712
 0.87799182
 0.88554901
 0.88886973
 0.89406584
 0.89526257
 0.88981364
 0.88754035
 0.89020452
 0.88583586
 0.88538574
 0.87210785
 0.87508198
 0.85924901
 0.86019322
 0.85434994
 0.85075247
 0.84196596
 0.84372402
 0.84473191
 0.84281293
 0.84168551
 0.85065591
  0.8560105
 0.86499684
 0.86920824
 0.87522404
 0.87711018
 0.87399878
 0.87635122
 0.87814455
 0.87803539
 0.87402416
 0.87058395
  0.8683213
 0.87816969
 0.88700042
 0.88454371
 0.87906792
 0.87352152
 0.87276435
 0.87096907
 0.86168885
 0.86304721
  0.8668372
  0.8591336
 0.85494148
 0.85406119
 0.85856604
 0.86956768
 0.86734395
 0.86416008
 0.87062254
  0.8733662
 0.86813234
 0.87442265
 0.88580881
 0.88835328
   0.881136
 0.87639906
 0.88147725
  0.8844962
 0.88194734
 0.89165035
 0.88596545
 0.88687867
  0.8959578
 0.89716094
 0.90469527
 0.90439171
 0.90901205
 0.90842665
 0.90463543
 0.89734509
 0.89426716
 0.89867463
 0.90384291
 0.89786748
  0.8949326
 0.89223624
 0.89341831
 0.89081567
 0.88687315
 0.88134811
 0.88354692
 0.87677474
 0.87656195
 0.88455505
   0.889939
 0.88202608
 0.87636589
 0.88836488
 0.88308718
 0.87510315
 0.88106401
 0.89013847
 0.90194483
 0.90883218
 0.91242811
 0.90801773
 0.90537757
 0.90643456
 0.91982046
  0.9119018
 0.91354281
  0.9192899
 0.92009037
 0.91566059
 0.92413975
 0.92868742
 0.92561773
 0.92848506
 0.92531977
 0.93202137
 0.93198098
 0.92746953
 0.93027144
 0.92893436
 0.92822844
 0.92266504
 0.92634088
 0.92661583
 0.92393884
 0.91840092
 0.91634473
 0.91577119
 0.91008176
 0.90392865
 0.90671903
 0.90109557
 0.90256798
  0.8985077
 0.90130697
 0.90316723
 0.91198805
 0.91569906
 0.91574344
 0.92256901
 0.92399795
 0.92738226
 0.92534726
 0.92641959
  0.9245545
   0.922344
 0.92521118
 0.92976834
 0.92822621
 0.92579014
 0.92470349
 0.92325873
 0.92036735
 0.91666958
  0.9128073
 0.89840161
 0.89815353
 0.90192529
 0.89662982
 0.89831119
 0.89928695
 0.88730064
 0.89000859
 0.89240858
 0.89690446
 0.89867437
  0.9025524
 0.90528974
 0.90455849
 0.90655874
 0.90558581
 0.90371222
 0.90522483
  0.9053686
 0.89849596
 0.90260927
 0.90539806
  0.9041043
 0.89588546
 0.89883155
 0.89387884
 0.89433074
 0.89064977
 0.88906647
 0.88433724
 0.88175153
 0.87745698
  0.8789778
 0.87724182
 0.87801723
 0.88112859
 0.87826191
 0.88208396
 0.88713235
 0.88358913
  0.8841936
 0.88242065
 0.88318291
 0.88575644
 0.89181013
 0.89249875
 0.89081617
 0.89712637
 0.89499423
 0.89968916
 0.90246829
 0.90690627
 0.90919436
 0.90926374
 0.91499783
 0.90445697
 0.90237064
 0.89616071
  0.8971185
 0.89182447
 0.89287677
  0.9021973
 0.90778162
 0.91163782
 0.91409478
 0.91130103
 0.91384174
 0.91626132
 0.91493328
 0.90751995
 0.90586197
 0.90248977
 0.89792053
 0.90635319
 0.90446481
 0.90376858
 0.90130621
 0.90011771
 0.90017799
 0.89793447
 0.89926944
 0.90402154
 0.90643361
 0.90963226
 0.90923791
 0.91282957
  0.9093631
 0.89762485
 0.89427489
 0.89259334
 0.89531649
 0.89583365
 0.88356834
 0.88711109
   0.876709
 0.87920328
 0.88533772
 0.88503962
 0.88286668
  0.8792303
 0.87698165
 0.87658553
 0.88356532
 0.88330001
 0.89271581
 0.89368567
 0.89731873
    0.90041
 0.89315222
 0.89271436
 0.89235801
 0.89264601
 0.89471804
 0.89284181
 0.89297179
 0.89074414
   0.890548
 0.89990101
 0.90321719
 0.90009821
 0.89803182
 0.89417703
 0.88940411
 0.88851898
 0.88107492
 0.88269348
 0.88533279
 0.88422478
 0.88684149
 0.88787927
 0.88555914
 0.89083078
 0.89259893
 0.89788981
 0.89606449
 0.89667362
 0.89667261
 0.89720639
 0.90095248
 0.90762807
  0.9134676
  0.9032878
 0.90543747
 0.90000255
 0.89403938
 0.89463854
 0.88556557
 0.88954552
 0.88869254
 0.89541352
 0.90297944
 0.90242438
 0.90032924
 0.89869898
 0.89317022
 0.88512753
  0.8881002
 0.88269679
 0.88630697
 0.88861399
 0.90001995
 0.89994126
  0.9054338
 0.91562546
 0.91013709
 0.91682488
 0.91315196
 0.89952585
 0.88900102
 0.90430893
 0.90397614
 0.89812181
 0.89181764
 0.89906587
 0.89681329
 0.88789334
 0.88787037
 0.89695022
 0.87894036
 0.88171568
 0.86989365
 0.87428317
 0.86755996
 0.86426035
 0.87324805
 0.86957152
 0.87171313
  0.8725124
 0.86844459
 0.88403105
 0.87837203
 0.88107022
 0.88616595
 0.87713421
  0.8945833
 0.88371518
 0.86718539
 0.87383045
 0.86664812
 0.86354506
 0.85154283
 0.85885984
 0.87600364
 0.87695876
 0.87177412
 0.87188751
 0.84824555
 0.87376176
 0.88208503
 0.86644743
 0.88629512
 0.88917252
  0.8841035
 0.89773006
 0.90384137
  0.9080749
 0.90947914
  0.9090717
 0.90478235
 0.91444297
 0.90911467
 0.90301973
 0.89423558
 0.88978188
 0.88737485
 0.89244916
 0.89728392
 0.89402324
 0.89812401
 0.89440818
 0.90714323
 0.89954689
 0.89926148
 0.90358784
 0.89773997
 0.90286893
 0.88601017
 0.88963638
 0.88968127
  0.8796195
 0.88579213
 0.89746833
 0.89080644
 0.88012154
 0.87673056
 0.86972336
 0.86736744
 0.87121294
  0.8717017
 0.86664529
 0.86245358
 0.85808591
 0.85689603
 0.85963773
 0.84951758
 0.85096846
 0.84860466
   0.853107
 0.84895411
 0.84672251
 0.84455334
 0.84980787
 0.85232963
 0.84897486
  0.8594098
 0.87334742
 0.87923343
 0.88067363
 0.88165151
 0.88837361
 0.88981028
 0.88432988
 0.89328832
  0.8780613
 0.88729292
 0.89280733
 0.88257715
 0.88549724
 0.87472858
 0.87865129
 0.86991327
 0.88037347
 0.87685527
 0.86846932
 0.88844405
 0.87666966
 0.87908008
 0.88292472
 0.87472523
 0.86346823
 0.87315785
 0.87417687
 0.87865361
 0.88467766
 0.86708939
 0.87586286
 0.87887215
 0.87672635
 0.88733796
 0.87298875
 0.87228356
 0.86416648
 0.87764073
 0.87169828
 0.87270716
 0.87039622
 0.87552035
 0.87269872
 0.87911833
 0.87857679
 0.87270487
 0.86839466
 0.87095343
 0.86766544
 0.88061093
 0.87466766
 0.88093934
 0.87170542
 0.88082927
  0.8669964
 0.86760405
  0.8752333
 0.87122998
 0.87884242
 0.86749516
 0.85516582
  0.8530533
 0.84939065
 0.86281111
 0.86514739
 0.86254399
 0.86196498
 0.87245323
 0.87415184
 0.86938384
 0.85594961
 0.85323136
 0.86127368
 0.85524583
 0.85989503
 0.86386587
 0.86320045
 0.86306408
 0.86486135
 0.85174052
 0.86771068
 0.86343338
 0.86406182
 0.86708953
 0.86459197
 0.86211944
  0.8724766
 0.86606408
 0.86625248
 0.87079474
 0.86802679
   0.857569
 0.85513323
 0.86346032
 0.85724066
 0.85759679
 0.85262056
 0.85532782
 0.85901355
  0.8630033
 0.86643641
 0.86336817
 0.86522189
 0.85731571
  0.8568618
  0.8543123
 0.84970891
 0.85138165
 0.84487769
 0.84927479
 0.85197766
 0.84770351
 0.85473418
 0.85140109
 0.85092487
 0.84972468
 0.85555346
  0.8540772
  0.8537879
 0.85602334
  0.8462889
 0.84494907
 0.84515665
 0.84443503
 0.84619613
 0.85299917
 0.85780627
 0.85751686
 0.85622027
 0.85284441
 0.84928248
 0.85155756
 0.85362834
 0.84495246
  0.8384651
 0.84303965
 0.84377933
 0.83937695
 0.84475039
 0.84959017
 0.85258143
 0.85212357
 0.84526808
 0.84769814
 0.85407359
 0.84439775
  0.8468979
 0.84639997
 0.85187226
 0.84988696
 0.85415597
 0.85352257
 0.85126831
 0.85463701
 0.85299292
 0.85307404
 0.85421336
 0.85306299
 0.86016209
 0.85477793
 0.85008289
   0.850043
 0.84648912
 0.84446944
  0.8437654
 0.84203405
 0.84499089
 0.84351384
 0.84717283
 0.84452096
 0.84179909
 0.83454293
 0.83162446
 0.82396054
 0.82541001
 0.82720404
 0.82448717
 0.83065446
 0.83053549
 0.83757795
 0.83070867
 0.83318142
 0.83593972
  0.8337447
 0.83365145
 0.83396117
 0.83779094
 0.83792575
 0.84503532
 0.84417809
 0.84552453
 0.84960625
 0.84867761
 0.85051171
 0.84544748
 0.84710652
 0.84139678
 0.84301269
 0.84311981
 0.84492418
 0.85304451
 0.85213661
 0.85104926
 0.84735315
 0.84932884
 0.85269872
 0.85374453
 0.85697008
 0.85348811
 0.84121175
 0.84439822
  0.8490301
 0.85463007
 0.85980869
 0.86429315
 0.86427165
 0.86201454
 0.86274284
 0.86029734
 0.86265666
 0.86391734
  0.8682196
 0.86762421
 0.85980252
 0.85670436
 0.84979017
 0.84850194
 0.85511418
 0.84929982
 0.85056868
 0.84264133
 0.84105333
 0.84642067
 0.84909816
 0.84713367
 0.85079011
 0.85897469
 0.84938837
 0.85423211
 0.84999023
 0.84748269
 0.84803802
 0.84724275
 0.84793963
 0.84378009
  0.8425205
 0.84648609
  0.8484398
 0.85585415
 0.85666842
 0.85451705
 0.85497171
 0.85507596
 0.85441721
 0.85052425
 0.84316716
 0.83293299
 0.84193598
 0.84829266
 0.84483083
 0.84779876
 0.85327296
 0.84858728
  0.8590609
  0.8547676
 0.84950204
 0.85436892
 0.85363391
 0.84961339
 0.83949892
 0.83429159
 0.84093701
 0.84271666
 0.83905085
 0.84290797
 0.85345612
 0.84330643
 0.83687849
 0.84748778
 0.84702731
 0.84250739
 0.84235744
 0.84315192
 0.84538507
 0.84865334
 0.85331636
 0.84865716
 0.85050264
 0.84866079
 0.84898549
  0.8522016
 0.85100333
 0.84748475
  0.8501729
 0.84432707
 0.84053398
 0.83778641
 0.84495703
 0.84330469
 0.83981544
 0.84487353
 0.84558521
 0.84426126
 0.85177075
 0.85001332
 0.84631536
 0.84246792
 0.83779842
 0.83725082
 0.83818996
 0.83853863
 0.83913645
 0.83749692
 0.83694663
 0.83864091
 0.83635934
 0.83297383
 0.83622546
 0.83840472
  0.8405006
  0.8311869
 0.83586702
 0.83614849
 0.83820023
  0.8455902
 0.84326141
 0.84935901
 0.84782254
  0.8391603
  0.8428958
 0.84335044
 0.84259092
 0.83931063
  0.8401535
 0.84041264
  0.8377068
  0.8345868
 0.83395181
 0.82427932
 0.83001834
  0.8338922
 0.82933605
 0.83272006
 0.83802937
 0.83980482
 0.84451184
 0.84610327
 0.84560091
 0.83864611
 0.84685617
 0.83958432
   0.845846
 0.84605232
 0.84099061
 0.82363098
 0.81298278
 0.83448031
 0.84099079
 0.83108152
 0.84077144
 0.85474007
 0.84449287
 0.84886377
 0.86225074
 0.85095643
 0.84570187
 0.85777906
   0.866942
 0.86751445
 0.87359282
 0.87743905
 0.87670215
 0.87398228
 0.87973586
 0.87637113
 0.87885238
 0.87771499
 0.87663506
 0.88643773
 0.89220686
 0.89215544
 0.88719557
 0.89096681
 0.89233548
 0.89879299
 0.90283233
  0.9025881
 0.90404218
 0.89923391
 0.89057681
 0.89681748
 0.90471982
  0.9112891
 0.91288026
 0.90776523
 0.90655478
 0.90590505
 0.91058547
 0.90540013
  0.9019393
 0.90055587
 0.89906102
 0.89073675
 0.89043879
 0.89453821
 0.89460981
 0.90167736
 0.90254838
 0.91103972
 0.90502772
 0.90589948
 0.90766561
 0.90640937
 0.90323473
 0.89960236
 0.90503438
 0.90818565
 0.91104018
 0.91360618
 0.90557526
 0.90537121
 0.90168223
 0.90115945
 0.89773701
 0.88403969
 0.89465933
 0.90034716
 0.90929538
 0.91024003
 0.91280143
 0.90870933
 0.90083971
 0.89952644
 0.89973468
 0.90509563
 0.89772855
 0.90246186
 0.90015849
 0.90150536
 0.90306461
 0.88892296
 0.89482576
  0.9007449
 0.90164951
  0.8979807
 0.89124763
 0.89833959
 0.89943466
 0.89189037
 0.89328954
 0.88571076
 0.89734458
 0.90307213
 0.90709868
 0.90191338
 0.90627852
 0.91316592
 0.91633847
 0.91595214
 0.91199282
 0.91024182
 0.91295976
 0.91742708
 0.91665852
 0.91327485
 0.91363455
 0.91011735
 0.90942727
 0.90960391
 0.91202006
 0.91819382
 0.91576776
  0.9116982
 0.90199268
 0.90158629
 0.89851901
 0.90139238
  0.9015263
 0.90518647
 0.90152149
 0.90144221
 0.89840853
 0.89680328
 0.88976257
 0.89471745
 0.88412581
 0.88728497
 0.88862112
 0.89259942
 0.89442742
 0.88980957
 0.88849642
 0.89063731
 0.89450023
 0.89761886
 0.89491173
 0.89773958
 0.89944941
 0.89845056
 0.89413182
 0.89909435
 0.90108614
 0.90135061
 0.90010487
 0.90164029
 0.89247454
 0.89302191
 0.88688561
 0.88603465
 0.88741846
 0.89170069
 0.89606824
  0.8988716
 0.89679239
 0.89764344
 0.89212329
 0.89125908
 0.89322816
 0.88825456
 0.89024309
 0.88660051
 0.88250997
 0.88220073
 0.88550267
 0.88722834
 0.88578481
 0.87967545
 0.88582648
 0.89004415
 0.88674015
 0.88731796
 0.88611983
 0.87386704
  0.8729484
 0.86576868
 0.86754119
 0.86452496
 0.86853866
 0.86813791
 0.87416743
 0.87835976
 0.87859898
 0.87456168
 0.88010384
 0.87193725
 0.86848096
  0.8611403
 0.86905335
 0.86866768
 0.87161301
 0.88413506
 0.89065644
  0.8842393
  0.8856644
 0.87334172
 0.87114875
 0.86645729
 0.87398311
 0.87294853
 0.86411641
 0.85983491
 0.85537197
 0.85236169
 0.84318334
 0.84666381
 0.84794429
 0.83994419
 0.82921386
 0.83458231
 0.83480989
 0.84947702
 0.85853259
 0.85726677
 0.86202967
  0.8684574
 0.86974562
 0.87438494
  0.8947416
 0.89899089
 0.90411578
 0.90444615
 0.90552111
 0.90043868
 0.90102542
 0.89527653
 0.89556451
 0.88424135
 0.88419405
  0.8831034
 0.87649621
 0.87595095
 0.88588177
 0.88837297
 0.88656288
 0.88881825
 0.88985474
 0.89041304
 0.88509503
 0.88879641
 0.89274235
  0.8930144
  0.8883671
 0.88271416
 0.88118747
 0.88647203
 0.88968696
 0.89934363
 0.89989187
 0.90019143
 0.90292866
 0.90411014
 0.90749691
 0.90734588
 0.90798911
 0.90612518
 0.90818083
 0.90859017
 0.90799277
 0.90886397
 0.91543496
  0.9145975
 0.91258319
 0.91148268
 0.90787391
 0.91072774
 0.91345995
 0.90486672
 0.91177109
 0.91378091
  0.9123097
 0.90725026
 0.91277123
 0.90199844
 0.89830141
 0.90322371
  0.9011209
 0.90069927
 0.90078261
 0.89556348
 0.89713329
 0.89753078
 0.89542994
 0.89398777
 0.88830549
 0.89358157
 0.89679718
 0.89870088
 0.90214353
 0.90392205
 0.89925076
 0.90362575
 0.90395392
 0.89678138
 0.89567045
 0.89277247
 0.89015469
  0.8867647
 0.88260469
 0.88052914
 0.87919778
  0.8743419
 0.87381871
 0.86341649
 0.86069971
 0.86387327
  0.8680561
 0.87056826
  0.8646045
 0.86861062
 0.86023163
 0.87717598
  0.8833852
 0.87597061
 0.87358756
 0.88150082
 0.88581416
 0.89219141
 0.90408487
 0.90769205
 0.90433216
 0.90533296
 0.90890696
 0.90068472
 0.89994948
 0.89963914
 0.89515669
 0.88971283
 0.88847166
 0.88941382
 0.88880656
  0.8896977
 0.89802459
 0.90112562
 0.89756568
 0.89448296
   0.903354
  0.9068013
 0.90566375
 0.90258024
 0.90287085
 0.91121738
 0.91147596
   0.913954
   0.910067
 0.90451528
  0.9012926
 0.89805279
 0.89188433
 0.89216943
 0.88554562
 0.89978745
 0.90084451
 0.90187036
 0.90497307
 0.89752904
 0.89863971
 0.89425012
 0.90002805
 0.89811345
  0.9055422
 0.90578213
 0.90480428
 0.90575227
  0.8972449
 0.89382334
 0.89612078
 0.89388353
 0.88712728
 0.88163804
 0.88537732
 0.87429674
  0.8687084
 0.87000863
 0.86803319
 0.86382482
 0.85077847
 0.86084372
 0.85558508
 0.86251911
 0.86875516
 0.87832144
  0.8608268
 0.87153615
 0.86590579
 0.88170781
 0.88605573
 0.87904487
  0.8839518
 0.87695592
 0.87798882
 0.88335869
 0.88398131
 0.87759681
 0.86974975
 0.87590964
 0.87087096
 0.88465487
 0.88260615
  0.8852332
 0.88797614
 0.88186236
 0.86827672
 0.87064475
 0.88040667
 0.87804522
 0.87230741
 0.88061371
 0.88261874
 0.88160958
 0.88164753
 0.88771446
 0.88729005
 0.88705445
  0.8844458
 0.87933469
 0.87904804
 0.87917356
 0.88211392
 0.87698131
 0.87595824
 0.87613179
 0.87893189
 0.87885588
 0.88564589
 0.88933329
 0.89497377
 0.89566282
 0.90476778
 0.90649483
 0.90758409
 0.89966065
 0.89794714
 0.89941074
 0.90717561
 0.91329979
 0.91611185
 0.92533408
 0.92181853
 0.92338052
 0.92809274
 0.92978118
 0.93074978
 0.93634521
 0.93859643
 0.93370778
 0.93401754
 0.93226663
 0.92878952
 0.92640343
 0.92935963
 0.93044971
 0.92648948
 0.92501769
 0.92612777
 0.93228104
 0.92898398
 0.93199844
 0.92744246
 0.92635822
 0.92167575
  0.9225269
 0.91935685
 0.91642633
 0.91552719
 0.92216958
 0.92568284
 0.92292417
 0.91954335
 0.92964718
 0.92790834
 0.93009983
 0.92478495
 0.92649742
 0.92718522
 0.92838011
 0.93053622
 0.92707778
 0.92609038
 0.92676486
 0.93160897
 0.92475514
 0.92610002
 0.92659547
 0.91952232
 0.93061889
 0.93549556
 0.93805308
 0.92945649
 0.93021052
 0.92026123
 0.90817089
 0.91323972
 0.92235583
 0.91583303
 0.92000372
 0.91625952
 0.91371966
 0.90127098
 0.89192808
 0.90380996
 0.90703319
 0.90171925
 0.90642077
 0.91277809
 0.90639635
 0.91576575
 0.92321505
 0.92946177
 0.93115999
 0.92643105
  0.9278991
 0.93107531
 0.93465565
 0.93909566
 0.93616464
  0.9405829
 0.93733202
 0.93863436
 0.93538861
 0.93550439
 0.92510233
 0.92537281
 0.91723667
 0.91838447
 0.92364393
  0.9199359
 0.91868185
 0.91690453
 0.92013314
 0.92718046
 0.92871179
 0.92945248
 0.92882033
 0.92869089
 0.93225311
 0.93347924
 0.93722992
 0.93599286
 0.93555392
 0.94280531
 0.93907815
 0.93680662
 0.93555718
 0.92778057
 0.91992976
 0.92496552
  0.9229528
 0.91690601
 0.91481325
 0.91818464
  0.9175271
 0.91078948
 0.90395432
 0.90839991
 0.90897522
 0.91741605
 0.91699623
 0.91617308
 0.91066746
 0.91526158
 0.92218399
 0.91936725
 0.91842636
 0.92422537
 0.92979926
 0.93131559
 0.93308593
 0.93284872
 0.92956845
 0.93367432
 0.93035768
 0.92497249
 0.91670213
 0.91226159
 0.90647846
 0.90619538
 0.90874006
 0.90947522
 0.91602411
 0.91803076
 0.91020154
 0.91317091
 0.91817474
 0.91806289
 0.91638155
 0.91386694
 0.91305396
 0.91235723
 0.90794993
  0.8996651
 0.90077957
 0.89535071
 0.89859235
 0.90007756
 0.89513119
 0.89217471
 0.88976398
 0.88715734
  0.8884162
 0.88028478
 0.87171385
 0.87736497
 0.86622378
 0.85943377
 0.86037063
 0.86388363
 0.86251161
 0.86488552
 0.86469279
   0.869354
 0.86321782
 0.85646544
 0.84499778
 0.83743421
 0.83443609
 0.84224256
 0.84054577
 0.83575127
 0.83733306
  0.8350801
 0.83773051
 0.83630513
 0.83525441
 0.83194879
 0.83510218
 0.83661638
 0.83793081
 0.83072019
 0.83308909
 0.82906185
 0.82588365
 0.82359449
 0.81564506
 0.81552092
 0.81161502
 0.80305616
  0.8149346
 0.81295029
 0.82113495
 0.81806187
 0.81860387
 0.81881874
 0.81601601
 0.80515866
 0.81410866
 0.81388307
 0.81262974
 0.81587155
 0.81076278
 0.81969866
 0.81888687
 0.81612688
 0.82253567
  0.8324975
 0.83103851
 0.83533577
 0.81891094
 0.82499087
 0.82336388
 0.82364818
 0.82780782
 0.82386447
 0.81785041
 0.81438689
 0.82196037
 0.83025614
 0.82735762
 0.82859991
 0.83334636
  0.8273708
 0.83562054
 0.83196882
 0.82936866
 0.83939844
 0.83402182
 0.83805756
 0.83407808
 0.83136579
  0.8222373
 0.83106344
 0.83481624
 0.83082933
 0.82991936
 0.83018325
 0.83410335
 0.83010423
 0.83294051
 0.83032261
 0.83612955
 0.82714974
 0.82640318
  0.8263926
 0.82368307
 0.82502572
  0.8136177
 0.81541979
 0.80911724
 0.80679939
  0.8068885
 0.81081392
 0.80709994
 0.81142972
 0.81208955
 0.81165449
 0.81576626
 0.81738987
 0.81255303
 0.80605127
 0.81091496
 0.81198559
 0.81218027
 0.81250703
 0.80910053
  0.8110928
 0.81670715
 0.81555759
  0.8163716
 0.82651051
 0.82493419
  0.8255536
  0.8254011
 0.83524692
 0.83349179
 0.83497714
 0.83288821
 0.83756432
 0.83404527
 0.84058611
 0.84282989
 0.84283517
 0.84063451
 0.83972943
 0.83858403
 0.83896731
 0.84812879
 0.84455246
 0.85195558
  0.8487948
 0.85265798
 0.85602162
 0.85236625
 0.85232874
 0.84909017
 0.84895184
 0.85020449
 0.84934275
 0.84767535
 0.84850246
 0.85248225
 0.84894872
 0.84723619
 0.83985481
 0.84128425
 0.84491555
 0.84826093
 0.84196339
 0.84178361
 0.83695238
 0.83820217
 0.83986555
 0.83753319
 0.84451689
 0.83893178
 0.84659583
 0.83692333
 0.83432704
 0.84291468
 0.84548818
 0.84174655
 0.83928783
 0.83899201
 0.84054919
 0.84087192
 0.83783835
 0.83587044
 0.83984626
 0.84058383
 0.84442979
 0.84868409
 0.85277795
 0.85302266
 0.84934991
 0.84655262
 0.84495744
 0.84095227
 0.83346451
 0.83178685
 0.82928427
 0.82591927
 0.82275784
 0.82455638
 0.82223502
  0.8232146
 0.82470862
 0.83032292
 0.83470606
 0.82935187
 0.83369201
 0.83397021
 0.83838097
 0.83472158
 0.83619949
 0.83975941
 0.83653139
 0.84020133
 0.83927373
  0.8298433
  0.8275407
 0.82496397
 0.82963199
 0.83722454
 0.84151082
 0.83124212
 0.83605441
  0.8357597
 0.83592145
 0.83551454
  0.8369913
 0.83201348
 0.82554633
 0.82599874
 0.82132894
 0.83386384
 0.83149544
 0.82590238
 0.82514967
 0.82950411
 0.82891062
 0.82991052
 0.83900406
 0.83314869
   0.833954
 0.82910288
 0.82716108
  0.8310069
 0.83020986
 0.82466399
 0.83410593
 0.83839435
 0.83871987
  0.8384585
 0.84085951
 0.84986453
 0.83902432
 0.83980587
 0.83351505
 0.83620687
 0.83391446
 0.82892435
 0.83394777
 0.83313836
 0.83216244
 0.83230654
 0.82577649
 0.81617151
 0.81478115
  0.8157939
 0.81838509
 0.82004787
 0.82740355
 0.83256302
 0.83052463
 0.82695223
 0.83299888
  0.8326372
 0.83039047
  0.8332066
  0.8323986
 0.83716323
 0.83799799
 0.83353789
 0.83585795
 0.83251731
  0.8356482
 0.83726755
 0.83600438
 0.83613343
 0.83573031
 0.83585546
 0.83455872
 0.84032718
  0.8393424
 0.84119914
 0.83744497
 0.83386075
 0.83451377
 0.83572622
  0.8384782
 0.83492232
 0.83715621
   0.831344
 0.83050721
 0.83197414
 0.83261983
 0.83255829
 0.83623987
 0.83430596
 0.83304201
 0.82930601
 0.82581655
 0.83138981
 0.82301317
  0.8277621
 0.82572966
 0.82744141
  0.8245929
 0.83273472
  0.8281076
 0.82691988
 0.82831987
 0.82403259
 0.82945122
 0.82325972
 0.82767307
  0.8232698
 0.82743404
 0.82410105
 0.82244268
 0.81295789
   0.827564
 0.82225153
 0.82920251
 0.82858619
 0.83395075
 0.83638733
 0.83482003
 0.83060043
  0.8252664
 0.82445403
 0.82581843
 0.83261471
 0.83001814
 0.82954472
 0.82467617
 0.81951565
  0.8155315
 0.82312394
 0.82056979
 0.82082805
 0.81671597
 0.82506841
 0.81417321
 0.81056463
 0.81049594
 0.81315818
  0.8137812
 0.80626362
 0.80654165
 0.81020553
 0.81788503
 0.81598702
 0.81930823
 0.80716712
 0.81278936
 0.80331372
 0.79925286
 0.81245882
 0.81593752
 0.82380154
 0.82318973
 0.82109565
 0.81294666
 0.80909733
 0.81326792
 0.80833155
 0.80234635
 0.80490548
 0.79124015
  0.7911235
 0.79084418
 0.80335878
 0.80593703
 0.80980636
 0.80590947
 0.80948281
 0.80992366
 0.81081102
 0.80955216
 0.80324169
 0.80875305
 0.80781927
 0.80840504
 0.81429766
 0.81235656
 0.81383753
 0.81908296
 0.82111362
 0.82080974
 0.82487002
 0.82733942
 0.82697863
 0.83054771
 0.83221912
 0.83161686
 0.83258753
 0.83162037
 0.82925937
 0.83368902
 0.82768355
 0.83035862
 0.82892798
  0.8318039
 0.82991154
   0.835624
 0.83250952
 0.83236766
 0.83211478
  0.8308085
 0.82482504
 0.82498916
 0.82908236
 0.83321092
 0.83419851
 0.83388591
 0.83244391
 0.83021253
 0.82960496
 0.83478236
 0.82973869
 0.82302343
 0.82120906
 0.81713108
 0.83142617
 0.83730825
 0.84257141
 0.83806899
 0.83901681
   0.836364
 0.83631859
 0.83691936
 0.83606246
 0.83862035
 0.83608211
 0.83306335
 0.83352016
 0.83027479
 0.83147557
 0.83835617
 0.83564053
 0.83638071
 0.83493581
 0.84145235
  0.8447469
 0.84708868
 0.84422415
 0.83716115
 0.83838331
 0.84060829
 0.83298885
 0.82914671
 0.82077103
 0.83239713
 0.83042633
 0.82701728
  0.8214249
 0.81426319
 0.81421985
 0.82076412
 0.82931583
  0.8277012
 0.82691251
 0.82547487
 0.82436072
 0.82977895
 0.82683553
 0.82898131
 0.82459267
 0.82141952
 0.81825407
  0.8207902
 0.82288156
 0.82859125
 0.82879946
 0.82451695
 0.82373739
 0.82905237
 0.82818177
 0.83137482
 0.83476498
 0.82934489
 0.82984117
 0.81794959
 0.82099497
 0.82441245
 0.82451858
 0.82130032
 0.81666137
 0.82428797
 0.82500208
  0.8262674
  0.8283754
 0.83153445
 0.82522556
 0.82159515
 0.82053996
 0.82474739
 0.82184455
 0.83058838
 0.83531957
 0.83591952
 0.83286798
 0.83884082
 0.84961616
 0.83764747
 0.83839842
 0.84405216
 0.84635562
 0.84277321
 0.85009018
 0.85112017
 0.84855644
 0.84969051
 0.84811863
 0.85132074
   0.848258
 0.85157123
 0.84883803
 0.84769016
 0.84583794
 0.84452965
 0.84569706
 0.83879353
  0.8405429
 0.84567373
  0.8470858
 0.84510635
 0.84098319
 0.83611122
 0.83488119
 0.83075066
 0.82432612
 0.81735087
 0.82462913
 0.82826782
 0.82350516
 0.82771396
 0.83385365
 0.83780868
 0.83895157
 0.83895901
 0.84951807
 0.85459844
 0.85838343
 0.86168532
 0.86539959
 0.86585407
 0.86437629
 0.86809333
 0.87056112
 0.87111098
  0.8777788
  0.8795902
 0.87341589
 0.87033791
 0.85707746
 0.85313604
 0.85256325
 0.85235481
 0.85320493
 0.85204017
 0.84754194
  0.8465324
 0.84485184
 0.84794105
 0.83832062
 0.84249941
 0.84693872
   0.846786
 0.85482309
 0.84695205
 0.84665397
 0.84763105
 0.84741595
 0.84356493
 0.85316117
 0.85433536
 0.84850228
 0.85138005
 0.86002018
 0.86202622
 0.85750239
 0.85708135
  0.8582887
 0.85040591
 0.84095254
 0.84304176
 0.84587126
 0.85169804
 0.84525472
 0.85556259
 0.86130218
 0.86399101
 0.86040008
  0.8554674
 0.84187199
 0.83581912
 0.84217221
 0.84821351
 0.84847655
 0.86186041
 0.85922101
  0.8609335
 0.85852761
 0.85547595
 0.85604797
 0.84980201
 0.85245059
 0.85414072
 0.85130703
 0.84955398
 0.84722272
 0.84403082
 0.84770511
 0.84930038
 0.84470572
 0.84388321
 0.83907736
 0.83317083
 0.84092801
 0.84244339
 0.85140431
 0.84110687
 0.83584789
 0.83715675
  0.8459091
 0.84325628
 0.84559798
 0.83601692
 0.83547861
 0.84116037
    0.84347
 0.84366531
  0.8399597
 0.84132436
 0.85548826
 0.85389551
 0.84306219
 0.84693859
 0.84613129
 0.85032676
 0.84802247
 0.85447642
 0.85076663
  0.8528267
 0.84608315
 0.84771006
 0.85153369
 0.85503774
 0.84094796
 0.83848016
 0.84188326
 0.84283708
 0.84114174
 0.84278529
 0.84791399
 0.84792568
 0.84614214
 0.85037633
 0.84489954
 0.84699291
 0.85024834
 0.85223214
 0.85011903
 0.84758588
 0.84844029
  0.8478211
 0.84421132
 0.84033119
 0.84330631
 0.84587366
 0.84754107
 0.84881195
 0.84773785
 0.85384794
 0.85156172
 0.85457681
 0.85356616
 0.85612642
 0.85400137
 0.85074254
 0.85914056
  0.8604613
 0.85819601
  0.8608748
 0.86617563
 0.86211732
  0.8546715
 0.85810203
 0.85679217
 0.85706106
 0.85727146
 0.85485026
 0.85258246
 0.85888898
 0.85598862
 0.85307042
 0.85843121
 0.85392176
 0.84757142
 0.83304328
 0.82609665
 0.82596405
 0.82706698
 0.82073243
 0.81740975
 0.83352856
  0.8360185
 0.84203198
 0.84502013
 0.85133641
 0.84376939
   0.842231
 0.83925417
  0.8449206
 0.85028121
 0.85027461
 0.85242841
 0.84848629
  0.8520225
 0.84303833
 0.84655118
 0.84345481
  0.8405773
 0.83997362
 0.84354125
 0.84367942
 0.84194726
 0.83445961
 0.83099838
  0.8271142
 0.81584125
  0.8124475
 0.82814038
 0.82638251
 0.82872868
 0.82890161
 0.82676788
 0.82738656
 0.83357538
 0.83844751
 0.84349022
  0.8369393
 0.84137603
 0.84575916
 0.85013433
 0.85039108
 0.84760969
 0.85211246
 0.84556707
 0.85309255
  0.8668703
 0.86004765
 0.85050138
 0.85301567
 0.84652581
 0.84425506
 0.85080838
 0.85008732
 0.82549303
 0.81633699
 0.80939702
 0.79635388
  0.8105968
 0.81124921
 0.82255429
 0.80880084
 0.81209644
 0.79205219
 0.79582071
 0.79459191
 0.78746239
 0.79673722
 0.79261343
 0.79559529
 0.79641918
 0.78772293
  0.7785384
 0.77682888
 0.78662914
 0.78459174
 0.79409547
 0.78330702
 0.79836054
 0.80100867
 0.80518397
 0.82058301
 0.81761459
 0.82515155
  0.8227139
 0.82046217
 0.83386156
 0.81655518
 0.81868985
 0.81890175
  0.8228378
 0.81924984
 0.82834359
  0.8268997
 0.82408837
    0.83589
 0.83528243
 0.83357718
 0.83377331
 0.83371998
 0.82374234
 0.83294757
 0.82923246
 0.83629676
 0.83845373
 0.83951915
  0.8423438
 0.84533711
 0.84944708
 0.84639389
 0.85448831
 0.85590663
 0.86529996
 0.86914155
 0.85866868
 0.86595955
 0.86392314
 0.85804543
 0.85579216
 0.85760316
 0.84758834
 0.84464565
 0.84796167
 0.84363964
 0.84843694
 0.84616697
 0.84627684
 0.85443651
 0.85279412
 0.85391162
 0.85671804
 0.85090482
 0.85915487
 0.85734012
 0.85473621
 0.84636131
 0.84946612
 0.84420845
 0.83885098
 0.83279978
 0.83701521
 0.83405882
 0.83832293
 0.84284391
 0.84140618
 0.83860227
 0.83788451
 0.82600819
 0.82248506
 0.82263977
 0.82352914
  0.8213335
 0.81815373
 0.82590806
 0.83489977
 0.83887694
 0.82734691
 0.82231673
 0.81582567
 0.82080808
 0.81918143
 0.82804909
 0.83430217
 0.83496265
 0.83099566
 0.83019595
 0.83085828
 0.83580165
 0.82541677
 0.83135578
  0.8433636
 0.83303613
 0.84758878
 0.82672853
 0.83844256
 0.83836579
 0.83640036
  0.8379298
 0.82775809
 0.83151637
 0.82596005
 0.83224077
 0.83745782
 0.83609372
 0.83367313
 0.83532102
 0.83336151
 0.83726682
 0.84087515
 0.84022359
  0.8343055
 0.83072589
 0.83005117
 0.81675965
 0.81798201
 0.82388345
 0.82708601
 0.83071619
 0.83109024
 0.83330116
 0.82890532
  0.8285429
 0.82300355
 0.82434572
 0.82694102
 0.82470742
  0.8341676
 0.82911088
 0.83037128
 0.82425544
 0.82395029
 0.82012243
 0.82385636
 0.82346319
 0.82590186
 0.83148574
 0.81917385
 0.82782073
 0.82933948
 0.82769853
 0.82932273
 0.82734043
 0.82787776
 0.82183586
  0.8202642
 0.81587461
 0.81366477
  0.8122563
 0.80832962
 0.81137129
  0.8118792
 0.80261826
 0.80056257
 0.79887217
 0.80146375
 0.79438265
 0.78644782
 0.79092691
 0.79183374
 0.80850418
 0.79997051
 0.79453889
  0.7950407
 0.79560303
 0.80247919
 0.79704514
 0.79905887
 0.80205968
 0.79667682
 0.79822889
 0.79395212
 0.79238038
 0.79566351
 0.79101701
 0.78513623
 0.78842858
 0.79432619
 0.79949608
 0.79386544
 0.79971396
 0.79993131
 0.80149855
 0.80489291
 0.79874795
 0.80026152
 0.79847841
 0.79682205
 0.79814919
 0.78919272
 0.78916428
 0.79293796
 0.78422574
 0.78365931
 0.79133541
 0.78867414
 0.79951629
 0.79682927
 0.79582124
 0.80649453
  0.8028053
 0.80992025
 0.81652061
 0.81410416
 0.80420043
 0.80563028
 0.80637211
 0.80515124
 0.80367609
 0.80113123
 0.80405352
 0.80529997
  0.7996056
 0.79538821
 0.80129174
 0.80277687
 0.81493199
 0.81431653
 0.81249467
 0.80567884
 0.79818456
 0.79693649
 0.79761461
 0.79882221
 0.79768104
 0.79230741
 0.78532393
  0.7800133
 0.77730063
 0.79150714
 0.79357131
 0.79842804
 0.79630293
 0.79563742
 0.80692708
 0.80515923
 0.80508695
  0.8059041
 0.81198389
 0.81333691
 0.81437085
 0.80431579
 0.80210544
 0.81081628
 0.81441861
 0.82170277
 0.82190975
 0.82950094
 0.83368359
 0.83476998
 0.84177452
 0.83980249
 0.83292975
 0.83064806
 0.83536401
 0.83591282
  0.8350099
 0.84327648
 0.84602021
 0.84999426
 0.85469886
 0.85340685
 0.85652246
 0.85348442
 0.85762524
 0.85631282
  0.8598612
 0.86280358
 0.86091491
 0.86110905
 0.86570129
 0.86013899
 0.85742614
  0.8590364
 0.85726884
 0.85473406
 0.85579029
 0.85013557
 0.85062923
 0.84998818
 0.85402694
 0.85471046
   0.855835
 0.85641344
 0.85800587
  0.8650536
 0.86836303
 0.86857536
 0.86722825
 0.86682377
 0.86934026
 0.86940283
 0.87454488
 0.87523437
 0.87388289
 0.87393107
 0.86735248
 0.86727002
  0.8680382
 0.86974312
 0.87176891
 0.86992369
 0.87071035
 0.86998465
 0.86871593
 0.86562002
 0.86177843
 0.85705967
 0.85485666
 0.85918113
 0.85717442
 0.86178598
 0.86131421
 0.86080164
 0.86223214
 0.85986658
 0.85990965
 0.85590953
 0.85618531
 0.84918848
 0.85240386
 0.85323813
 0.84887206
 0.85141546
 0.85025052
 0.85303442
 0.85276128
 0.85848446
 0.86238996
 0.85880272
 0.86100234
 0.86137094
 0.86148259
 0.85697494
 0.85543166
 0.86282693
 0.86016074
 0.86030723
 0.85521648
 0.85159421
  0.8515413
 0.85192111
 0.85398364
 0.85581105
 0.85324089
 0.85226178
   0.844974
 0.84537504
 0.84885762
 0.85206035
 0.85358151
 0.84143069
 0.84922092
  0.8425963
  0.8431445
 0.84421495
 0.84073102
 0.83577711
 0.83001626
 0.82759395
 0.82946733
 0.83636683
 0.84373071
 0.85123673
 0.84820674
 0.84808823
  0.8432376
  0.8431431
 0.84906419
 0.84639348
 0.85118366
  0.8509549
 0.85380254
 0.86376145
 0.86310428
 0.86512692
 0.86285899
 0.85585474
 0.85732661
 0.86233251
 0.85931159
 0.85917186
 0.85993533
 0.86265101
 0.85635809
 0.87353251
 0.86246481
 0.87020928
 0.86963413
 0.85734036
 0.86725437
 0.87039476
 0.87301467
 0.87760814
 0.86947922
 0.86382734
  0.8586614
 0.85994396
 0.84964029
 0.83850035
 0.83479055
 0.83805869
 0.83024327
 0.83421608
 0.83240016
 0.83829934
 0.83137322
 0.83036188
 0.83315398
 0.82326273
 0.83271319
 0.82349314
 0.80500995
  0.8152752
 0.80477655
 0.81229972
 0.79766845
  0.8004947
 0.81070197
 0.80596025
 0.80694453
 0.80881768
 0.81185166
 0.82571861
  0.8225008
 0.82472414
 0.82089061
  0.8200067
 0.82202424
 0.82631308
 0.83104236
  0.8307962
 0.82779851
 0.82648821
  0.8213261
 0.81718348
 0.82309039
 0.82652223
 0.83108722
 0.82453218
  0.8316559
 0.83929683
 0.83415244
 0.83293751
 0.82883599
 0.83069677
  0.8247692
 0.81845029
  0.8227266
 0.82199676
 0.81813416
 0.81927818
 0.81778306
 0.81702964
 0.80965529
 0.81068725
 0.81560209
 0.81822843
 0.81409844
  0.8230339
 0.82270192
 0.82745522
 0.82936385
 0.82759447
 0.82533818
 0.82275709
 0.82572035
 0.82944182
 0.82693016
 0.82914794
 0.83023921
 0.83016681
 0.83140869
 0.82832888
 0.82967821
 0.83112359
 0.82657553
 0.83277694
 0.83542661
 0.83541433
 0.83722053
  0.8388594
 0.84069708
 0.83843546
 0.83804795
 0.83499951
 0.83349967
 0.83178741
  0.8330532
 0.83199813
 0.82989005
 0.82569637
 0.82467727
 0.81981589
 0.82143552
 0.81931371
 0.81834819
 0.81871923
 0.81686363
 0.81494743
 0.81525811
 0.81374989
 0.81862991
 0.81529287
  0.8167409
 0.81981211
 0.81911599
 0.81166102
 0.81221879
 0.81001644
 0.80919364
 0.81116161
 0.81428063
 0.81151685
 0.81389143
 0.81506656
 0.81140407
 0.80876699
 0.80630916
 0.80420911
 0.80340096
 0.80732216
 0.80713945
 0.80696726
 0.80981221
 0.81036802
 0.81382775
 0.81830677
 0.81845255
 0.82450915
 0.82639133
 0.82611717
 0.82738087
 0.82441137
 0.82145543
 0.82199526
 0.81787592
  0.8161522
 0.81299838
  0.8149983
 0.81622165
 0.81640542
 0.81997377
  0.8180214
 0.81889469
 0.82029356
 0.81829499
 0.81302431
 0.81140678
 0.81951312
 0.81653311
 0.81818187
 0.82043793
 0.82248662
 0.81707875
 0.81328191
 0.80293636
 0.79554558
 0.79332584
 0.79584891
 0.80746683
 0.80740333
 0.80768903
 0.80846351
 0.80949571
 0.81406602
 0.81358254
 0.81637765
 0.82286535
 0.82273201
 0.82208764
 0.82578679
 0.82474367
 0.82455001
 0.82408461
 0.83150149
  0.8329599
 0.83124209
 0.82722252
 0.82457131
 0.81947549
 0.81720127
  0.8185468
 0.81624522
 0.81945473
 0.81725628
 0.81856007
 0.81860818
 0.82107554
 0.81861748
 0.81409778
 0.80173164
 0.80468099
 0.81979291
 0.81975542
 0.82104905
 0.82342432
  0.8235233
 0.82856748
 0.83037614
 0.82853186
 0.83249577
 0.82799803
 0.83734817
  0.8323973
 0.83176465
 0.82673338
 0.82787756
 0.82703772
 0.82714286
 0.82652884
   0.825261
 0.82747121
 0.83081547
 0.82568414
 0.82272202
 0.81869221
 0.81809551
 0.82076341
 0.82238177
 0.82309745
 0.82057977
 0.82000283
  0.8215276
 0.82494685
 0.82265186
 0.81658932
 0.81939425
 0.81901486
 0.81731155
 0.83109958
 0.82550877
 0.81050592
 0.82030402
 0.82718282
 0.82437937
 0.81938557
 0.81426781
 0.81879716
 0.81777643
  0.8193306
  0.8273586
 0.83182689
 0.83207991
 0.83684279
 0.83701384
 0.84267845
 0.84548621
 0.84483075
 0.84506306
 0.84371751
 0.84283588
 0.83821505
 0.83655064
 0.83659235
 0.83748733
 0.83952484
 0.83971596
   0.840025
 0.83833334
 0.84119017
 0.84243524
 0.83802917
 0.83703869
 0.83606796
 0.83126084
 0.83624638
 0.83591198
 0.84106204
 0.83837344
 0.84483567
 0.84380257
 0.83868743
 0.84188854
 0.83993002
 0.84303845
 0.84463067
  0.8329137
 0.83470338
 0.83418558
 0.83518136
 0.82845874
 0.83259889
 0.82692055
 0.83110975
  0.8417077
 0.84273082
 0.84691288
 0.84552621
  0.8499393
 0.84717802
  0.8437696
 0.84457844
 0.83989193
 0.84095239
 0.84288691
 0.84129023
 0.84313185
 0.83991869
 0.84062969
 0.84126068
 0.84831119
 0.84840939
 0.84684584
 0.84525844
 0.84833829
 0.84170026
 0.84373731
 0.84607794
 0.84889598
 0.84649802
 0.84814576
 0.84971718
 0.84521648
 0.84624476
 0.84220923
 0.84668762
 0.83971762
 0.83587087
 0.84256216
 0.83999038
 0.83856768
 0.84703088
 0.84171266
 0.83219831
  0.8359259
  0.8434145
 0.84785271
 0.84669835
 0.84961511
 0.84487354
 0.84256513
 0.84687281
 0.85343077
 0.85737587
 0.85262765
 0.85178305
 0.84743689
 0.84437273
 0.84582343
 0.85019322
  0.8453805
 0.84565396
 0.84329216
 0.84953902
 0.85748664
 0.85451278
 0.85914257
 0.86125581
 0.86267782
 0.85875828
 0.85628786
 0.85859528
 0.85967253
 0.85721586
 0.85396197
  0.8646678
 0.86914041
 0.86629168
 0.86047642
 0.86002076
  0.8626401
  0.8661713
 0.86684218
 0.86725818
 0.86244858
 0.85786535
 0.85651712
 0.86185269
 0.85833502
 0.85656488
 0.86070109
 0.85907835
 0.85889905
  0.8632529
 0.86299948
 0.85258383
 0.85127924
 0.85441176
 0.85157685
 0.84266123
 0.85167539
 0.84427374
 0.84258878
 0.84409225
 0.83889719
 0.84436498
 0.84576366
 0.84239263
 0.84362653
 0.85012048
 0.85792084
 0.85867032
  0.8531563
 0.85227182
 0.84679495
 0.85276392
 0.85026645
 0.85036468
 0.85334264
 0.86216045
 0.86241452
 0.85976576
 0.85722049
 0.85597102
 0.85928229
 0.85973591
 0.85488357
 0.85460828
 0.85375926
 0.84705616
 0.85535064
 0.85044306
 0.85723209
 0.85216976
 0.85243038
 0.84991067
 0.84282907
 0.84763011
 0.84733268
 0.84741797
 0.84074611
 0.83819865
 0.83946226
 0.84361941
 0.84750328
 0.85347644
 0.85228816
 0.85319376
 0.85333802
 0.85615628
  0.8568962
 0.84929273
 0.85612349
 0.85345313
 0.85487213
 0.84947827
 0.85455184
 0.86287883
   0.859052
 0.85615065
 0.85625492
 0.86051881
 0.85533914
 0.85310042
 0.85691412
 0.85801997
 0.86058313
 0.85968486
 0.86649411
 0.86149588
 0.86730283
 0.86206418
 0.85635037
 0.86121666
 0.86377014
 0.86479826
 0.85999327
 0.86204676
 0.85961911
 0.86198972
 0.86169279
 0.86525901
 0.86102651
 0.86274167
 0.85950086
 0.85701523
 0.86152988
 0.86062968
 0.86515322
 0.85699342
 0.86167964
 0.85690603
 0.86190033
 0.85627886
 0.86330978
 0.86289348
 0.85472829
 0.85424786
 0.85013302
 0.84612709
   0.841278
 0.84413046
 0.83958998
 0.83819217
  0.8393547
 0.84334724
  0.8425716
  0.8377136
 0.85237148
 0.85020326
 0.84925781
 0.84956862
 0.84543554
 0.85241589
 0.85946259
 0.85818572
 0.85710518
 0.85677307
 0.85638709
 0.85570347
 0.84803924
 0.85217348
 0.85009158
 0.85487185
 0.86423168
 0.86567411
  0.8660808
 0.86661123
  0.8576677
 0.85530613
 0.85361948
 0.84936047
 0.84814556
 0.85132393
 0.86287327
 0.87092124
 0.87312701
 0.86872283
 0.87046727
 0.87014921
 0.87207518
 0.87208604
 0.86912289
 0.86701031
 0.86187183
 0.86275055
 0.85811628
 0.86089274
 0.85904802
 0.86411397
 0.86845023
 0.86605623
 0.86808319
   0.865843
 0.87107246
 0.86215967
 0.85182812
 0.84674059
 0.85437401
   0.854124
 0.86401518
 0.86146491
 0.86430895
 0.87167956
 0.86927638
 0.86454108
  0.8604838
 0.87149857
 0.87203322
 0.87394285
 0.86056566
 0.86069582
 0.86387601
 0.86126785
 0.85913615
 0.85798954
 0.85473492
 0.85719162
 0.85204978
 0.85204824
 0.84861986
 0.85330965
  0.8382882
 0.83584428
 0.83099853
 0.83223208
 0.82563598
 0.83381274
 0.83517574
 0.83019799
 0.83195094
 0.83457565
 0.83919586
 0.84151592
 0.84368508
 0.84339745
 0.84038802
 0.84147244
 0.84038177
 0.84228248
 0.84253089
 0.84721308
 0.84670927
 0.84299463
 0.84602058
  0.8436087
 0.83964612
 0.84422008
 0.84424998
 0.83951731
 0.84391877
 0.84620786
 0.84555854
 0.84410823
 0.84039492
 0.84517657
  0.8539485
 0.85054785
 0.85359765
 0.85454731
 0.85068919
 0.85184053
 0.85607611
 0.85196403
 0.85366801
 0.85198778
 0.85659914
  0.8603062
 0.86641865
 0.86354041
 0.85953849
 0.86100697
 0.86455771
  0.8713371
 0.87088011
 0.87712729
 0.88191112
 0.88655898
 0.88409459
  0.8862367
 0.87548554
 0.86792146
 0.84994381
 0.85353317
 0.86226886
 0.85757502
 0.86753157
 0.87414458
 0.87150916
 0.85896569
 0.85477858
 0.85654953
  0.8621176
 0.86271083
 0.85711798
 0.85804413
 0.86186775
 0.86112659
 0.86546451
 0.87499958
  0.8759866
  0.8839716
 0.88301125
 0.88098759
 0.88477351
 0.88991914
 0.89485922
 0.89509476
 0.88713024
 0.88032207
 0.88803291
 0.88002323
 0.87362825
 0.87309324
 0.86532673
 0.86285298
 0.86375329
   0.858779
 0.85285811
 0.85653379
 0.85676224
 0.86922135
 0.86746501
 0.86377776
 0.87005609
 0.86948986
 0.86409963
 0.86639379
 0.86203593
 0.85719684
 0.84708482
 0.84173799
  0.8407247
 0.83578468
 0.83896279
 0.83630766
 0.84400747
 0.84994765
 0.84424153
 0.84007997
 0.83076956
  0.8354524
 0.85128262
 0.85766749
 0.86009737
 0.86214936
 0.85812099
 0.86375872
 0.86830204
 0.85609872
 0.84788931
 0.85669766
 0.85244062
 0.86155759
 0.86803656
 0.86918144
 0.86619806
 0.86190911
 0.86009795
 0.86391224
 0.87334547
 0.87604753
 0.88272629
 0.87703347
 0.86856964
 0.87031829
 0.86609336
 0.86265883
 0.86497953
 0.86041049
 0.85566345
 0.85553758
 0.85454209
 0.85048928
 0.85019456
  0.8487957
 0.85681379
 0.85422598
 0.84367622
 0.84320683
 0.83598937
 0.83348848
 0.84164522
 0.83627388
 0.83774235
 0.83539112
 0.83804763
 0.83784587
 0.83251798
 0.83780391
 0.82472241
 0.83368525
 0.83469983
 0.83404224
 0.81599791
 0.80877385
 0.82397114
  0.8130955
 0.81146307
 0.81558763
 0.81829918
 0.83053032
  0.8348243
 0.82986591
 0.82467601
 0.82995632
 0.83235533
 0.83156686
 0.83435557
 0.82779968
 0.82097189
 0.81373279
  0.8200876
 0.82005445
 0.81824644
 0.81673002
  0.8024712
 0.81512567
 0.82734432
 0.82630157
 0.82177984
 0.82837081
 0.83844258
 0.83081727
 0.82841308
 0.81735304
 0.83039258
 0.83677896
 0.84184468
 0.84292165
 0.84272593
 0.84459537
 0.84832263
 0.84643275
 0.85206612
 0.85212413
 0.84665994
 0.84792119
 0.85388251
 0.84977247
 0.84627098
 0.85195702
 0.86284862
 0.86695215
  0.8614308
  0.8576928
 0.84767503
 0.84597703
 0.85266578
 0.85212335
 0.86218254
  0.8669719
 0.87846753
 0.87623941
 0.87932494
 0.87796544
 0.88050034
 0.88052004
 0.87825746
 0.88578807
 0.88270409
 0.88464781
  0.8829357
 0.88370683
 0.88285725
 0.87842806
 0.87280581
 0.87193499
 0.87153425
 0.86823739
 0.87057041
 0.86258314
 0.86003813
 0.86675502
 0.86862658
 0.87000681
 0.87058662
 0.86732146
 0.86495259
 0.85495145
 0.84905673
 0.86112012
  0.8627303
 0.84945154
 0.85765675
 0.85319751
 0.85524025
 0.85502077
 0.86492863
 0.86602109
 0.87009236
 0.87050931
 0.86570844
 0.86975336
 0.87046798
 0.86833635
 0.86421207
 0.86337839
  0.8638153
 0.86620061
 0.85177773
 0.86110607
 0.85358178
 0.86046993
 0.86470963
 0.86380298
 0.86946611
 0.87286607
  0.8656878
  0.8687048
 0.86536858
 0.86425241
 0.85168759
 0.85752166
 0.86121491
 0.85108621
 0.85430553
 0.86083298
 0.84964446
 0.84934533
 0.86100184
 0.86068899
 0.85691528
 0.85716936
 0.85976361
 0.86002698
 0.86122825
 0.86237953
 0.85386724
 0.84750318
 0.85286136
 0.85429171
 0.85828802
 0.85069577
  0.8390908
 0.83985411
  0.8450211
 0.85224075
 0.85122644
 0.85236902
 0.85287882
 0.85777055
 0.85827145
 0.84706194
  0.8410262
 0.84219405
 0.84404703
 0.84003842
 0.84859902
 0.84998643
 0.84749011
 0.85227532
 0.85355633
 0.85207193
 0.85510221
 0.86184239
 0.85959664
 0.85277768
 0.84699443
 0.84338491
 0.84700248
 0.84353123
 0.83936644
 0.84376084
 0.83768371
 0.84992588
 0.85419724
 0.85299305
 0.85787862
 0.86100876
 0.86441869
 0.86562899
 0.85666988
 0.85758789
 0.86176238
  0.8730604
 0.87154296
 0.87334923
 0.87305082
 0.86548647
 0.86718452
 0.87016282
 0.87355092
 0.86505266
  0.8686935
  0.8619987
 0.85772438
 0.85937316
 0.85996959
 0.85485685
 0.85889248
 0.84576832
 0.84827434
 0.85783195
 0.85941578
 0.85686341
 0.86008822
 0.86786188
 0.87153159
 0.87349089
 0.87486547
 0.87537687
  0.8779098
   0.882398
 0.88096263
 0.88083231
 0.88021438
 0.88094557
 0.88457421
 0.88535357
 0.88863116
 0.88973085
  0.8923161
 0.89781133
 0.89862618
  0.8955257
  0.8992424
 0.89880008
 0.89171146
 0.89098999
 0.88908244
 0.89176806
  0.8813323
 0.88010841
 0.88301526
  0.8883205
 0.88003026
 0.88229057
 0.88746179
 0.88769133
 0.88159458
 0.88235586
  0.8824674
 0.87663785
 0.87200949
 0.86513022
 0.85727073
 0.85632443
 0.86880171
  0.8733096
 0.86452939
 0.86657617
 0.86731254
 0.87858391
 0.87695004
 0.87543881
 0.86675075
  0.8611625
 0.85263583
 0.85880991
 0.87173054
 0.86560659
 0.85910066
 0.86225664
 0.86995738
  0.8738033
 0.87289117
   0.855099
 0.85237824
 0.85473725
 0.86296033
 0.86154077
 0.86602144
 0.86740785
 0.86247753
 0.87194242
 0.87818647
 0.87705739
 0.88240955
 0.87624219
 0.88108747
 0.88335403
 0.88273059
 0.88695488
 0.88506483
  0.8608012
 0.87024087
 0.86398285
 0.87629012
 0.87899183
 0.88400344
  0.8894495
 0.87856752
  0.8763127
 0.86757995
 0.87193534
 0.87002087
  0.8663976
 0.87297785
 0.87122235
 0.87294173
 0.87672063
 0.86850472
 0.86607132
 0.86526152
 0.86151464
 0.87745196
 0.87957419
 0.88621977
  0.8865928
  0.8903815
 0.88567383
 0.88607269
 0.90159051
  0.9012539
 0.89463275
 0.90168743
 0.89761251
 0.90443991
 0.90185626
 0.90124535
 0.90501174
 0.91234393
 0.91192798
 0.90825896
 0.91627738
 0.91709923
 0.91254045
 0.91075702
 0.91058786
 0.90860521
   0.907377
 0.90656613
 0.91515391
  0.9200378
 0.92430054
 0.91553687
  0.9167152
 0.91547009
 0.91801398
   0.930469
 0.92651216
 0.91751241
 0.91688669
 0.91282911
 0.90746138
 0.91006864
 0.91592143
 0.92106715
  0.9092099
 0.91039284
 0.91891609
  0.9243453
 0.92626183
 0.91480067
  0.9097405
 0.91031748
 0.91936885
 0.92414895
 0.91973981
 0.92398243
 0.92487372
 0.92405028
 0.92817855
 0.93286858
 0.91926402
 0.91948589
 0.92700937
 0.92902211
 0.92072307
 0.91581988
 0.91596181
 0.92398613
  0.9290009
 0.92661866
 0.92730424
 0.93188148
 0.92893679
 0.92230284
 0.92324681
 0.92577249
 0.92540341
 0.91953452
 0.92285129
 0.91664068
 0.91484409
 0.91813316
 0.91777819
 0.91977964
 0.92004837
 0.92956862
 0.94091718
 0.94595505
 0.94674356
 0.94353189
  0.9401003
 0.94095724
  0.9323323
 0.93665366
 0.94184048
 0.93928594
 0.93800059
 0.94781286
  0.9491729
 0.94679204
 0.94569163
 0.94293392
  0.9386048
 0.94071268
 0.94148272
 0.94172904
  0.9361697
  0.9382124
 0.94108692
 0.93715843
 0.94204444
 0.94128162
  0.9422274
 0.94124573
 0.93267427
  0.9242425
 0.91313471
 0.91975723
 0.93169784
 0.93368384
 0.92999611
 0.93531295
  0.9427541
  0.9503628
 0.94527741
 0.95035225
 0.95140103
 0.95106479
 0.94442515
 0.93883423
 0.94145003
 0.94586689
 0.94548902
 0.95351732
 0.95513696
 0.95384295
 0.94253794
 0.94637665
  0.9454121
 0.94157766
 0.93489424
 0.93313363
 0.93226048
 0.93065269
 0.94196005
 0.93701253
 0.92756708
 0.90326773
  0.8834697
 0.87921738
  0.8939383
 0.91436869
 0.90065145
 0.90154686
 0.90247619
 0.89991035
 0.89341571
 0.88600875
 0.87454349
 0.87056421
 0.86692044
 0.86370838
  0.8606745
 0.86661495
 0.86890342
 0.85262506
 0.85143025
 0.85102711
 0.85128032
 0.85310114
 0.84597507
 0.85254551
 0.84704182
 0.85888816
 0.85593303
 0.85035102
 0.84106954
 0.84091643
  0.8468689
 0.83247734
 0.83204954
 0.84196593
 0.82196454
  0.8255411
 0.81429462
 0.82168769
 0.81497309
   0.815198
 0.81300536
 0.81720156
   0.816344
 0.81261375
 0.80752677
 0.80620153
 0.80850537
 0.82403906
 0.81412586
 0.81938797
 0.83570413
 0.82161811
 0.81665733
 0.81620353
 0.80839384
 0.80915075
 0.80774411
 0.80889535
  0.7998721
 0.79947329
 0.80012371
 0.80426891
 0.80519831
  0.8059509
 0.79916669
 0.79817981
   0.797607
  0.8039663
  0.7986518
  0.7970226
 0.79040014
 0.79173393
 0.79525122
 0.79515308
 0.79864902
 0.79217028
 0.79724112
 0.80506609
 0.81197329
 0.81100668
 0.80554947
 0.78847964
 0.78796747
 0.80080991
 0.80332944
 0.79689065
 0.78951749
 0.80087462
 0.80757553
 0.80830632
 0.80019623
 0.79754973
 0.79580076
 0.79848367
 0.79793265
 0.78943018
 0.79874535
 0.79959541
 0.79704981
 0.79872909
 0.79720367
 0.79731404
  0.7991168
 0.79969271
 0.79789366
 0.79813584
 0.80549656
 0.80089525
 0.80108651
 0.79641483
   0.792809
 0.78498165
 0.78585793
 0.78271747
 0.78050288
 0.78362452
 0.77349693
 0.77922453
 0.77571969
 0.78048704
 0.78612091
 0.79044846
 0.80571413
 0.81645516
 0.80360645
 0.80387658
 0.80053378
 0.79383304
 0.79589865
 0.79635488
 0.79094587
 0.78628255
 0.79019619
 0.79668154
 0.80604532
 0.80560582
 0.80271444
 0.80492013
 0.80532365
 0.80493995
 0.80387294
 0.80638416
 0.80520229
 0.81151295
 0.80992208
 0.81129798
  0.8128043
 0.80780668
 0.81059119
 0.81536822
 0.82008253
 0.81160086
 0.82119209
 0.82164375
 0.82410493
 0.82241985
  0.8182528
 0.81744786
 0.81923872
 0.81372836
 0.81348645
 0.81295236
  0.8141597
 0.81422661
 0.81294818
 0.81725591
 0.81467304
 0.82315069
 0.82300205
 0.81779128
 0.81675363
   0.816288
 0.81250414
 0.81398446
 0.81660385
 0.82172531
 0.82450176
 0.82463565
 0.81861809
 0.81127105
 0.80820597
 0.79963455
 0.79608376
 0.79918985
 0.80224372
 0.79686715
 0.80684861
 0.81146381
 0.81238951
 0.80898604
 0.80740397
 0.81427149
 0.81875897
 0.82439182
 0.81642325
 0.81314556
 0.80755372
 0.81030581
 0.82277374
 0.81799424
 0.81808658
 0.81490835
 0.80721593
 0.79776656
 0.79806541
 0.79568407
  0.8016786
 0.81663394
 0.81171238
 0.80747678
 0.80876109
 0.81510423
 0.82303168
 0.84140147
 0.83441364
 0.82905382
 0.82705061
 0.82870338
 0.83078665
 0.83493559
 0.83875686
  0.8398996
 0.83769337
  0.8425576
   0.842715
 0.84669045
  0.8454762
 0.84495153
 0.84059868
 0.83696911
 0.83493308
 0.82945989
  0.8301784
 0.83679034
 0.83789274
 0.83736152
 0.84022885
 0.83389946
  0.8373974
 0.83384473
 0.84369915
 0.84863445
 0.84220913
 0.83598344
 0.83864833
 0.84556894
 0.84820329
 0.84596988
 0.84288742
  0.8472191
 0.84748948
 0.84844948
 0.85051708
 0.84929103
 0.84508973
 0.83925725
 0.84090339
 0.84418049
 0.84665325
 0.83827489
 0.84129519
 0.84014127
 0.84208282
 0.83881329
 0.84150912
 0.84440023
 0.84820188
 0.84675475
 0.84469594
 0.84040469
 0.84069735
 0.83502665
  0.8422099
 0.84127045
 0.83695096
 0.83247371
 0.83162309
 0.83327571
 0.83253912
 0.83849709
 0.84213707
  0.8397875
 0.83909787
 0.84034478
 0.83650704
 0.83373201
 0.83315873
 0.83638408
 0.84201296
 0.84080816
 0.84054892
 0.83541221
  0.8328598
 0.83163213
 0.82778649
 0.83177728
  0.8283314
 0.83031935
 0.83656938
 0.83253548
 0.83026969
 0.83022641
 0.83366617
 0.83524824
 0.82986456
 0.82855468
 0.83590514
 0.84158955
 0.84044139
 0.83977032
 0.83995256
 0.84020453
 0.84263363
 0.83695886
 0.83925363
 0.84647015
 0.84987572
 0.84983046
 0.85104787
 0.85378505
 0.85438717
 0.85498305
 0.85947297
 0.86242078
 0.86371206
 0.86933674
 0.87088793
 0.87058166
 0.86948725
 0.86511452
 0.86705484
 0.86582574
 0.86360295
 0.85607644
 0.84659847
 0.84417275
 0.83677655
 0.84370945
  0.8384079
 0.84098622
 0.84469126
 0.84755431
 0.85016733
 0.84891475
 0.84685231
 0.84210451
 0.83821983
 0.83294713
 0.83995127
 0.84107266
 0.84263259
 0.84073188
 0.84117831
 0.83941314
 0.83382297
  0.8314112
 0.84686902
 0.85014143
 0.84537829
 0.84079816
 0.84140097
 0.84234259
 0.84162958
 0.85142487
 0.84845931
 0.84761612
 0.84846528
 0.84737557
 0.84899748
 0.84747468
 0.84937534
 0.84282024
 0.84290843
  0.8387922
 0.83875822
  0.8374113
 0.83655651
 0.84079426
 0.83839176
 0.83238442
 0.83958118
 0.82851636
 0.83890814
 0.84136101
 0.84252886
 0.83101786
 0.82620487
 0.82555358
 0.82908042
 0.83290698
 0.83485632
   0.833306
 0.83022777
 0.83395396
 0.82944341
 0.83600358
 0.83353989
 0.83823008
  0.8341319
 0.83668272
 0.83008653
 0.82916299
 0.84348197
 0.84124969
 0.85057032
 0.84771091
 0.84755474
 0.85037646
 0.85611148
 0.85322462
  0.8559134
 0.85780848
 0.86221178
 0.85620501
 0.84931149
 0.85109338
 0.85644831
 0.85173399
 0.85349322
 0.84905191
 0.84442486
 0.84494744
 0.83703959
 0.82921094
 0.83598798
 0.84454622
 0.84292309
 0.84927836
 0.85116887
 0.85251475
 0.85682805
 0.86382844
 0.86718435
 0.86222854
 0.85482212
 0.85409199
 0.85629471
 0.86036151
 0.85834387
 0.85618764
 0.85881448
 0.86244627
 0.86474668
 0.86710818
 0.86687932
 0.87064386
 0.87553814
 0.87783421
 0.87744729
 0.87140008
 0.86735886
 0.87231173
  0.8668569
 0.87681258
 0.88192403
 0.87360994
  0.8667469
 0.86463751
 0.86386574
 0.85859583
 0.85970911
 0.86796746
 0.86967896
 0.86957126
 0.86910099
 0.88592409
 0.88140675
  0.8740989
 0.88772807
  0.8874958
 0.88683806
 0.88146455
 0.88256503
 0.88249858
   0.881642
  0.8856663
 0.88764084
 0.87855455
 0.87754158
 0.88129981
 0.87446914
 0.86741512
 0.87882453
 0.88022575
 0.87729613
 0.88125039
 0.87595634
 0.87093193
 0.88696516
  0.8750882
 0.86854029
 0.87892746
 0.88826856
 0.88973127
  0.8818733
 0.88540246
 0.88761686
   0.880144
    0.87044
 0.87169919
  0.8650846
 0.85362639
 0.86593401
 0.87244686
 0.86306937
 0.86366948
 0.86082351
 0.86491379
 0.85820817
 0.86027768
 0.86123367
 0.86571316
 0.86361871
 0.86736579
 0.86410487
 0.86053325
  0.8631561
 0.86410787
 0.86112675
 0.85815478
 0.85823908
 0.86504688
 0.86350255
 0.86386146
 0.86816316
 0.86864041
 0.87100818
 0.86742044
 0.86061496
 0.86728284
 0.86531602
 0.86134761
 0.85904753
 0.85612279
 0.85865789
 0.86342344
  0.8681657
 0.86518453
 0.86680515
 0.87093447
 0.85988965
 0.86011322
 0.86464803
 0.87059625
 0.86880589
 0.86819645
 0.87149555
 0.87140217
 0.87696604
 0.88261556
 0.88165162
 0.88264813
 0.88065581
  0.8923696
 0.89421793
 0.89624847
 0.89210672
 0.89598633
 0.89666758
 0.90153593
 0.89807543
 0.90176627
 0.90197955
 0.90096317
 0.90614223
 0.90652758
 0.91085563
 0.90888482
 0.90543183
 0.91139841
 0.90897059
 0.91327266
 0.91064568
 0.91088986
 0.91413112
 0.91109228
  0.9090969
 0.91555032
 0.91515266
 0.91292924
  0.9143439
 0.91075081
 0.91281255
  0.9155532
 0.91311011
 0.90634836
 0.90381458
 0.90306077
 0.89903866
 0.89852299
 0.89620308
 0.89455158
 0.89243516
 0.88896758
 0.88907205
  0.8862344
 0.88871432
 0.89370198
  0.8944356
 0.89392999
 0.89721954
 0.89663831
 0.89318565
 0.89057918
  0.8967707
 0.91038293
 0.91688279
  0.9193962
 0.92456659
 0.92522474
 0.92823123
 0.92238394
 0.91617096
 0.91610251
 0.91372231
 0.92051523
 0.91285284
 0.91735569
 0.92760086
 0.92978197
 0.93122439
 0.92515045
 0.92173828
  0.9234287
 0.92172845
 0.91574648
 0.91520566
 0.91253333
 0.91673467
  0.9155565
 0.91545769
 0.92174859
 0.92126779
 0.92288925
  0.9268529
 0.92243261
 0.91335497
 0.92171302
 0.91851527
 0.92406496
 0.92406288
 0.91409911
  0.9138069
 0.91445971
 0.91832579
 0.92055773
 0.92246353
 0.92207058
 0.92475144
 0.92346391
 0.92348523
 0.91250892
 0.91649806
 0.92179986
 0.92170125
   0.923312
 0.92702564
 0.92588994
 0.92855054
 0.93010238
 0.92841719
 0.92344976
 0.91842319
 0.91927413
 0.91663695
  0.9090167
 0.90390116
 0.90430485
 0.90430596
  0.9020254
 0.91364609
 0.92199619
 0.92150892
 0.91735253
 0.90576636
 0.90714647
 0.90731101
  0.9057116
 0.91632696
 0.92067056
 0.92952762
 0.92977135
   0.927683
 0.92939247
 0.93099748
 0.93246438
 0.93098017
  0.9282267
 0.93208694
 0.92608307
 0.92364536
 0.91879133
 0.91723757
 0.92065874
 0.92432426
 0.92277158
 0.91323274
 0.91523228
 0.91014137
 0.90419574
 0.90570541
 0.90873388
 0.91117855
 0.90642654
 0.91027313
 0.91315615
 0.90735419
 0.89988936
 0.89627689
 0.90300152
 0.90168596
 0.89996454
 0.90149604
 0.90249427
 0.90852485
  0.9104614
 0.90713944
 0.91814056
 0.91086128
 0.91048098
  0.9097226
 0.90877399
 0.90379301
 0.89415212
 0.90022947
 0.90148084
 0.90662038
 0.90660387
 0.90956571
 0.90418584
 0.90965556
 0.92324956
 0.92548366
 0.92428286
 0.92634227
  0.9245603
 0.92790674
 0.92357936
 0.91865687
 0.91929452
 0.91834829
 0.91926541
 0.92132373
 0.91013517
 0.91184296
 0.91287974
 0.90588576
 0.90520516
 0.91402687
 0.92299376
 0.91716889
 0.91872939
 0.91300484
 0.91024145
   0.913553
 0.91455693
 0.92258318
 0.92057414
 0.91738227
 0.91443483
  0.9158057
 0.90812075
 0.90815367
 0.91323207
 0.92437219
 0.92331146
 0.91879339
 0.91894715
  0.9210805
 0.91667884
 0.91838121
 0.91355623
 0.91117952
 0.91733472
  0.9107744
 0.89437977
 0.88927252
 0.90051736
 0.89973625
 0.90566028
 0.90546514
 0.90429747
 0.90209393
 0.90734887
 0.91375211
 0.91584544
 0.92123142
 0.91668812
 0.91820661
 0.91815013
 0.91774711
 0.91816594
 0.92095284
 0.92189958
  0.9192494
 0.92348913
 0.92672389
 0.91734592
 0.91783977
 0.91808916
 0.90650481
 0.90546929
 0.91631479
 0.91715507
 0.91688053
 0.92168652
 0.91959341
 0.92172624
 0.91761976
 0.92427524
  0.9212369
 0.91844085
 0.92131056
 0.92028538
 0.91592964
 0.92373268
 0.93409055
  0.9323402
 0.91794697
 0.91707676
 0.91234297
 0.92555018
 0.92927524
 0.92239591
 0.92671256
  0.9238154
 0.93065252
 0.92968756
 0.93532244
 0.93198954
 0.94210463
 0.94132338
 0.93293049
 0.92642732
 0.91773191
 0.93121632
 0.93476678
 0.94064348
 0.94366484
 0.94208016
 0.93366411
 0.93515815
 0.94759757
 0.94435014
 0.94743073
 0.95367741
 0.94946796
 0.94936871
 0.94491818
 0.94096189
 0.93570553
 0.93435626
 0.92824894
 0.93309245
 0.93038893
 0.93317217
 0.94147151
  0.9410088
 0.94420566
 0.94371649
 0.94231904
 0.94574378
 0.94836368
 0.94252097
 0.93998352
 0.93681908
 0.93573913
 0.93527997
 0.93240061
 0.93527112
   0.934652
 0.92863009
 0.92326706
 0.92292331
 0.92448405
 0.93686783
 0.93339127
 0.92751606
 0.92742418
 0.92476572
 0.91935741
 0.92562902
 0.92079738
 0.92507358
 0.92970168
  0.9243936
 0.92600459
  0.9145166
 0.91739232
 0.91870648
 0.91574552
 0.91233771
 0.90872304
  0.9027664
 0.90083488
 0.89716031
 0.89584972
 0.88318317
 0.87871237
 0.88546145
  0.8813122
 0.88377834
 0.87778864
 0.87409147
 0.86873597
 0.87167541
 0.87962489
 0.88041338
 0.87421659
 0.87159997
 0.86460628
 0.86824744
  0.8687913
 0.88039559
 0.88356801
 0.89128137
 0.89173441
 0.88969975
 0.89203051
 0.89391525
 0.90096173
 0.90200171
 0.90505242
 0.89459295
 0.89510806
 0.89836731
 0.89646856
 0.89346289
 0.88918279
 0.88472431
 0.88737279
 0.88944489
 0.89372954
   0.893413
 0.89094687
 0.90083441
  0.9094911
 0.91179356
 0.91216477
 0.91259024
 0.91276941
 0.91653504
 0.90560963
  0.9065379
 0.89990848
 0.89772045
 0.89049238
 0.89839505
 0.89474921
 0.88850728
 0.88616252
  0.8868611
 0.87723553
 0.87819491
 0.87470653
 0.88256801
 0.89169086
 0.88167343
 0.88685571
 0.89102581
 0.89752697
 0.89530599
 0.88451482
 0.88374493
 0.88592072
 0.89038084
 0.88901645
 0.88980865
 0.89182555
 0.89182161
 0.88772978
 0.89283316
 0.88945821
 0.88329768
 0.88507441
  0.8967419
 0.90517494
 0.89498329
 0.88851513
 0.89392205
 0.89169665
 0.87924042
  0.8672974
 0.87569967
 0.87576255
 0.88597387
 0.88639934
  0.8862565
 0.89376699
 0.90247565
 0.91419855
 0.90858385
 0.90077844
 0.90302394
 0.90046725
 0.89953495
 0.89172607
  0.8997498
 0.90431167
 0.89806972
 0.89827439
 0.89898181
 0.89217922
 0.90075138
 0.89417379
 0.89233154
  0.8987028
 0.88660523
 0.88506041
 0.88168405
 0.88319845
 0.88817756
 0.89132572
 0.90425121
  0.9015217
 0.89747446
 0.89398046
 0.89211479
 0.89366809
 0.88717438
 0.89167445
 0.89653163
 0.88749061
 0.89124653
 0.88364229
  0.8901325
 0.90198415
 0.89658648
 0.90717566
 0.91056748
 0.91668477
 0.92027036
 0.92110189
 0.91069361
 0.91630728
 0.91678764
 0.91788182
 0.91520105
 0.91331599
 0.91034358
  0.9090819
 0.90722765
 0.90302437
 0.90875615
 0.91037308
 0.90737508
 0.89817441
  0.8973243
 0.89890495
 0.89532257
  0.8938815
 0.89359008
 0.88605492
 0.88241051
 0.87670907
 0.87132174
 0.86868388
 0.88236955
 0.88979182
 0.89163692
 0.89523519
 0.89517299
 0.90508171
 0.90530743
 0.91427646
 0.90989633
 0.90914719
 0.91193237
 0.91488513
  0.9112661
 0.91094739
 0.92373069
 0.92706925
 0.93032802
 0.93760256
 0.94216789
  0.9461563
   0.945285
 0.94588745
 0.94087628
 0.93455865
 0.93457509
 0.92586791
 0.91544039
 0.92285297
 0.92058757
 0.92839973
 0.92522243
 0.92771126
 0.92423225
  0.9224503
  0.9285074
 0.92610609
 0.92551934
 0.91749728
 0.91084503
 0.89623258
 0.89873232
 0.89663973
 0.89051508
 0.88459005
 0.88581034
 0.88715633
 0.88901638
   0.888882
 0.89122707
 0.89069132
  0.8940622
 0.90161811
 0.90581654
  0.9062654
 0.90611664
 0.89849754
 0.89552104
 0.90029589
 0.90680535
 0.90285063
 0.90667838
 0.91023571
 0.91277891
 0.90435108
 0.90037569
 0.89562044
 0.90016501
  0.9031602
 0.90602937
 0.90544024
 0.90713136
 0.90798305
  0.9061167
 0.90559289
 0.91118181
 0.91235254
 0.90891692
 0.90628651
 0.90425494
  0.9060902
 0.90324142
 0.90381366
 0.90748851
 0.91169867
 0.91235967
  0.9151912
  0.9174377
 0.91421725
 0.91017834
 0.90073428
 0.89857678
 0.90154888
 0.90311922
  0.9067906
 0.90677872
 0.91043091
 0.91632606
 0.91501753
 0.91458203
  0.9124176
  0.9011238
 0.90710083
 0.90332224
 0.90352238
 0.90374852
 0.90070051
 0.90059191
 0.89923405
 0.89965523
 0.89716309
 0.88959965
 0.89848081
 0.90505118
 0.91038212
 0.91079615
 0.90944843
 0.91207101
 0.91102857
 0.90897082
 0.91154594
 0.90710792
 0.90324005
 0.90097185
 0.90713589
 0.90661399
 0.90840458
 0.89952515
 0.89606531
 0.90314555
 0.90732586
 0.90610721
 0.90258228
 0.89430737
  0.8887339
 0.88371441
 0.89843679
 0.89362191
 0.89180645
 0.88744263
 0.87432897
 0.86186354
 0.86172989
 0.86356972
 0.87127186
 0.87367101
 0.87502587
 0.88157429
 0.87738722
 0.87861581
 0.87530669
 0.87625597
  0.8791318
 0.87939318
 0.87740917
 0.87400126
 0.88042359
 0.88406294
 0.88295951
 0.88990734
 0.87300913
 0.87591005
 0.89132504
 0.89243941
  0.8941485
 0.88877237
 0.88377761
  0.8836287
 0.87476331
 0.88259202
 0.87711755
 0.87979156
 0.88212254
    0.88243
 0.88580932
 0.89019302
 0.88463183
 0.88730098
 0.89052302
 0.88954171
 0.89281298
 0.89563651
 0.89805604
 0.89501152
  0.8979852
 0.90068508
 0.90065726
  0.8925715
 0.90158236
 0.89819763
 0.89817981
 0.90730702
 0.90824748
 0.90671921
 0.90311914
 0.90205337
 0.90181479
 0.90285618
 0.90038924
 0.90095835
  0.9026696
  0.9002221
  0.9001404
  0.8959689
 0.89816881
 0.89748755
 0.89884289
 0.90074826
 0.90138554
 0.90274067
 0.89952571
 0.89791502
 0.89448367
 0.88741859
 0.89046072
  0.8844818
  0.8827169
 0.88219681
 0.87960214
 0.88180569
 0.87430136
 0.87813104
 0.87523665
 0.87146551
 0.87051397
 0.86979267
  0.8629453
 0.85266339
 0.84996051
 0.84472494
 0.83668751
 0.83846786
  0.8286583
 0.82828672
 0.82372082
 0.82503679
  0.8271664
 0.81641809
 0.81427605
 0.81510382
 0.81978504
 0.81491667
 0.80636589
 0.80637712
 0.80800025
 0.81335803
 0.82039456
 0.81796981
 0.80979929
 0.81739394
 0.81760848
 0.81622641
 0.81222266
 0.80739561
 0.80950872
 0.80347305
 0.79541864
 0.79571658
 0.79397389
 0.79763505
 0.79382703
 0.79720348
  0.7972185
 0.79859082
 0.79998302
 0.81345514
  0.8126183
 0.81155828
 0.81317058
 0.81493569
  0.8207028
 0.82495913
 0.83565438
 0.83868486
 0.83078564
 0.83187761
 0.83492853
 0.82711237
 0.83003995
 0.82151509
  0.8136561
 0.82642169
 0.83653745
 0.82823499
  0.8443448
 0.84031499
 0.83258343
 0.83338433
 0.84238328
 0.84467083
 0.84221841
 0.83989219
 0.82783099
 0.82924912
 0.83182589
 0.83023345
 0.83508096
 0.84359371
 0.84078681
 0.84815495
 0.84292185
 0.84877316
 0.84661082
 0.84712187
 0.84504791
 0.84585834
 0.85093286
 0.85518375
 0.85662436
 0.86555982
 0.86260563
 0.86471696
 0.86818963
 0.87245408
 0.86981147
 0.87289605
 0.86965959
 0.86731895
 0.86802445
 0.86981834
 0.86987019
 0.86783836
 0.86456364
 0.86492998
 0.86364244
 0.86751441
 0.86057223
 0.85528843
 0.85631692
 0.85229884
 0.85184285
 0.85310916
 0.85804401
 0.86362541
 0.87372215
 0.87488574
 0.87737273
 0.87623635
 0.87026106
 0.86856584
 0.86608493
 0.87209503
 0.87785774
 0.86977364
 0.86911637
 0.87008853
 0.87283966
  0.8879316
 0.88762025
 0.87504565
 0.86047743
 0.86146626
 0.86755391
 0.86548255
 0.86816572
 0.85841986
 0.84622238
 0.84016082
  0.8412489
 0.83881804
 0.83544632
 0.83164303
 0.83543884
 0.84437729
 0.84269656
 0.82746316
  0.8272142
 0.82289925
 0.81731621
 0.81397872
 0.81483047
 0.83660283
  0.8273087
 0.82618433
 0.81072507
 0.80588655
 0.81611205
 0.81923226
 0.82536336
 0.82121497
 0.82596022
 0.81504103
 0.81978107
 0.81301844
 0.82958488
 0.84222003
 0.82421799
 0.83623922
 0.83742053
 0.82699064
 0.83708542
 0.84405298
 0.82477124
 0.81921033
 0.81946043
 0.82220159
 0.83299018
 0.83742404
 0.83162467
 0.84060299
  0.8455853
 0.83671992
 0.84966265
 0.84161958
 0.83740807
 0.84064357
 0.83328011
 0.83115088
 0.82759976
 0.83460944
 0.84888263
 0.84127402
 0.84083966
  0.8360388
 0.85891557
 0.86080074
 0.86445243
 0.86190499
 0.85427327
 0.83483273
 0.83800499
 0.85510632
 0.84566727
 0.87098339
 0.88993571
 0.88221442
 0.88289149
 0.89079632
 0.88701066
 0.88728224
 0.88823486
 0.88283767
 0.89474214
 0.89973054
 0.89573871
  0.9011115
 0.89961816
 0.90233352
 0.90153538
 0.89759452
 0.89989827
 0.90340848
  0.8995906
 0.89337878
 0.89065348
 0.89448851
   0.888765
   0.882793
 0.87997142
 0.88038043
 0.88088537
 0.88207566
 0.88116834
 0.88004298
 0.87284872
 0.87892344
 0.87500683
 0.88288038
  0.8782399
 0.88308062
 0.87762997
 0.88950698
  0.8821394
 0.88443464
 0.87760914
 0.86926862
 0.88206461
 0.87845157
  0.8754697
 0.87791984
  0.8849067
 0.88416605
 0.88367204
 0.88972903
 0.88818257
 0.89203168
 0.88960302
 0.89734017
 0.89023633
 0.88981484
 0.87978602
 0.87546302
 0.88198379
 0.87474812
 0.87339802
 0.87704637
 0.87049985
 0.86248161
 0.87357654
 0.85829592
 0.87187162
 0.87432211
 0.84460806
 0.84113981
 0.85236615
 0.85436198
 0.85470192
 0.83630413
 0.83937879
 0.83343184
 0.83365533
 0.83538362
 0.84237007
 0.84739518
 0.86752912
  0.8809306
 0.87856341
 0.88396419
   0.874519
 0.86585385
 0.85994076
 0.86759722
 0.86091372
 0.88372525
   0.891411
 0.89413232
 0.91338811
 0.90508451
 0.90958858
  0.9075073
 0.91139147
 0.90660536
 0.90351071
 0.89853971
 0.89836713
 0.89815951
 0.89296395
 0.89966465
 0.89896675
 0.89323987
 0.89560867
 0.89734087
 0.89029201
 0.88248294
 0.88933156
 0.88570747
 0.88889989
 0.89245158
 0.89122452
 0.88851629
 0.89166942
 0.89322158
 0.89082363
 0.88989466
 0.89447313
 0.89192033
 0.89069945
 0.88925717
 0.88686083
 0.88606879
 0.87998426
 0.88523929
 0.88293358
 0.88211684
 0.88218685
 0.87696111
 0.87144765
   0.871358
 0.86357485
 0.86724623
 0.86748434
 0.87266593
 0.87431479
 0.87381662
 0.86609868
 0.87255287
 0.87833046
 0.88459087
 0.88634014
 0.88600347
 0.88916758
 0.88454551
 0.87977137
 0.87621932
  0.8828786
 0.88068699
 0.87833173
 0.88249196
 0.87441411
 0.87819327
 0.87692791
 0.87156184
 0.86529481
  0.8624523
 0.86553524
 0.86766216
 0.86791274
 0.86117819
 0.87893177
 0.88412617
 0.88438449
 0.87385323
 0.87936195
  0.8856337
 0.88890746
 0.88994943
 0.89298238
 0.89394201
 0.89381714
 0.88872481
  0.8898519
 0.87875557
 0.86849378
 0.87253528
 0.86984833
 0.86706964
 0.87162386
 0.87245178
 0.86537995
  0.8758797
 0.87338442
 0.87635309
 0.88144387
 0.88222083
  0.8818526
 0.88393155
 0.88181603
 0.88011139
 0.88218906
 0.88949769
 0.88215163
  0.8773567
 0.87779044
 0.88148353
 0.88104258
 0.87759335
 0.88210954
  0.8799177
 0.87586777
 0.87424627
 0.88122327
 0.88109656
 0.88230186
 0.88599554
 0.88801154
 0.88205911
 0.88196831
 0.89349684
 0.88982732
 0.88897572
 0.89900904
  0.8943821
 0.88760271
 0.87323805
 0.86448644
 0.85631858
 0.84649546
 0.82827868
 0.83276882
 0.82197474
 0.83036727
 0.83470211
 0.83521052
 0.84503887
 0.85573332
 0.86385869
 0.87361783
 0.86949392
 0.86896498
 0.86301921
 0.86008511
 0.85771118
 0.86006434
 0.86110321
 0.86339822
 0.87716796
 0.87723091
 0.87713383
 0.88367296
 0.88771744
 0.88994632
 0.88624981
 0.87965876
 0.88365168
 0.87056022
 0.87272283
   0.872113
  0.8722257
 0.87974248
 0.87513729
 0.87124886
 0.86938427
 0.87270914
 0.87519412
 0.87356897
 0.87811716
 0.88042678
 0.87320745
 0.87054869
  0.8692779
 0.86944363
 0.87243005
 0.87439384
 0.87063264
 0.87777384
 0.86814647
 0.86336845
 0.86737121
 0.87008989
 0.86903185
 0.87420946
 0.87505867
 0.88130431
 0.88135892
 0.87784353
  0.8759478
 0.86688228
 0.86875017
 0.87382485
 0.87635989
 0.87751008
 0.87638766
 0.87670586
 0.87400214
  0.8796692
 0.86496061
 0.86242361
  0.8645718
 0.86481415
  0.8590866
 0.85009151
 0.84788781
 0.84091241
 0.84951503
 0.84563336
 0.85273968
 0.84683844
 0.83740147
 0.84556198
 0.85012057
 0.85223436
 0.85198834
 0.84754499
 0.84948211
 0.84690286
 0.84516308
 0.82757412
 0.82806579
 0.81686752
 0.82226114
 0.82333757
 0.82977531
 0.83800101
 0.84288892
 0.83779015
 0.83927668
 0.83750897
 0.84445601
 0.84300861
 0.84632763
 0.84919988
 0.84423954
 0.84160284
 0.84378608
 0.84636365
  0.8491326
 0.84464106
  0.8410838
 0.84116051
 0.84277847
 0.84430728
 0.83703148
 0.84621247
 0.84296179
  0.8448991
 0.84181384
 0.84807429
 0.84864862
 0.84793339
 0.84616155
 0.84968231
 0.84798418
 0.85128726
 0.85596689
 0.85346565
 0.85733074
 0.85253338
 0.84662522
 0.85669738
 0.85647092
 0.85543415
 0.85018075
 0.84832151
 0.85134484
   0.855282
 0.85910948
 0.86017079
 0.86035941
 0.85550253
 0.85253597
 0.85696637
 0.85856627
 0.85663837
 0.85060459
 0.85243589
 0.85625719
 0.85623458
 0.85679086
 0.86334549
 0.86092377
 0.86085339
 0.85643288
 0.85919571
 0.86002283
 0.85888743
 0.85695883
 0.85352267
 0.85466257
 0.85577806
 0.85534596
 0.84980114
 0.85065871
 0.84631758
 0.85117814
 0.85283666
 0.85463345
 0.85466138
 0.85249772
 0.85853773
 0.86636082
  0.8625742
 0.85810165
  0.8537832
 0.85925781
 0.85959019
 0.84957552
 0.85124774
 0.84766542
 0.85240632
 0.84871899
 0.85098466
 0.84314665
 0.84149493
 0.83436647
 0.84071098
 0.84007954
 0.84165267
 0.85329816
 0.85658364
 0.85420933
 0.84850811
 0.84536293
 0.85128305
 0.84371437
 0.83285673
 0.83114721
 0.83340446
  0.8296521
 0.82968159
 0.82428442
 0.82291262
 0.82105364
 0.82108607
 0.81780628
    0.81181
 0.81473238
 0.81709199
 0.82314225
 0.82696404
  0.8262885
 0.83575285
 0.83044051
  0.8346226
 0.82352372
 0.82483341
 0.82397777
 0.82276675
 0.82352356
 0.82251669
 0.81393661
 0.80918673
 0.82361404
 0.82816737
 0.83897393
 0.83985319
 0.83442369
 0.83197259
 0.84133831
 0.84300986
 0.83565656
 0.83527104
  0.8383386
  0.8488782
 0.84883841
 0.84901466
 0.85025157
 0.84525523
    0.84405
 0.84405007
 0.84012886
 0.84215872
 0.84031017
 0.83938878
 0.82828245
 0.82474565
 0.83370947
 0.83119085
 0.82863396
 0.83302445
 0.83155513
 0.83030669
 0.82359627
  0.8171385
 0.81410555
 0.81742823
 0.81436135
 0.81774413
 0.82200821
  0.8245807
 0.82184311
 0.82430208
 0.84473673
 0.84778798
 0.84324648
 0.84639089
 0.85016908
 0.85418613
  0.8529348
 0.84733381
 0.84172511
 0.83821366
 0.84019239
  0.8422484
 0.84462201
 0.85308486
 0.85843603
 0.85890806
 0.86043556
 0.86276377
 0.85537064
 0.86056518
 0.86253557
 0.86632569
 0.86660101
 0.86986451
 0.86097585
 0.84616927
 0.84540199
 0.84843555
 0.85605008
  0.8499215
 0.84164592
 0.85480109
 0.84998149
 0.84261798
 0.84189419
 0.84873482
 0.85336782
 0.85383479
    0.85249
 0.85755378
  0.8624765
 0.86333175
 0.85647477
 0.85921491
 0.86193758
 0.86176916

