0.088984901
0.069512348
0.072996188
0.071266897
0.071638312
0.071178669
0.071761011
0.071904879
0.071555246
0.071674419
0.071395502
0.070920579
0.071559196
 0.07118375
0.070868856
0.072042867
0.072071007
0.071873356
0.071674574
0.072042699
0.072795784
0.072643326
0.073673248
0.074226595
0.074070215
0.075659594
0.076573477
0.077132514
 0.07652756
0.077629036
0.078756114
0.078512155
0.078731645
0.078935581
0.081155022
0.082238616
 0.08417732
0.087394913
0.088167972
0.088230758
0.088896291
0.087841722
0.088184396
0.088598824
0.090176359
0.089365132
0.092495174
0.094116473
 0.09725147
 0.10272478
 0.10565408
 0.10812035
 0.10823941
 0.10829283
 0.10822354
 0.10802617
 0.11009287
 0.11172891
 0.11272536
 0.11353505
 0.11499085
 0.11674953
 0.11611779
    0.11668
 0.11747078
 0.11876847
 0.11875998
 0.12093364
 0.11862014
 0.11997978
 0.11986861
 0.12096916
  0.1217841
 0.12148619
 0.12202362
 0.12244012
 0.12383068
 0.12283013
 0.12159433
 0.12366235
 0.12536834
 0.12498779
  0.1233444
 0.12544684
 0.12642993
 0.12683374
 0.12940262
 0.12854734
  0.1281621
 0.12863916
 0.12981248
 0.12836863
 0.12960342
 0.12974843
 0.13287812
 0.13277582
 0.13592597
 0.13889604
 0.14265914
 0.14617901
 0.14817884
  0.1512725
 0.15263206
 0.15727511
 0.15602255
 0.16040645
 0.16096587
 0.16184535
 0.16372564
 0.16819738
 0.16872391
  0.1694562
 0.16941339
 0.17116858
 0.17325354
 0.17383196
 0.17537205
 0.17657636
 0.18027199
 0.18135632
 0.18199896
 0.18373783
 0.18732854
 0.19132544
  0.1933052
 0.19645255
 0.20600689
 0.20560328
 0.21175706
  0.2130723
 0.21597553
 0.21719149
 0.22362524
 0.22278929
 0.22201869
 0.22672665
 0.22061413
  0.2235175
 0.22405106
 0.22588684
 0.22860997
   0.229673
 0.22683808
 0.22800391
 0.22902792
 0.23272735
 0.23440072
  0.2334976
 0.23222256
 0.23989311
 0.24151677
 0.23949144
 0.24062716
 0.23691936
 0.24246313
 0.24266729
 0.24585767
 0.24542791
 0.24940455
 0.24872673
 0.25085409
 0.25266281
 0.25324169
 0.25033354
 0.25274521
 0.25211599
 0.25288336
 0.25524368
 0.25401323
 0.25720806
  0.2576441
 0.25903546
 0.26150453
 0.26331244
 0.26656318
 0.27082729
 0.27511949
 0.27274383
 0.27693589
 0.28184808
 0.28225768
 0.27726605
 0.28494522
 0.28268161
 0.28567947
 0.28225458
 0.28284506
 0.28162967
 0.28501908
 0.28525149
 0.28460357
 0.28307077
 0.28313404
 0.28497031
  0.2805973
 0.28248787
 0.28287558
 0.28266465
 0.28122861
 0.27849806
 0.28542393
 0.28371823
 0.28596252
 0.28792965
 0.28726158
  0.2924686
 0.28992685
 0.29293172
 0.29485824
 0.29654685
 0.29832157
 0.30119148
 0.30322259
 0.29423199
 0.29913656
 0.30589663
 0.30814486
 0.31189981
 0.31300314
 0.31312344
 0.31496526
 0.31770064
 0.31486315
 0.31816672
 0.32169308
 0.31831066
 0.31800354
 0.32243418
 0.32923532
 0.32885294
 0.33050891
 0.32998201
 0.32966213
 0.33279492
 0.33409942
 0.33475316
 0.33569401
 0.33392039
 0.33634701
 0.33439424
 0.33124863
 0.33785238
 0.34391367
 0.34953358
 0.35224546
 0.35119398
 0.36166511
 0.36176201
    0.36679
   0.365573
 0.36842106
 0.37151228
   0.373629
 0.37327155
 0.37181659
  0.3727214
 0.37302174
 0.37478951
 0.37636222
 0.37474639
 0.37906396
 0.38193906
 0.38139155
 0.37982253
  0.3821732
 0.38502215
 0.38847661
 0.38792736
 0.39073793
  0.3937952
 0.39197839
 0.39278559
 0.39047877
 0.38917779
 0.38839917
 0.38883087
 0.38756048
 0.38551694
 0.38476677
 0.38328023
 0.38111371
 0.38043175
 0.38215904
 0.38191646
 0.37993745
 0.38145963
 0.38361014
 0.38828051
 0.38877328
  0.3914851
 0.39166312
 0.39275154
 0.39912755
 0.40511181
 0.40512774
 0.40380776
 0.40743116
 0.40460074
 0.41020726
 0.40234242
 0.40593416
 0.40550166
 0.40307996
 0.40390653
 0.41479302
 0.41587035
 0.42483251
 0.42795746
  0.4288561
 0.43161934
 0.43375265
 0.43844028
 0.44109436
 0.44171093
 0.44361799
 0.43838674
 0.44119124
 0.44048821
 0.44390267
 0.43962137
 0.44471948
 0.44451026
 0.44415569
 0.44730812
 0.44772157
 0.45202407
 0.44729079
 0.45033442
 0.45159494
 0.45390474
  0.4557971
 0.45653803
 0.45737375
 0.45712053
 0.45854041
 0.46135485
 0.45603181
 0.45510857
 0.45504483
 0.45065288
 0.45481685
 0.45557134
 0.45726889
 0.45317826
 0.45501474
 0.45858137
 0.45918136
 0.46324014
 0.46419603
 0.46238855
  0.4609414
 0.46463662
  0.4639822
 0.46109934
 0.45851088
 0.45979768
 0.46218809
 0.46007511
 0.45961751
  0.4608344
 0.46235207
 0.45725511
 0.45773439
 0.45781635
 0.46038145
 0.46794491
 0.48155921
 0.47637175
 0.47869549
 0.48080415
 0.48678479
 0.48419806
 0.49119489
 0.49722223
 0.49636038
 0.50359283
  0.5074601
  0.5045928
 0.50611758
 0.50074892
 0.50212743
 0.49786436
 0.50957787
 0.50387106
 0.50608143
 0.50909896
 0.50799036
 0.50758489
  0.5082699
 0.50699591
 0.51159724
 0.50524466
 0.50670392
 0.51473321
 0.51592838
  0.5135363
 0.51455898
   0.515565
 0.51371278
 0.52150156
 0.52456842
 0.53086526
 0.52237941
 0.52415714
 0.52572791
 0.52750487
 0.52728265
 0.52342911
 0.52936663
  0.5310765
 0.52578788
  0.5269166
 0.52572604
 0.52434124
 0.52475323
 0.52364525
 0.52346523
 0.52834683
 0.53312244
 0.53513987
 0.53149003
 0.53186461
 0.53829105
 0.53537122
 0.53623061
 0.54141623
 0.54338632
  0.5429301
 0.54184844
  0.5305653
 0.53212069
 0.53181758
 0.52829473
 0.53076888
 0.53098912
 0.52707134
 0.53060936
 0.52723746
 0.52695243
 0.52529237
 0.52786383
 0.52928309
 0.52734755
 0.52758787
 0.52519605
 0.52166169
 0.52714179
 0.53052194
 0.54138263
 0.54219849
 0.54004199
 0.54621378
 0.55458357
 0.56358816
 0.56680555
  0.5659829
 0.57031955
 0.57504885
 0.58276387
 0.58182754
 0.58083272
 0.58113409
  0.5780014
 0.58136387
 0.58229239
 0.58467249
 0.57970821
 0.58529234
 0.58592155
 0.58573393
 0.58288753
 0.58369968
 0.58339868
 0.58494234
  0.5847435
  0.5833769
 0.58415052
 0.58696157
 0.58885723
 0.59015765
 0.59152424
 0.58865875
 0.59501272
 0.59273687
 0.58458686
 0.58310697
 0.58973737
 0.58543518
 0.58649223
 0.58409662
 0.58556569
 0.57966486
 0.57921704
 0.57739715
 0.57394067
 0.56798753
 0.56683291
 0.56735646
 0.56554348
 0.56948759
 0.56686573
 0.57439463
 0.56823762
  0.5747965
 0.57782019
 0.57794552
 0.58190562
 0.58141382
 0.58241795
 0.58949099
  0.5887783
  0.5923122
  0.5992343
 0.59719019
 0.60309201
 0.60673943
 0.61092171
 0.61913163
 0.61553818
 0.62066779
 0.62669879
 0.62719319
 0.62518003
 0.63229288
 0.63613876
 0.63630596
 0.63466569
 0.63004699
 0.62115129
 0.61762553
 0.61872846
 0.62339829
 0.62327683
 0.62429249
 0.62486301
 0.62031383
 0.62188617
 0.62092275
 0.61336418
 0.61345491
 0.60740552
 0.60667092
 0.60477103
  0.6102322
 0.60886105
 0.61307938
 0.61788409
 0.62327044
 0.62248766
 0.61945972
 0.62062362
 0.62531599
 0.62559766
 0.62836575
 0.62278494
 0.62277314
 0.62342072
  0.6288315
  0.6222654
 0.62039644
 0.62728301
 0.62641925
  0.6237513
 0.63786157
 0.62637487
 0.64152114
 0.63564077
 0.63938245
 0.63681237
 0.63572817
 0.63176742
 0.63872638
 0.62682846
 0.63103868
 0.63268127
 0.63470483
 0.63669108
 0.63918355
 0.64651928
 0.64218913
 0.63508009
 0.64266593
  0.6433188
 0.63598274
 0.64464311
 0.65022145
 0.64423314
 0.65856659
 0.63701433
 0.65338801
 0.63821499
 0.65224646
 0.64828006
 0.65228401
 0.67076094
  0.6660879
 0.66737452
 0.66640678
 0.66874264
 0.66656385
 0.68039789
 0.67693821
 0.68326944
  0.6766717
 0.67312857
 0.67826546
  0.6711961
 0.68353319
 0.66460526
 0.66230813
   0.650706
 0.65412105
 0.65657407
 0.66212458
 0.65665104
 0.67270068
 0.66127789
 0.64876266
 0.64220929
 0.64868918
   0.648544
 0.65072219
 0.65715432
 0.65799248
 0.67284952
 0.66555189
 0.67489093
 0.68412758
 0.67932254
 0.67297305
 0.66541453
 0.67418871
 0.66986455
 0.67445696
 0.66587739
  0.6688002
 0.67265134
 0.67168619
 0.67723736
 0.68034129
 0.67047969
 0.67324317
 0.66564571
 0.66038748
 0.65278096
 0.66653702
 0.65191884
 0.65703028
 0.65601209
 0.66366916
 0.66306005
 0.66980875
 0.66248982
 0.66248253
  0.6665784
 0.66537883
 0.67262995
 0.67133548
 0.65524556
 0.67242574
 0.67148475
 0.66240058
 0.66677121
 0.66916029
 0.66496633
 0.66825541
 0.66925625
 0.67936669
 0.67697591
   0.675014
 0.66990206
 0.69373666
 0.69838312
 0.68940829
 0.67878731
 0.69460984
 0.68989853
 0.68944184
 0.69002108
 0.69535019
 0.68976359
 0.70651916
 0.69911091
 0.69940944
 0.70054782
 0.70850735
 0.70021029
  0.6984983
 0.70681093
 0.70394598
 0.71146965
 0.71281819
 0.69544994
 0.70306578
 0.69225605
 0.68922703
 0.69342527
 0.68442318
 0.69112428
 0.70434475
 0.69643409
 0.71050315
 0.71464933
 0.71633249
   0.718027
 0.71846305
 0.72310143
  0.7223902
 0.72082966
 0.72556104
 0.72517448
 0.72925645
 0.72804636
 0.72644296
 0.72876942
 0.73083623
 0.72290693
 0.71945049
 0.72371989
 0.71266903
 0.70116969
 0.70851221
 0.72362511
 0.72628962
 0.70829092
 0.70384875
 0.71185332
 0.70924639
  0.7000636
 0.69157208
 0.70898313
 0.69494252
 0.69039544
 0.69582378
 0.68905082
 0.67174644
 0.68866007
 0.67235861
 0.68215049
  0.6916008
 0.68188732
 0.70281846
 0.70646855
 0.71280086
 0.71062186
 0.71856466
  0.7154495
 0.72280693
 0.72645698
 0.71870037
 0.72138213
 0.70866292
 0.70328884
 0.71434839
  0.7164312
 0.73680707
 0.73784263
 0.73596626
 0.73303231
 0.75263995
 0.74802563
 0.77395322
 0.78074266
 0.78250558
 0.77251669
 0.78293511
 0.77957581
 0.78308814
 0.75910217
 0.75980639
  0.7516942
  0.7484973
  0.7349313
 0.73663606
 0.73606351
 0.73544999
 0.74885095
 0.77095787
  0.7649187
 0.75530937
  0.7650279
 0.76389914
 0.76346453
 0.77231477
 0.76792609
 0.76223964
 0.76780643
 0.74906064
 0.73819656
 0.74473639
 0.74161875
 0.73818756
 0.74924258
 0.73246677
  0.7199757
 0.74603895
  0.7390264
 0.73903143
  0.7422259
 0.73735016
  0.7380287
 0.70895935
 0.71857355
 0.71913005
  0.7122211
 0.71035565
 0.71251671
 0.70281616
 0.69037018
 0.70520772
 0.69972995
 0.68039999
 0.68289997
 0.66964815
 0.66715231
 0.67788527
 0.68418781
   0.684479
 0.67852561
 0.67798458
 0.66554596
 0.69109458
 0.68682808
 0.67858422
 0.68714932
 0.68142232
 0.67885027
 0.68096479
 0.68548463
 0.68262262
 0.66996542
 0.67041052
 0.67507112
 0.67695588
 0.68607762
 0.67759343
 0.68830793
 0.66877934
 0.66092133
 0.65192103
 0.66197102
 0.65432862
  0.6402736
 0.64753946
 0.64345259
  0.6343162
 0.63741693
 0.64147204
 0.64567699
 0.64597686
 0.64300958
 0.65312664
 0.65132775
 0.64964575
  0.6631674
 0.67414631
 0.65582019
  0.6458516
 0.65096825
 0.65151047
 0.63733534
 0.63569871
 0.62821391
 0.62967322
 0.63539087
 0.63447512
 0.63713731
 0.64245309
  0.6451679
 0.63685739
 0.63748229
 0.63606872
 0.64093151
 0.64249744
 0.64941489
 0.64620408
 0.65005071
 0.64962467
 0.64694943
 0.64282665
 0.65352795
 0.65290435
 0.64997874
 0.65516176
 0.65743903
 0.65559803
 0.65896689
 0.65935213
 0.65783576
 0.65695804
 0.65687148
 0.65200858
 0.65364648
 0.65755533
 0.65324156
 0.64801082
 0.65130546
 0.65130575
 0.65002049
 0.65295323
 0.64661775
 0.64994348
 0.65854571
 0.66164428
 0.65877821
 0.65693818
 0.65005165
 0.64798772
 0.64970261
 0.65154298
 0.65789472
 0.65806227
 0.65376606
 0.65277497
 0.64381617
 0.64970368
 0.64862121
 0.65265666
 0.65657748
 0.65980163
 0.65979205
 0.65999107
 0.66475467
 0.67046539
 0.66292426
 0.65960995
  0.6558214
 0.65670149
 0.65524657
 0.66072194
 0.66264865
 0.66355323
 0.66748692
 0.66972683
 0.66427045
 0.67047936
 0.67339495
 0.67726035
 0.67743654
 0.67849676
 0.67398155
 0.66938652
 0.67124622
 0.66866192
 0.66955968
 0.66969618
 0.67044574
 0.66317376
 0.66281636
 0.66315012
 0.66233076
 0.66563092
 0.66240311
 0.65625179
 0.66344518
 0.66530229
 0.67311766
 0.67113574
 0.67058938
 0.66805528
 0.66299264
 0.66770918
  0.6640121
 0.66265634
 0.66761591
 0.67177046
 0.67208163
 0.67290114
 0.66546977
 0.66031757
 0.66112742
 0.65929293
  0.6493408
 0.66606426
 0.66321906
 0.66224378
  0.6683843
 0.67169302
 0.67001741
 0.68140059
 0.68203893
 0.68473682
 0.68995448
 0.69103559
 0.69619976
 0.69575213
 0.70025826
  0.7020788
 0.70615081
 0.70200518
 0.70864406
 0.70510174
 0.70399501
 0.70217947
 0.70171425
 0.69675267
 0.69306339
  0.6903669
 0.69006063
 0.69495033
 0.68532022
 0.70482033
 0.70210478
 0.70776359
 0.70989536
 0.70951119
 0.71174565
 0.71559753
   0.721005
 0.71377108
 0.71969277
 0.72342672
 0.71735644
 0.71181969
 0.71280658
 0.71343868
  0.7031775
  0.7003624
 0.69874193
 0.70713481
 0.69486549
 0.70263993
 0.70718678
 0.71402554
 0.71432765
 0.71192066
 0.71349292
 0.70736971
 0.69972911
 0.70831469
 0.69686949
 0.70389323
 0.71142474
 0.70407263
  0.7134822
 0.71032921
 0.71650373
 0.71943724
  0.7274013
 0.71921567
 0.72123168
 0.71064485
 0.71127728
 0.71522152
 0.72215848
 0.71842292
  0.7161914
 0.71913778
 0.71826832
 0.71825074
 0.71831028
  0.7168412
 0.71816533
 0.72033201
 0.72131005
 0.72006803
 0.71851349
  0.7185077
 0.71992431
 0.71900036
 0.71906967
 0.71697507
 0.71329434
 0.71698754
 0.71541622
 0.70576935
 0.70725313
 0.70478369
  0.7052382
 0.71542027
 0.70945636
 0.70581979
 0.70657952
  0.7123647
 0.71246271
 0.71187512
 0.70916703
 0.72388592
 0.72682836
 0.71579838
 0.71603152
 0.72144569
 0.72174178
 0.72345545
 0.71750127
 0.71910023
 0.71861303
 0.72095701
 0.71933744
 0.72011776
 0.72839394
 0.73120872
 0.73278074
 0.73675468
 0.73151945
 0.73751218
  0.7391142
  0.7372193
 0.73023828
 0.72769203
 0.72425281
  0.7268794
 0.72531724
 0.72389269
 0.71738637
  0.7175402
 0.71758994
 0.72091152
  0.7188604
 0.72624033
 0.72699755
 0.73500568
 0.73492425
 0.73344339
  0.7403273
 0.73987965
 0.73571094
 0.74129875
 0.73503045
 0.73495673
 0.73273159
 0.73871639
 0.74095873
 0.74178436
 0.74380726
 0.74645202
 0.74258261
 0.74076273
 0.74456756
 0.73910327
 0.73113982
 0.73118674
 0.72260363
 0.71515598
 0.71686054
 0.72172909
 0.72643592
 0.71665897
 0.71569612
 0.70866703
 0.71347919
 0.71767072
 0.71724132
 0.72412386
   0.731746
 0.73025387
 0.73900759
  0.7380196
 0.73518982
 0.73313777
 0.73475884
 0.73588702
 0.73352875
 0.73499084
 0.74020533
 0.74584518
 0.73856684
 0.73281955
 0.73425296
 0.73705545
  0.7401539
 0.74211621
  0.7366616
 0.74190835
 0.74030873
 0.73659413
 0.73751987
 0.72555404
 0.72897415
 0.72367419
 0.72323781
 0.71686284
 0.72602183
  0.7249285
  0.7164606
 0.71960611
 0.71433469
 0.73346466
 0.73100803
 0.72608342
 0.72746595
   0.730244
 0.72564259
 0.72724765
 0.72890891
 0.73094487
  0.7362319
 0.73689113
 0.73333641
 0.72733659
  0.7235605
 0.72700109
 0.72568401
 0.71745509
 0.71584135
 0.71709084
 0.71940752
 0.71631946
 0.71919291
 0.71303235
 0.71537646
 0.71878247
 0.71960794
 0.71634733
 0.72000806
 0.71638335
 0.71758863
 0.71505899
 0.71094207
 0.71447963
 0.71286063
 0.71645769
 0.71384894
 0.71140831
 0.70709238
 0.70622944
 0.70976469
  0.7151563
  0.7068135
 0.71613193
  0.7183486
 0.70921475
 0.70873651
 0.71267512
 0.71657874
 0.71465472
 0.72052831
 0.70509405
 0.71219085
 0.70377099
  0.7045644
  0.7006302
 0.70688346
  0.7047982
 0.70795635
 0.71929827
  0.7258341
 0.72835005
 0.73297103
 0.73090074
 0.72995136
 0.72938063
 0.72956519
 0.73587455
 0.73241675
 0.73722237
  0.7452174
 0.75397996
 0.75261847
 0.75067779
 0.76015122
 0.76565319
 0.74917965
 0.76040597
 0.75635365
 0.76877894
  0.7689927
 0.77160434
 0.77704459
  0.7721758
 0.77837861
 0.77616481
 0.78303227
 0.79044077
 0.77548652
 0.78397282
 0.78092982
 0.78954464
 0.79624671
 0.79363288
 0.79717309
 0.79341287
 0.79547492
 0.79316554
 0.78822584
 0.78002367
 0.77277038
 0.77454543
 0.78305824
 0.78964299
  0.7937904
 0.79039637
 0.79917571
 0.79635088
 0.79709824
 0.79875916
 0.79929413
 0.80146328
  0.8024043
 0.79661864
 0.79539188
  0.8026528
 0.80140553
 0.79748268
  0.7936988
 0.79788071
 0.79607085
 0.78985451
 0.79292547
 0.78918664
 0.78530587
 0.78372805
 0.78375261
 0.78814021
 0.78944138
 0.79254869
 0.79451976
 0.79659293
 0.79875756
 0.79867996
 0.79481689
 0.79373194
  0.7993258
 0.79705023
 0.79827946
 0.79943356
 0.80028426
 0.80187869
 0.80144454
 0.80358073
 0.80452386
 0.80656395
 0.80964332
 0.81051217
 0.80996514
 0.80909489
 0.81056201
 0.81366531
 0.81151759
 0.81000518
 0.80969877
 0.80317983
 0.80143995
 0.79375012
 0.79110098
 0.79265117
 0.79340886
 0.80174437
  0.8010516
 0.80338826
 0.80315079
 0.80225089
 0.79985007
 0.80319299
 0.80209676
 0.79564207
  0.7930009
 0.78490097
 0.78963775
 0.79453826
  0.7990969
 0.79753767
 0.79246602
 0.79647686
 0.79478231
 0.78972666
 0.79074882
 0.79105852
 0.79068898
 0.79367694
 0.79482792
 0.80456471
  0.8035652
 0.80249313
 0.79909878
 0.79445523
 0.80351662
 0.79927388
 0.80060031
 0.80651068
  0.8071556
 0.80221746
 0.80406593
 0.80278938
 0.79227585
 0.79226835
 0.79572091
 0.79477384
 0.79499565
 0.79409533
  0.7931066
 0.79065547
 0.78519914
 0.78516348
 0.79321775
 0.79272899
 0.79062153
 0.78890973
 0.79262891
  0.7990152
 0.80583559
 0.80448908
 0.80375141
 0.79952632
 0.79980985
 0.80113194
 0.79865962
 0.80347331
 0.81824552
 0.81641773
 0.81573888
 0.81113949
 0.80650238
 0.81026851
 0.80760015
 0.81182835
 0.81202336
 0.81572093
 0.81298167
  0.8212867
 0.81678934
 0.82425141
 0.83055764
 0.81877427
 0.82446112
 0.82267673
 0.82422365
 0.82285514
 0.82690798
  0.8313531
 0.82610644
 0.82874479
 0.83341171
 0.83406482
 0.83261199
 0.83340662
  0.8207961
  0.8395626
 0.83718324
 0.84667952
 0.84675267
 0.84144811
  0.8484454
   0.840281
 0.84595679
 0.84240846
 0.84379216
 0.83977902
 0.84302187
 0.83757699
 0.83648491
 0.83433011
 0.84806139
  0.8508044
 0.85109173
 0.85360975
 0.85695859
 0.85281534
 0.84980409
  0.8529511
 0.84298676
 0.84622719
 0.83643008
 0.83327925
 0.83801412
   0.841465
 0.83391179
 0.83093495
 0.82701482
 0.84307353
 0.83244438
 0.83880407
 0.83431098
 0.83149915
 0.83000744
 0.83714863
 0.83193262
 0.82720362
 0.82392186
 0.82313776
 0.82101328
   0.823586
   0.818849
  0.8319565
 0.82370055
 0.82512325
 0.83199703
 0.82356769
 0.82737035
 0.82689259
 0.82322611
 0.81925926
  0.8193253
 0.81616615
 0.81825977
 0.81943064
 0.81786803
 0.81969021
 0.83156574
 0.82630164
 0.82996345
 0.83208608
 0.81619516
  0.8204258
 0.81550442
 0.81657036
  0.8235566
 0.82221376
 0.82288624
 0.83193974
 0.82447794
 0.82088693
 0.81242981
 0.81063274
 0.80684414
 0.79486653
 0.79844731
 0.80362278
 0.79795828
 0.80502531
 0.81048897
 0.80448456
 0.81025847
 0.81103464
 0.81020596
 0.80921045
 0.80932927
 0.81301894
 0.81837016
 0.82907598
 0.83267409
 0.83554111
 0.82479175
 0.82804083
 0.81366048
 0.82793015
 0.82223853
 0.82417321
 0.82629053
 0.80832523
 0.82415232
 0.82043937
  0.8103294
 0.80986257
  0.8145338
 0.82581114
 0.82036286
 0.81538111
 0.82030274
 0.81004881
 0.80831381
 0.82335476
 0.81726363
 0.83279036
 0.82192165
 0.83675014
 0.83095879
 0.83147806
 0.82291057
  0.8311738
 0.82889681
 0.82895304
 0.82610382
 0.83281132
 0.83533323
 0.83087349
 0.83302994
 0.83734371
 0.83346953
 0.83720938
 0.83805116
 0.84035978
 0.83309173
 0.82929296
 0.83088647
 0.83391428
 0.83082257
 0.82656093
 0.82893595
 0.83382592
 0.83093685
 0.82367231
 0.82123338
 0.82628805
 0.82492893
 0.82171314
  0.8254183
 0.82257235
 0.82259576
 0.82188633
 0.82396291
  0.8237406
 0.82688213
 0.82284193
 0.81913701
  0.8147365
 0.82046796
 0.82889266
 0.82727568
 0.83270981
 0.82959114
 0.83533992
 0.83431667
 0.83154008
 0.83063097
 0.82941558
  0.8274434
 0.82799696
 0.82314783
 0.83054997
 0.83367269
 0.83378095
 0.82583207
 0.81996978
 0.81560368
 0.80416437
 0.80792933
 0.81623916
 0.82259881
 0.82302973
 0.81961568
 0.81868878
  0.8132093
 0.81445523
 0.80159226
 0.81158243
 0.82170122
 0.82320371
 0.82393812
 0.81946193
 0.80007732
 0.81363008
 0.80841223
 0.81358515
 0.81424561
 0.80338259
 0.80848223
 0.80410253
 0.79719004
 0.79500138
 0.79288742
 0.79665341
 0.80087694
 0.79189672
 0.77893095
 0.78820228
 0.78906006
 0.78487266
 0.77347459
  0.7756972
 0.77227093
 0.77182302
 0.78086606
  0.7684919
 0.76468322
 0.76588556
 0.76014101
 0.76494765
 0.77112727
 0.77447049
 0.76811298
 0.75045587
 0.77221904
 0.75414755
 0.76582158
 0.74984231
 0.73595148
  0.7491188
 0.74736583
 0.74438314
 0.73759584
 0.74610666
 0.74242304
 0.74390091
 0.74988966
 0.74275347
  0.7435946
 0.74144604
 0.73976487
 0.73380609
 0.74132227
 0.73459651
 0.74377702
 0.74996943
 0.73819987
 0.74879862
 0.74860663
 0.74579046
 0.74389335
 0.74520665
 0.74379769
 0.74816418
 0.74626719
 0.74398193
 0.74276145
 0.74018832
 0.73678961
 0.73370831
 0.73919404
 0.73463545
 0.73909275
 0.73411064
 0.73434155
 0.73748489
 0.73752789
 0.74156593
 0.73858141
 0.73537041
 0.73341797
 0.72656133
 0.72803454
 0.72830245
 0.72424701
  0.7283348
 0.72207784
 0.72628949
 0.71943753
 0.71315417
 0.71251764
 0.71482934
 0.71754023
 0.71623824
 0.71155121
 0.70699301
 0.70825318
 0.70896135
 0.70624698
 0.71063183
 0.70539792
 0.71117301
 0.70916286
 0.71211847
  0.7141749
 0.71208327
 0.70796929
 0.71302676
 0.71112088
 0.71151502
 0.72057011
 0.72058402
 0.72207246
 0.71875825
 0.72072406
 0.72415786
 0.73213579
 0.72882837
 0.73472015
 0.73199136
 0.72691637
 0.72461467
 0.72644833
 0.72869669
 0.72777348
 0.73448478
 0.73075048
 0.73103702
 0.73109394
 0.72793185
 0.72928105
 0.72218357
 0.72968753
 0.72981742
 0.73316118
 0.73188634
 0.72946379
   0.737211
 0.73857936
 0.73651475
 0.73315523
 0.73527825
 0.73346964
 0.73865526
 0.73572058
 0.73492323
 0.73460332
 0.72596857
  0.7318658
 0.73524333
 0.73650836
 0.73504816
 0.73876094
 0.72856575
 0.72739377
 0.72605563
  0.7218939
 0.70349688
 0.71568766
 0.71328648
  0.7064218
 0.71138293
 0.70089181
 0.71041064
 0.71420137
 0.71312387
 0.72003058
 0.71697775
 0.71523071
 0.71528253
 0.71538005
  0.7040709
 0.70671043
 0.71021969
 0.71610083
 0.71543025
 0.71477222
 0.72013838
 0.72056928
 0.72086817
 0.71758492
 0.71852565
  0.7203962
 0.71763438
 0.71534242
 0.71305131
 0.72065298
 0.72017243
 0.71683345
 0.72000612
  0.7178153
 0.71475542
 0.71243165
 0.71291102
 0.70919294
 0.70618089
 0.70450992
 0.70338762
 0.69838928
 0.70116535
 0.71437161
  0.7136337
 0.70901585
 0.72377778
 0.71809788
 0.72715142
 0.71737843
 0.71962283
 0.72142098
 0.71922562
 0.72247273
 0.72749792
 0.71969495
 0.71569618
 0.72063032
 0.71648713
 0.71643134
 0.71358404
 0.71889083
 0.72381125
 0.72207828
 0.71586807
 0.71569492
 0.70859936
 0.71536447
 0.72066405
 0.72622303
 0.72720762
 0.72804136
  0.7279125
 0.73303451
 0.72965257
 0.72891594
 0.73134212
 0.73278082
 0.72821963
 0.73985715
 0.73790235
 0.74170993
 0.73735205
 0.73441166
 0.74172002
 0.73224717
 0.73867419
 0.73992573
 0.73984281
 0.73859072
 0.72966794
 0.72334103
 0.72666188
 0.72960124
 0.73264745
 0.72893052
 0.72900884
 0.73193718
 0.73496662
 0.72934174
 0.73062724
 0.72741825
 0.73768635
 0.73766311
 0.73802648
 0.74095246
 0.74319669
 0.73745292
 0.73851692
 0.72846113
 0.72891654
 0.73143651
 0.73376045
 0.73294371
 0.73103405
 0.72036464
 0.73095722
 0.72574667
 0.72407678
 0.73079808
 0.72826361
 0.72983554
 0.72915262
 0.72810662
 0.72793549
  0.7219334
 0.71794627
 0.72644918
 0.73287045
 0.72525963
 0.73555942
 0.74363591
 0.73999742
 0.74790479
 0.74250482
  0.7503422
 0.75119223
 0.74986506
 0.74959876
 0.75013455
 0.74321308
 0.73820383
  0.7439688
 0.74276582
 0.73565944
 0.73940502
 0.73424109
 0.74594982
  0.7478795
 0.75204748
 0.74907124
 0.74899927
 0.74732325
 0.76170337
 0.75945772
 0.76235308
 0.74895114
 0.74884883
 0.75159015
  0.7566789
 0.75065362
 0.75092847
 0.74339452
 0.74067479
 0.74641767
 0.74931565
 0.74671974
 0.75536053
 0.75665848
 0.75251232
 0.76170381
 0.76147101
 0.77710996
 0.76804172
 0.77691993
 0.77263144
 0.75981225
 0.75801026
 0.75102342
 0.74155897
   0.746584
 0.74969563
 0.75940035
 0.76835082
 0.76444617
 0.76957566
 0.76785528
 0.77034996
 0.76424464
 0.78064678
 0.77701359
 0.78136487
 0.78788915
 0.78155861
 0.78718265
 0.78329079
 0.77763443
 0.77904793
 0.77105189
  0.7681111
   0.766397
 0.77271913
  0.7662645
 0.76059717
 0.76525452
 0.76410103
 0.76364802
 0.76664839
 0.76481311
 0.76731816
  0.7549366
 0.76041916
  0.7598539
 0.75507483
 0.75637731
 0.75178377
 0.74971376
 0.75300614
 0.75858811
  0.7573602
 0.75434866
 0.75453402
 0.75577754
 0.75875399
 0.76028182
 0.75632643
 0.75150092
 0.75148699
   0.754023
 0.75694373
 0.75326097
 0.74263769
 0.74692621
 0.75507058
 0.76326263
 0.76414538
 0.76019439
 0.75259521
 0.75644126
 0.75582735
 0.75996291
 0.76020069
 0.75376696
 0.75215764
 0.75060238
 0.74816422
  0.7546032
 0.74961434
 0.75531355
 0.76433057
 0.76799961
 0.76937332
 0.76668772
 0.76834716
 0.76404065
 0.76420121
 0.76429304
 0.77112672
 0.77972134
 0.78088556
 0.77740359
 0.78284441
 0.77961057
 0.78278927
 0.78336837
 0.78828913
 0.77998599
  0.7862041
 0.79499912
 0.78664039
 0.78764751
 0.77907149
 0.78613578
 0.78766986
 0.78869345
 0.79903807
 0.79172835
 0.80329753
 0.79452007
 0.79592433
 0.79223616
 0.78899491
 0.79067944
 0.79507299
 0.79616973
 0.79036349
 0.79741433
 0.80687914
 0.80832937
 0.80139997
 0.80686743
 0.80029434
 0.80270255
 0.80240104
 0.80659962
  0.8065982
 0.80202882
 0.80434836
 0.80404456
 0.80294234
 0.80629393
 0.81257997
 0.80554182
 0.79758455
 0.79881417
 0.79674352
 0.80317442
 0.80223279
 0.80136358
 0.79494472
 0.79805082
 0.80183515
 0.80495603
 0.80639422
 0.80680482
 0.79623949
 0.79665908
  0.7921517
 0.78087251
 0.78737451
 0.79292505
 0.79741968
 0.80549493
 0.81237407
 0.80963387
 0.81045483
 0.80517027
 0.80934859
 0.80376459
 0.80606308
 0.81478021
 0.80813714
 0.81207471
 0.80964272
  0.8069957
 0.80735472
 0.80527655
 0.80529653
 0.81644277
 0.81950672
 0.82055435
 0.81461193
  0.8098772
 0.81922205
 0.81791196
 0.81124636
 0.81447581
 0.81181772
 0.81575195
 0.80547718
 0.81392359
 0.81478495
 0.81342807
 0.82201802
 0.81863199
  0.8167883
 0.82205512
 0.81717464
 0.81728707
 0.81731837
 0.82088958
  0.8178416
 0.82922453
 0.82855514
 0.83259178
 0.83131112
  0.8427027
 0.85336836
 0.84927704
 0.84477077
 0.84139714
 0.84244835
 0.84093382
 0.83399988
 0.83342496
 0.83374929
  0.8390174
 0.83109518
 0.82946488
  0.8281415
 0.83510903
 0.84208141
 0.84687032
 0.84889659
 0.83933603
 0.83894776
 0.82855035
 0.82157165
 0.83043836
 0.82872729
 0.82710926
 0.83459223
 0.83109296
 0.83638173
 0.83007505
 0.82063475
 0.82299424
 0.83205327
 0.82369581
 0.82863431
 0.83626139
 0.83710545
 0.83455355
 0.84603523
 0.84182315
 0.84503025
 0.84743063
 0.85120516
 0.85364358
 0.85529008
 0.85722333
 0.85530699
 0.85361038
 0.85247847
 0.85826293
   0.859005
 0.86954512
 0.86747948
 0.86972384
 0.86440251
 0.86190717
 0.85707518
 0.85400792
 0.85501239
 0.85971593
 0.85429003
 0.85050537
 0.85164072
 0.85142072
 0.85295336
 0.85053293
 0.84585388
 0.84655197
 0.84406239
 0.85562036
 0.84648282
 0.84766264
 0.85282064
 0.85111704
 0.85375245
 0.85582652
 0.83940663
 0.83584827
 0.83718502
 0.83299485
 0.82511447
 0.82738843
 0.83443681
 0.84186677
  0.8350274
 0.82793851
 0.83004003
 0.82338288
 0.82632575
 0.82821276
 0.82854256
 0.82299361
 0.82454436
 0.82032668
 0.81589461
 0.81297374
 0.81084333
 0.80817855
 0.81131213
 0.80971135
 0.80941965
 0.81320192
 0.80765974
 0.80616463
 0.79781438
 0.79833866
 0.79814613
 0.80384083
 0.81599141
 0.80764026
  0.8065444
 0.80583551
 0.80291332
 0.80907262
 0.81649476
 0.81954624
 0.81855218
 0.81766768
 0.82421482
 0.82495037
 0.82177271
 0.81584621
 0.81830349
 0.81879538
 0.82105855
 0.81511702
 0.81976563
 0.81798088
 0.82789909
 0.83393185
 0.82811154
 0.81857367
 0.81939112
 0.82122379
 0.81812775
 0.81386929
 0.82585119
 0.82097559
 0.81728502
 0.82706157
 0.82269473
 0.82490794
 0.82333505
 0.81802369
  0.8189531
 0.81974707
 0.82067886
 0.81951949
 0.81945761
 0.82620861
 0.82715523
 0.82332911
 0.82486292
 0.82049836
 0.80963382
 0.81461681
   0.825126
 0.82074091
 0.82013704
 0.81777401
 0.82000085
 0.82534634
 0.82294482
  0.8247138
 0.81986876
 0.82274106
 0.81709542
 0.81386886
 0.81283971
 0.80818278
 0.81409302
 0.80559105
 0.79623506
 0.79188315
 0.79707346
 0.78514609
 0.77979379
 0.76976157
 0.77576439
 0.76190288
 0.77507657
 0.77706117
 0.77808597
 0.78938466
 0.79444783
 0.79487392
 0.79853246
 0.80378232
 0.80843129
 0.81316845
 0.80827896
 0.80664677
 0.80796702
  0.8134767
 0.81537758
 0.81557274
 0.81191585
 0.80487865
 0.80946277
 0.81315547
 0.81104948
 0.80128321
 0.80369639
 0.80168985
 0.80458337
 0.80245239
 0.79671168
 0.79428628
  0.7943711
 0.78874231
 0.78587194
 0.78903731
 0.79335038
 0.78541454
 0.78474044
 0.78689796
 0.78281158
 0.78620394
 0.78183584
 0.77789013
 0.79038217
 0.80803582
 0.81326436
 0.80993279
 0.81937138
  0.8229853
 0.82426332
  0.8176398
 0.82300694
 0.82125521
 0.82829128
 0.82264805
 0.82567025
 0.82026803
 0.82751553
 0.82915041
 0.83960547
 0.83978692
 0.83949226
 0.83907815
 0.83741139
 0.84653644
 0.84568427
 0.85470233
 0.86099308
 0.85439445
 0.85453393
 0.85694846
 0.85449752
 0.85572563
 0.85569453
   0.856742
 0.85083724
 0.85393612
 0.84630895
 0.85435033
 0.84828864
 0.84621027
 0.84899942
 0.85245272
 0.85218619
 0.85384622
 0.85780389
 0.84810446
 0.86310848
 0.85995294
 0.86248566
 0.86435563
 0.86335293
 0.87362261
 0.86146346
 0.86136293
  0.8536578
 0.86243157
 0.86264707
 0.86507814
 0.86841534
 0.86479255
 0.86100453
 0.86198801
 0.86477951
 0.86530868
 0.87050534
 0.87212562
 0.86826672
 0.87314974
 0.86177202
 0.86859546
 0.86350029
 0.86503056
 0.86655661
 0.86689832
 0.86410396
 0.86499026
 0.86348084
 0.86394121
  0.8630963
 0.86836571
 0.86413726
 0.86456302
 0.86571331
  0.8638908
  0.8670609
 0.87038055
 0.86185408
 0.87133442
 0.86360748
 0.86470488
 0.85715112
 0.85986352
 0.85915433
 0.86796699
 0.86316102
 0.86804896
 0.87144277
 0.87391594
 0.87505644
 0.88231185
 0.87463344
 0.88071459
 0.88036365
  0.8873208
 0.88632242
 0.88774315
  0.8845848
 0.89016101
 0.89003768
 0.88737619
 0.88512224
 0.89044626
 0.89258079
 0.89263791
 0.89179996
 0.89255143
 0.89479973
 0.89450859
 0.88848819
 0.88902232
 0.88466709
 0.88652054
 0.88590566
 0.88390171
 0.88399142
 0.88635165
 0.88639233
 0.87138088
 0.87234916
  0.8667206
 0.86236809
 0.86199143
 0.86247056
 0.85992084
 0.85901448
 0.86119294
 0.85768522
 0.86368268
 0.86999272
 0.87141931
 0.87536341
 0.87897095
 0.88969338
 0.89684026
 0.89777998
 0.90023922
 0.89608108
 0.89732258
 0.90081576
 0.89918614
 0.89850147
 0.89613848
 0.88926877
 0.88760739
 0.87650781
 0.87953432
  0.8812959
 0.87072624
 0.86861308
 0.86817388
 0.86480416
 0.87347346
 0.87176246
 0.87258993
 0.87641177
 0.87637178
 0.87066163
 0.86815663
 0.87442149
  0.8866848
 0.88703444
 0.88476694
 0.88483493
 0.88241245
 0.87866392
 0.88286619
 0.88005485
   0.879649
 0.87760169
   0.876771
  0.8631131
  0.8682647
  0.8676185
 0.86926309
 0.87221014
 0.87067263
 0.87076652
 0.86505653
 0.86234208
 0.85382315
 0.85061341
 0.84580075
 0.85681038
  0.8452286
  0.8368145
  0.8383275
 0.85009228
 0.85237222
 0.86020855
 0.85846875
 0.85715626
 0.85179371
 0.85670763
 0.84880753
 0.84908673
 0.84828062
 0.84493585
 0.84424064
 0.84547648
 0.84605792
 0.84629281
 0.85492598
 0.85278448
 0.85915889
 0.86361607
 0.86663095
 0.88232903
 0.87334559
 0.87934467
 0.87892156
 0.87629092
 0.87697955
 0.87914857
 0.88171958
  0.8794927
 0.87888936
 0.88049827
  0.8800122
 0.88143703
 0.88347521
 0.88483142
 0.88894646
 0.89010485
 0.89455907
 0.88685076
 0.88400721
 0.88673627
 0.88874058
 0.88308876
 0.87808643
  0.8772185
 0.87511852
 0.88061607
 0.87713769
 0.88022186
 0.88591879
 0.87588174
 0.87393246
  0.8766527
   0.877291
    0.87886
 0.88018525
 0.87744175
  0.8801772
  0.8756653
 0.87505351
 0.87741596
 0.88088404
 0.87921672
 0.87786658
 0.87673663
 0.88192553
 0.88104694
 0.88191324
  0.8783209
 0.87809627
 0.87102457
 0.87915885
 0.88141973
 0.88557828
 0.88386759
 0.88571758
 0.88130933
 0.87877949
 0.87512173
 0.87658642
 0.87324605
 0.87948831
  0.8818878
 0.88237057
 0.87675633
 0.88288296
 0.88594713
 0.88771422
 0.88200552
  0.8849826
 0.88382432
 0.88491094
 0.88822166
 0.88491991
 0.88401036
 0.88521448
 0.87847753
 0.88623543
 0.89120313
 0.89355321
 0.89443011
 0.89722505
 0.90032064
 0.90161035
 0.90102895
 0.90590565
 0.90494087
 0.89935319
 0.89889286
 0.89521989
 0.89396716
 0.89536105
 0.89387997
  0.8988626
  0.8977009
 0.88950008
 0.89236724
 0.89126299
 0.89355332
 0.88833205
 0.89161117
 0.89357266
 0.89599541
 0.89795263
 0.89411929
 0.89042012
 0.88505023
 0.87829503
 0.87744283
 0.88705429
 0.88781404
 0.88589553
 0.88200108
 0.88484349
  0.8781823
 0.88273581
 0.88214178
 0.88352583
 0.87794976
 0.88001743
 0.87742622
 0.87272582
 0.87366553
   0.870251
 0.85719175
 0.87255303
 0.85820784
 0.86965518
 0.86833957
 0.86790327
 0.87113582
 0.87814293
 0.87470905
 0.86475516
 0.87218483
 0.86923392
 0.86527167
 0.86366833
 0.85269849
 0.85892872
 0.86451525
 0.87141271
 0.86184267
 0.85683223
  0.8504225
 0.83642345
 0.83839173
  0.8505395
 0.85296541
 0.84692407
 0.85296301
 0.85795222
 0.85441021
 0.85499453
 0.84585597
 0.85120663
 0.84441823
 0.85407248
 0.85678387
  0.8581143
 0.85802148
 0.84995111
 0.84760428
 0.84460754
 0.84612209
 0.84545808
 0.84839569
 0.85996513
 0.86136368
 0.86097681
 0.85632518
 0.86101635
 0.86124225
 0.86114931
 0.85763912
 0.86699435
 0.85655643
 0.85524865
 0.85379819
 0.85858118
  0.8695897
 0.86702754
 0.86546553
 0.87046129
 0.86940599
 0.86512099
 0.86952919
 0.86937766
 0.87104382
 0.86868883
 0.86722404
 0.86756828
 0.86065013
 0.85954421
 0.86516324
 0.85877754
 0.85398695
 0.85239836
 0.85177903
 0.84997974
 0.84963221
 0.85102638
 0.85160536
    0.85096
 0.84889215
 0.85225463
 0.85481155
 0.85698767
 0.85679933
 0.85608806
 0.85433949
 0.84949005
  0.8520005
 0.85222345
 0.85071099
 0.85169106
 0.85837431
 0.86142923
 0.85927386
 0.85768711
  0.8588452
 0.85800349
 0.86012579
 0.85996047
 0.85599305
 0.85369101
 0.86200012
 0.86331101
 0.86106315
 0.86164735
 0.85791522
 0.85149005
 0.85601426
 0.85319804
 0.86030845
 0.85804127
 0.86208453
 0.86280425
 0.86337055
 0.86402214
 0.85613584
 0.85660747
 0.85413823
 0.85130492
  0.8596612
 0.85477026
 0.85700643
 0.85830133
 0.85517801
 0.85777136
 0.86145508
 0.86362862
   0.864152
 0.86501026
 0.86299712
 0.86086355
 0.85845463
 0.85457881
 0.84862528
 0.84781229
  0.8510697
 0.84813386
 0.85436149
 0.85359714
 0.85409668
  0.8528871
 0.85663562
 0.85080961
 0.85317075
 0.85068286
 0.85062128
 0.85066823
 0.85151926
 0.84790416
 0.85660927
   0.864365
 0.86351519
 0.86154267
 0.86371432
 0.87039008
 0.87367558
 0.87339692
 0.87926815
  0.8850605
  0.8838192
 0.88039302
 0.87822149
 0.87458037
 0.86642266
 0.86555575
  0.8664618
 0.86481823
 0.86102871
 0.87187414
 0.86878923
 0.87814458
 0.87430559
 0.87615468
   0.863804
 0.86345916
 0.85821555
 0.84938381
 0.84314024
 0.84736966
 0.85370595
 0.84573722
 0.84544368
 0.84383361
 0.84870944
 0.84352446
 0.84968359
 0.84887633
 0.84317636
 0.84750214
 0.85416542
 0.85124565
 0.84816559
 0.85728453
  0.8534246
  0.8544074
 0.86025772
 0.85353639
 0.85244946
 0.84546425
 0.84373524
 0.84250343
 0.83895837
 0.83585143
 0.84263622
 0.83684529
 0.83903726
 0.83803509
 0.84168273
 0.84384861
  0.8498063
 0.84893079
 0.84464164
 0.84976058
 0.85270388
 0.85407043
 0.84987242
 0.85127545
 0.85028613
 0.84931345
 0.84783047
 0.85369473
  0.8547166
 0.87013424
 0.86820343
 0.86863657
 0.86932456
 0.86094685
 0.85456934
 0.84843452
  0.8495588
 0.85795391
 0.86797858
  0.8675031
 0.87318639
  0.8803101
 0.88026969
 0.87940201
 0.87953039
 0.88026888
 0.88957706
 0.88213369
 0.87711019
 0.87491207
 0.87469108
 0.87391272
 0.86242297
 0.87177424
 0.86813109
 0.86910299
 0.86457856
 0.86951669
 0.86800082
 0.86555768
 0.86431519
 0.86995579
 0.86910231
 0.86920743
 0.87114723
 0.86729408
 0.86470726
 0.85006401
 0.85112067
 0.85352851
 0.85078447
 0.84850855
  0.8450135
 0.84879294
 0.84587699
 0.85130441
 0.84225614
 0.84915406
 0.85149759
 0.85305156
 0.85806261
 0.84301717
 0.84056568
 0.84302166
  0.8350209
 0.83315599
 0.83450238
 0.81767616
 0.83222696
 0.82168452
 0.83023888
 0.84265044
 0.84609576
  0.8460209
 0.84218894
 0.83005721
 0.83103376
 0.82882206
 0.83001098
 0.83476326
 0.82979187
 0.83031105
 0.84011847
 0.83253845
 0.84437685
 0.84291058
 0.85556227
 0.85863272
 0.85082815
 0.85600863
 0.85882507
 0.85479297
 0.85219319
 0.85541031
 0.85263044
 0.85624991
 0.86043343
 0.85646291
 0.84831241
 0.85875524
 0.84888005
 0.85872002
 0.85779034
 0.85981182
 0.85628197
 0.85841504
 0.85237397
 0.85260682
 0.85712862
 0.85139558
 0.85055837
 0.85179978
 0.85496343
 0.85255637
 0.85533825
 0.85268044
 0.84890597
 0.84687577
 0.84679533
 0.83532503
 0.84529569
  0.8304634
 0.84516756
 0.84249187
 0.83784683
 0.83645562
 0.83428048
 0.83288157
 0.82359783
 0.82281299
  0.8299362
 0.83390678
 0.82594256
 0.81618827
 0.82316812
 0.82066762
 0.81897538
 0.83425405
 0.82966442
 0.82298777
 0.82961911
 0.83567915
 0.81923915
 0.82246481
 0.81440496
 0.81617703
 0.81216135
 0.82552637
 0.81334041
 0.81222292
 0.81117001
 0.81709338
 0.81547519
 0.82268626
 0.82393054
   0.823271
 0.82512367
 0.82995409
 0.82390716
 0.82108286
 0.81331471
  0.8106848
 0.82357192
 0.81527668
  0.8100447
 0.82058074
 0.81515938
 0.81440192
 0.80437485
 0.82026706
 0.82534742
 0.82535562
 0.83210788
 0.82637133
 0.83094406
 0.83946584
 0.82884803
 0.84497179
  0.8479567
  0.8429086
 0.83472554
 0.83056691
 0.83319055
  0.8311778
 0.83447835
 0.84594675
  0.8534966
 0.84963931
  0.8376833
 0.83750681
 0.85187099
 0.84357394
 0.85379244
 0.85324493
 0.85559763
 0.85189278
 0.85364499
 0.84920719
 0.85637937
 0.85153699
 0.84661829
  0.8565802
 0.85855257
 0.85547236
 0.86033958
 0.86868699
 0.87038548
 0.86052482
  0.8459803
 0.85570805
 0.83467377
 0.84509775
 0.84396457
 0.85126265
 0.84709093
 0.85692931
 0.84810998
 0.84765534
 0.85554168
 0.84409138
 0.85609134
 0.85700254
 0.86140288
 0.83900259
 0.84947936
 0.85476908
 0.85788897
 0.85191238
 0.86360565
 0.87097643
 0.87426818
 0.87182026
 0.87828173
 0.87072087
 0.87920142
 0.87014327
 0.85881751
 0.86019777
 0.85414017
 0.85740722
  0.8538007
 0.85662702
 0.83377407
 0.83821484
 0.83848585
 0.84218377
 0.85991753
  0.8556068
  0.8615957
 0.85494943
 0.85766918
 0.84632598
 0.83422617
 0.82614579
 0.83763898
  0.8382452
 0.83979003
 0.84799964
 0.84764777
 0.83985258
 0.84105942
 0.84541197
 0.84034957
 0.84700947
 0.82901353
 0.83375102
 0.83070652
 0.82692664
 0.82870759
 0.82916943
 0.82507332
 0.81887581
 0.81451995
 0.83689487
 0.83593767
 0.83950083
 0.82618668
 0.83215465
 0.84305084
 0.84005353
 0.84400351
 0.84699653
  0.8364165
 0.84575026
 0.83785333
 0.82649427
 0.83023489
  0.8359103
 0.83079052
 0.83245335
 0.83054737
 0.83016872
 0.83353154
 0.83508823
 0.83884969
 0.83634933
 0.83500289
 0.83918042
 0.83969854
 0.83680128
 0.83192886
 0.83136377
 0.83258177
 0.82885271
 0.83411833
 0.83135925
 0.83438671
 0.83160191
 0.83120944
 0.82534411
 0.82773848
 0.83570885
 0.83549334
 0.83768128
 0.84722972
 0.85569469
 0.86157957
 0.85721787
 0.85641649
 0.85043385
 0.86143678
 0.83873868
 0.84483965
 0.84736327
 0.85583602
 0.86115261
 0.85870676
 0.85057131
 0.84317046
 0.83718365
 0.82698252
 0.82747203
 0.83248595
  0.8258351
 0.82308564
 0.81711513
 0.82701606
 0.82308831
 0.81585673
 0.82393653
 0.83160666
 0.83599955
 0.84223093
  0.8446758
 0.85093761
 0.84657647
 0.85439171
 0.85654273
 0.85453699
  0.8553821
  0.8506942
 0.85609804
 0.85049757
 0.84293719
 0.84542649
 0.83077515
 0.82772858
 0.82307149
 0.82976473
 0.83535114
 0.83343341
  0.8281204
 0.83099086
 0.82228293
 0.82732446
 0.83157678
 0.82602081
 0.82726819
 0.83599911
 0.83321549
 0.83219376
 0.83943941
 0.82587217
 0.82472972
 0.82656607
  0.8292573
 0.83645463
 0.84200515
 0.84476483
  0.8495097
 0.85416615
  0.8579675
 0.85111747
 0.84625581
 0.84050558
 0.85407544
 0.85217198
 0.85049514
 0.84300803
 0.84585574
 0.84168592
 0.84590678
 0.84677026
 0.84243426
 0.84229661
 0.84757411
 0.84615893
 0.83766273
 0.84614498
 0.84798987
 0.84825985
 0.84611095
 0.84483948
 0.84872541
 0.84203003
 0.83996998
 0.83746335
 0.83809426
 0.83571171
 0.83154564
 0.82984651
 0.82385315
 0.82558064
  0.8217774
 0.82779683
 0.82787274
 0.83283492
 0.83177016
 0.82832735
 0.83706139
 0.83285554
 0.82467796
 0.82964542
 0.82837753
 0.82638585
 0.83012587
 0.82682719
  0.8313594
  0.8324157
 0.83115884
 0.83370824
 0.84043142
 0.82990566
 0.82941019
 0.83729354
 0.83501373
 0.83424985
 0.83083954
 0.83916419
  0.8487684
 0.85610242
 0.85185703
 0.85686987
 0.86273772
 0.85790007
 0.86011505
 0.86493113
 0.85751747
 0.85675522
 0.85860696
 0.85680999
 0.86348408
 0.86149673
 0.86589165
 0.86381948
   0.863108
 0.85155417
 0.86330651
 0.85431179
 0.85959475
 0.85460889
 0.85709654
 0.85640751
 0.85424432
 0.85231404
 0.85864455
 0.85153895
  0.8544096
  0.8504339
 0.85260139
 0.85343652
 0.85360924
 0.85218623
 0.85771197
 0.86284921
 0.85521734
 0.85289969
 0.85476013
 0.85010909
 0.84830119
 0.84627024
 0.83388355
  0.8396658
 0.83066224
 0.83541775
 0.83196939
 0.83419803
 0.84093892
 0.83632529
 0.83455615
 0.83427436
 0.83480313
 0.83040931
 0.83518045
 0.82741013
 0.82874282
 0.82965831
 0.83139022
 0.83303557
 0.82681523
 0.83324174
 0.81654125
 0.81252681
  0.8175223
 0.82679477
 0.82505556
 0.80936542
 0.81591221
 0.81054943
  0.8097735
 0.81619792
 0.81070425
 0.80929353
 0.82355036
 0.82042325
 0.82703266
 0.82569716
  0.8291892
 0.82761469
 0.81500659
 0.81394071
 0.82346333
 0.82487848
  0.8233717
 0.81973415
 0.82025144
 0.81418704
 0.81494186
 0.80921753
 0.81198034
 0.81473879
 0.83204426
 0.81972365
 0.81818712
 0.81800864
 0.82932247
 0.82499073
 0.81736685
 0.82360745
  0.8271817
 0.83736107
 0.83530124
  0.8378913
 0.84000891
 0.84030341
 0.84144281
 0.83749573
 0.83204464
 0.83681378
   0.824935
 0.83083745
  0.8305305
 0.83586638
 0.83429839
 0.82411742
  0.8299732
 0.82267392
 0.81427974
 0.81443178
 0.81613273
 0.82137699
 0.81460339
 0.81798651
  0.8173212
 0.82045579
 0.82940775
  0.8184666
 0.82166892
 0.81631585
 0.82121248
 0.81219098
 0.80377704
 0.78995491
 0.79077761
 0.80456916
 0.80110887
 0.80619894
 0.80502036
 0.80047673
  0.7907349
 0.79677913
 0.79638488
 0.79559836
 0.79532087
 0.79399609
 0.79475923
 0.78460126
 0.78491066
 0.78616312
 0.78988908
 0.79611246
 0.79577746
 0.79202627
 0.79678499
 0.79844999
 0.79786387
 0.79672801
 0.79959987
 0.79922603
 0.79744421
 0.79804625
 0.79997898
 0.80804681
 0.80595904
 0.80502463
   0.805811
 0.80379377
 0.80333254
 0.80569745
  0.8058235
  0.8038446
 0.80451106
 0.80699819
 0.80910899
 0.80922881
 0.80673183
 0.80647244
 0.80648058
 0.80446035
 0.80698447
 0.80709789
 0.80354895
 0.80173281
 0.80115736
  0.7960503
 0.79639135
  0.8003999
 0.79430821
 0.79257538
 0.79674283
 0.80236183
 0.80831397
 0.80744392
 0.80909138
 0.80583332
 0.81463807
 0.81050333
 0.80519487
 0.80638119
 0.81162937
 0.81108245
  0.8152113
 0.81987612
 0.81957982
 0.81368346
 0.81066604
 0.80650392
 0.80719385
 0.80019561
 0.80650613
 0.81002787
 0.80500335
 0.80374523
  0.8053264
   0.803899
 0.80066538
 0.79849097
 0.79326136
 0.78969565
 0.78788703
 0.78489406
 0.78491358
 0.79330875
 0.79961162
 0.79836384
 0.80123798
 0.80107455
 0.80195705
 0.80292888
 0.80634736
 0.80584617
 0.80432692
 0.80536143
 0.80717581
 0.79965422
 0.79896558
  0.8070832
 0.81437647
 0.81526804
 0.81408319
 0.81210712
 0.81160821
 0.81640036
 0.81220965
  0.8103393
 0.80312122
 0.79683492
 0.79827732
 0.79796293
  0.8016217
 0.79135246
 0.79548947
 0.79444051
 0.79486642
 0.79630246
 0.80164583
 0.80122626
  0.8033662
 0.80292637
 0.80446874
 0.80875988
 0.80343451
 0.81176069
 0.81475033
 0.81325886
 0.81463095
 0.81447335
 0.82010984
 0.82065156
 0.81711546
 0.81406154
   0.819535
 0.82238447
  0.8194842
 0.81856747
   0.819447
 0.81249143
 0.80996804
 0.81010124
 0.80258595
 0.80572931
 0.81948657
 0.81915786
 0.82535142
 0.82523059
 0.82632373
 0.82633562
 0.82615955
 0.82609322
 0.82687059
 0.82746106
 0.82482486
 0.82297142
 0.82986482
 0.82633077
 0.82563813
 0.82751767
 0.82722724
  0.8268685
 0.81811214
 0.81378946
 0.82104504
 0.81767486
 0.81289732
 0.80905555
 0.81441115
 0.81532016
 0.82008344
 0.82073176
 0.81903265
 0.82367522
 0.82204014
 0.82512277
 0.82752398
 0.83412572
 0.83153805
 0.83205314
 0.82956153
 0.82855102
 0.83451065
 0.83424913
 0.83033025
 0.83064674
 0.82708561
 0.82738574
 0.82702439
 0.82155646
 0.82266816
 0.82314084
 0.82280127
 0.82667395
 0.82644414
 0.82858753
 0.82933776
 0.83198739
 0.82710195
 0.82323389
 0.81621898
 0.81851599
 0.81709062
 0.81642763
  0.8157917
 0.81417121
 0.81720663
  0.8122781
 0.80959158
 0.80733916
 0.81755683
  0.8220729
 0.82560543
 0.82221167
 0.82009952
 0.81810188
 0.81773082
 0.81831463
 0.81471426
 0.81156007
 0.80589318
 0.80623788
 0.80670624
 0.80487099
 0.79861343
 0.80303576
 0.80595694
 0.80544157
  0.8074239
 0.80944135
 0.81350445
 0.81089752
 0.81170459
 0.81182647
 0.81099616
  0.8108409
 0.80843446
 0.80272807
 0.79893309
  0.8034141
 0.81202578
  0.8195733
 0.82187254
  0.8212609
 0.82254544
 0.81992052
 0.81691735
 0.82198452
 0.81547391
 0.82364398
 0.83341791
 0.82606806
  0.8356526
  0.8437676
 0.84633065
 0.83653996
 0.84636594
  0.8394405
 0.83850547
 0.83982796
 0.84610792
 0.84585124
 0.84160892
 0.84129207
 0.83885708
 0.83629672
  0.8318403
 0.82703787
 0.82705488
 0.82477519
 0.83430004
 0.83440301
 0.83406514
 0.83823894
 0.84264108
  0.8461065
 0.84084243
 0.84871314
 0.84861743
 0.84672779
 0.85065693
 0.84011521
 0.84702643
 0.85304317
 0.85813611
 0.85701808
 0.85843091
 0.85807785
 0.85272117
 0.85515434
 0.85404156
 0.85378445
 0.85641238
 0.85877258
 0.85559535
 0.85916996
 0.85786642
 0.85696281
  0.8517904
 0.85561503
 0.84550632
 0.85327781
 0.85459353
 0.85962237
 0.86339793
 0.86883228
 0.86620156
 0.86570677
 0.86368422
 0.86290937
 0.86566965
 0.86314404
   0.856004
 0.86148088
 0.86137234
 0.85317025
 0.85588376
 0.86239543
 0.86827981
 0.87212252
 0.87398044
 0.87160144
  0.8687434
 0.87007875
 0.86980749
 0.87248963
 0.87393738
 0.87496147
 0.87968513
 0.87535392
 0.87942984
 0.87677087
 0.87762574
 0.88327441
 0.88104063
 0.88117747
 0.87996086
  0.8794388
 0.87115827
 0.87033597
 0.87042101
 0.86359058
 0.85091772
 0.86339505
 0.86559341
 0.86300131
 0.86150207
 0.84729023
 0.84474518
 0.85603821
 0.85548296
 0.84613171
 0.84881974
 0.84802064
 0.84406882
 0.84295643
 0.85185145
 0.84679249
 0.84697757
 0.85261949
 0.84303007
 0.85010556
 0.85113593
 0.85051044
 0.84867138
 0.85685758
  0.8558561
 0.86130805
 0.85592064
 0.85879845
 0.86255769
 0.86324531
 0.86197343
 0.85311876
 0.84931003
 0.85140292
 0.84773235
 0.84739863
 0.83913026
 0.84264498
 0.84562726
 0.84959765
 0.84452857
 0.84471858
 0.85084036
  0.8449196
 0.84889725
 0.84864319
 0.84513997
 0.84731356
 0.85553368
 0.84853054
 0.85511633
   0.856501
  0.8536045
 0.85298468
 0.84855793
 0.84245021
 0.83334704
 0.82730677
 0.83180348
 0.83515307
 0.83974386
 0.83856152
 0.83244444
 0.83841969
 0.84151355
 0.83831073
 0.83465534
 0.83379451
 0.83526257
 0.84220904
 0.84163052
 0.83017198
 0.82804481
 0.82339336
 0.82364494
  0.8255218
 0.81855357
  0.8113757
 0.81486559
 0.82409723
 0.81991301
 0.82498191
 0.82541543
 0.82871008
 0.82008344
 0.82482519
 0.82368359
  0.8263615
 0.83198011
 0.82908635
   0.834096
 0.83215043
 0.83302819
 0.83010812
 0.81714395
 0.81470696
 0.81606338
 0.82073062
 0.82045974
 0.82256445
  0.8225596
 0.81772055
 0.81862471
 0.81871015
 0.83440905
 0.83548328
 0.83891806
 0.83838269
 0.83442091
 0.83423042
 0.83127618
  0.8231867
 0.82313798
 0.82049782
 0.80813972
 0.81487966
 0.81629392
   0.807656
 0.80619639
 0.80006324
 0.80229023
 0.80749805
 0.81182342
 0.81132866
 0.82519492
 0.82977882
 0.82767792
 0.82747636
 0.83465389
 0.83306268
 0.83496929
 0.83700748
 0.83164211
 0.82548287
 0.82204308
 0.82592327
 0.82916785
  0.8260118
 0.82194854
 0.83192691
 0.83933807
  0.8435818
 0.84382719
 0.83846454
 0.82637031
 0.82136008
 0.81096854
 0.80451442
 0.81829831
 0.82612516
 0.82695509
 0.83198592
 0.84928606
 0.84963481
 0.85307717
 0.84923572
 0.84396387
 0.84287635
 0.84025383
 0.83837354
  0.8419647
 0.84599245
 0.84877697
 0.84891354
 0.85128393
  0.8502203
 0.84856933
  0.8475217
 0.85013599
 0.85417471
 0.85471245
 0.85432016
 0.85454732
 0.85409146
 0.85255028
 0.85303089
 0.85253161
 0.85220649
 0.85227288
  0.8508909
 0.84897955
 0.84783895
 0.85068329
 0.84794746
  0.8516076
 0.84848271
 0.84554896
 0.84095493
 0.84015392
 0.84105044
 0.83816425
 0.83869249
 0.84166126
 0.83966189
 0.83937012
 0.84772035
 0.84389806
  0.8505866
 0.84795896
 0.84985925
 0.85405432
 0.85473087
 0.85021341
 0.86514746
  0.8656467
 0.86006478
 0.86023126
 0.86152572
  0.8624107
 0.85652002
 0.85681746
 0.85082188
 0.85434178
 0.84062778
 0.84320252
 0.84637249
 0.85680919
 0.85545297
 0.86226592
 0.85722616
 0.86061461
  0.8585413
 0.86460556
 0.86349923
 0.86325698
  0.8649089
 0.85948346
 0.85806291
 0.85397826
  0.8511625
 0.84612137
 0.84600943
 0.84658752
 0.84780863
 0.84308324
 0.83688374
 0.83749834
  0.8381622
 0.84152513
 0.84703541
 0.84725936
 0.85068949
 0.85235296
 0.85705295
 0.86206705
 0.85829692
 0.85776807
 0.85207855
 0.85553107
 0.85060362
 0.85369988
 0.84960912
 0.85027893
  0.8484236
 0.84657193
 0.84198619
 0.84031046
  0.8384731
 0.83984807
 0.84316055
  0.8461747
 0.84445984
 0.85496612
 0.85105161
 0.85098118
 0.87077019
 0.87558715
 0.87628194
 0.87328691
  0.8690912
 0.86815888
 0.86541791
 0.87228987
 0.87834703
 0.87635483
 0.87423683
 0.87446319
 0.87298266
 0.86922653
 0.86606974
 0.86633322
 0.87431155
  0.8723866
 0.87044006
 0.86431364
 0.87048969
 0.86711919
 0.86690181
  0.8648458
 0.85546463
 0.84538717
 0.84589692
 0.84737415
   0.844005
 0.84786734
  0.8568886
 0.85648223
 0.85374156
 0.85108718
 0.85016946
 0.84772181
 0.84498932
 0.84404621
 0.84466545
 0.85035192
 0.85124437
 0.85349069
 0.85296175
 0.85298534
 0.85485906
 0.85198987
 0.85311676
 0.85335622
 0.85610189
 0.85533814
 0.85655854
 0.84894702
  0.8576099
 0.85155197
 0.85013902
 0.85103453
 0.84730673
 0.84916743
 0.85702249
 0.85625064
 0.86074234
 0.85187855
 0.85559855
 0.86120081
 0.86157813
 0.85492773
 0.85750568
 0.86100708
 0.86211435
 0.86505044
 0.86547666
 0.86784333
 0.86534604
 0.86170312
 0.85977761
 0.85506569
 0.85586468
 0.85845232
 0.86142724
 0.86505235
 0.86269983
 0.85869417
  0.8533712
  0.8536376
 0.85187529
 0.85287797
 0.85155485
 0.84937292
 0.84965003
 0.84875035
 0.85113408
 0.85660987
 0.85185472
 0.85612179
 0.85495345
 0.85863973
 0.85601888
 0.85656011
 0.85848426
 0.84821775
 0.84480602
 0.84387705
 0.83494784
 0.82240702
 0.83076304
 0.83054191
 0.83053166
 0.82347236
 0.83016587
 0.83967588
   0.838766
 0.83790201
 0.84650291
 0.85071102
 0.85062315
 0.84093652
 0.83747864
 0.83775619
 0.83889055
 0.83209596
 0.83608776
   0.836093
 0.83776558
 0.83366943
 0.83266914
  0.8289638
 0.83210954
 0.84137142
 0.84609443
 0.84704443
 0.85091831
 0.84492873
 0.84658824
 0.85015469
 0.85220706
 0.85471171
 0.85996342
 0.86523731
 0.86818563
 0.86515265
 0.86830881
 0.86484761
 0.86640152
 0.86882264
 0.86854705
 0.86443989
 0.86032219
 0.86085026
 0.85851573
 0.85723674
 0.86194596
 0.86466507
 0.85928757
 0.85914393
  0.8624024
 0.85440332
 0.85641097
 0.86942697
 0.87897918
 0.87301685
 0.87502367
  0.8790749
 0.88565565
 0.87771088
 0.88420142
 0.88485958
 0.89161227
 0.89310816
 0.88986579
 0.89163823
 0.89216435
 0.88784232
 0.88933912
 0.89486748
 0.88685348
  0.8884294
 0.88407264
 0.87853257
 0.87544724
 0.87959738
 0.87863054
 0.86849193
 0.86378906
 0.86686398
 0.86525237
 0.87241454
 0.87000844
 0.86813845
 0.87401092
 0.87441999
 0.87274206
 0.87435551
 0.85499002
 0.85495254
  0.8493554
 0.85613536
 0.86620629
 0.86510609
 0.86289584
 0.85939725
 0.85895149
 0.85649991
 0.84371096
  0.8487551
 0.84979472
 0.85334386
 0.84953904
 0.85177018
 0.86359988
 0.85835092
 0.85695777
 0.85375521
 0.84889239
  0.8524457
 0.84567302
 0.84201572
 0.84433211
 0.84956664
  0.8474093
 0.84826367
 0.85089155
 0.85342122
 0.86045236
 0.87116137
 0.87557541
 0.87519666
 0.88006465
    0.88126
 0.88422744
 0.88398875
 0.88241847
 0.89048626
 0.89467561
 0.89290897
 0.88795747
 0.88889248
 0.88166056
 0.88180155
 0.88201933
 0.88567489
 0.88266472
 0.87730544
 0.88376348
 0.87271133
  0.8590638
 0.85636197
 0.85759516
 0.87065773
 0.87610857
 0.88200419
 0.88304043
 0.88573347
 0.88675678
 0.89001171
 0.89769162
 0.89734519
 0.90404795
 0.90286849
 0.90269956
 0.90016817
 0.90273686
 0.89566053
 0.88781465
 0.88289042
 0.87990863
 0.88288951
 0.88217347
 0.87242246
 0.86580116
 0.87258804
 0.87681668
 0.87639286
   0.876592
 0.87267119
 0.87131072
  0.8707158
 0.87210056
 0.87103645
 0.87506242
 0.86974944
 0.86406377
 0.86045447
  0.8613402
 0.86647681
 0.86616968
 0.87316137
 0.86956164
 0.86817361
 0.87002006
 0.87512208
 0.88168728
 0.88428311
 0.87924458
 0.87875567
 0.87258439
 0.87094476
 0.87181158
 0.87021833
 0.87349491
 0.87486949
 0.86996874
 0.86456648
 0.86324563
 0.86646845
 0.86571299
 0.86274974
 0.85520514
 0.86677222
 0.87238413
 0.87192388
 0.87186405
 0.86817593
 0.87009389
  0.8640368
 0.86574419
 0.86993516
 0.87481457
 0.87850547
  0.8759019
 0.87610043
 0.88171429
 0.88446704
 0.88222072
 0.88228128
 0.88923695
 0.89016066
 0.88969809
 0.89347586
 0.89229707
 0.89020383
 0.88828457
 0.89020022
 0.89025556
 0.87958281
 0.88376422
 0.88772483
 0.89947883
 0.89755169
 0.90074209
  0.9001491
 0.90282883
 0.90318735
 0.90312262
 0.90206518
 0.90224737
 0.90100583
 0.89647618
 0.89604483
  0.8957163
 0.89059674
 0.89183112
 0.89301766
  0.8946723
 0.89851663
 0.89847498
 0.89975856
 0.89742188
 0.89811115
 0.89867353
 0.89898479
 0.89589463
 0.89284139
  0.8931015
 0.88927726
 0.89138462
 0.89451217
 0.89481127
 0.89671261
 0.89697482
 0.89316668
 0.89152429
 0.89529052
 0.89709239
 0.89994683
 0.90373675
 0.90683224
 0.90842055
 0.90457614
 0.89318053
 0.88900278
 0.89465383
 0.88989288
 0.89832886
 0.89680319
 0.89798569
  0.8974406
 0.90123119
 0.89860123
 0.90125514
 0.89776082
  0.9022919
 0.89857235
 0.90232447
 0.89713764
 0.89623226
 0.89300823
 0.88959939
 0.89193039
 0.89048786
 0.89682557
 0.90049273
 0.89928631
 0.89653671
 0.89359023
 0.89648051
 0.89651196
 0.90011461
 0.90164588
 0.89673837
 0.89394816
 0.89593542
 0.89352004
 0.90470452
 0.90073292
 0.90482142
 0.89150974
 0.88382768
 0.88712752
 0.88416368
 0.87687019
 0.87810725
 0.88926619
   0.896437
 0.89955494
 0.90377468
 0.90287817
    0.89906
 0.90386635
 0.90066012
 0.90377888
 0.89831676
  0.9034178
 0.90590823
 0.91403176
 0.91627953
 0.90937747
 0.90565352
 0.90184608
 0.90222335
 0.90483251
 0.89870153
 0.90271422
 0.89890528
 0.89248091
 0.90221788
 0.90321855
 0.90924792
 0.91213732
 0.91742122
 0.91780249
 0.92212707
 0.92212617
 0.91916702
 0.91401401
 0.91944998
 0.91725646
 0.91751184
 0.91841496
 0.91990758
 0.92728601
 0.92399193
 0.92757142
 0.92751015
 0.92954877
 0.93081801
 0.93289739
 0.92528616
  0.9124824
 0.91102589
 0.89368148
 0.89958838
 0.89416239
 0.89322968
 0.89361291
 0.89370276
 0.89676603
 0.89816124
 0.89195049
 0.89952701
 0.89597589
  0.8953429
 0.90688741
  0.9085635
 0.91345628
  0.9145929
 0.91540823
 0.92188241
 0.91803755
 0.91896023
  0.9222751
 0.92786884
 0.92595513
 0.92820059
 0.92720319
 0.93149382
   0.931397
 0.93023121
 0.93201203
 0.93115279
  0.9282495
 0.92929836
 0.92320639
 0.92375845
  0.9220227
 0.91779029
 0.91276583
 0.91409985
 0.91390628
 0.91293821
 0.90617926
 0.91358524
 0.90680996
 0.90886591
 0.91484009
 0.91827206
 0.91864078
 0.91825632
 0.91792309
 0.90741891
 0.90444202
 0.90432091
 0.90072699
 0.88984186
 0.88949525
 0.89037223
 0.89134226
 0.88906886
 0.88860167
 0.88839653
  0.8846337
 0.88391103
 0.88682033
 0.88853777
 0.88654304
 0.88827883
 0.88500554
 0.88296455
 0.88669902
 0.88010831
 0.87807251
 0.87686696
 0.87657695
 0.88127142
  0.8901248
 0.89713353
 0.89055823
 0.89412375
 0.88620784
 0.88662844
 0.88154302
 0.88094347
 0.87692241
 0.86437832
 0.87049889
 0.86978632
 0.86521875
 0.87038712
 0.87783016
 0.87306163
 0.85279039
 0.85386484
 0.86752505
  0.8675162
 0.86245077
 0.86448205
 0.86546691
 0.87344323
 0.86881904
 0.87265607
 0.86679298
 0.86246987
 0.85317881
 0.85137458
 0.84917984
   0.848697
 0.85619011
 0.85480853
 0.85098096
 0.84292464
 0.84001987
 0.84685055
 0.84108214
 0.85762483
 0.86166508
  0.8615708
 0.86255486
 0.86333383
 0.86202044
 0.86117189
 0.85974122
 0.85462942
 0.85725457
 0.85341006
 0.84919999
 0.85068178
 0.84816766
 0.83880404
 0.83397762
 0.82531197
 0.83017214
 0.84356999
 0.84381871
 0.83999987
 0.84727203
 0.85142934
 0.85166307
 0.85443359
 0.85767514
 0.86356337
 0.86273858
 0.85832507
 0.86246325
 0.86384089
 0.86103909
 0.87387906
 0.88060289
 0.88538288
 0.89025263
 0.88395756
 0.87917517
 0.87208947
 0.87861559
 0.87383686
 0.87822653
 0.88216466
 0.87947411
 0.87401355
 0.87190945
 0.87033647
 0.86934099
 0.86136326
 0.86623565
 0.87190611
 0.87389316
 0.87167877
 0.86280385
 0.86815458
 0.87311463
 0.87771945
 0.87453699
 0.88922791
 0.88690758
 0.88994316
 0.88539707
 0.88514269
 0.88445653
 0.88457005
  0.8855448
 0.88617566
 0.89024806
  0.8888405
 0.88944827
 0.88842407
 0.89373779
 0.89276899
 0.88980471
 0.88867607
 0.88639429
  0.8837345
  0.8777412
 0.87654334
 0.88120087
 0.86964221
 0.87660157
 0.87414829
 0.88191486
  0.8755429
 0.88028865
 0.88027035
 0.88190369
 0.88690503
 0.88397412
 0.86889497
 0.88011469
  0.8795663
  0.8835214
    0.88529
 0.88155516
 0.88790326
 0.88774768
 0.88976906
 0.89245242
 0.88965559
 0.89343215
 0.88624504
   0.891134
 0.88781768
 0.88749203
 0.89340113
 0.89384252
 0.89376242
 0.89218505
 0.89419158
 0.89154681
 0.89127562
 0.89277434
 0.88977206
 0.88944764
 0.88636173
  0.8937353
 0.88973417
 0.89508788
 0.88381026
  0.8933329
 0.89545059
 0.89760277
 0.89862937
 0.89412997
 0.89522029
   0.900642
 0.90028433
 0.90071878
 0.89939409
 0.89633394
  0.8936969
 0.89039184
 0.89815207
 0.89315816
 0.88924582
 0.88979779
 0.88842264
 0.88987661
 0.89004181
 0.89592616
 0.89206824
  0.8963333
 0.89675235
 0.89503625
  0.8961369
 0.89193455
 0.89241755
 0.88431299
 0.88405514
 0.88165123
   0.885097
 0.88110749
 0.88097284
 0.87788202
 0.88060409
 0.88251088
 0.88046139
 0.88799319
 0.88849714
  0.8921364
 0.89245253
 0.89205102
 0.89253157
 0.89389914
 0.89576864
  0.8907551
 0.88857307
 0.88779632
 0.88629962
 0.88499764
 0.89377788
 0.89286081
 0.89575122
 0.89478858
 0.89785051
 0.89370282
 0.89793183
 0.88994771
 0.88663379
 0.89022234
 0.88874841
 0.89679864
 0.89306083
  0.8967961
 0.89796051
 0.90729933
 0.90705664
 0.91034176
 0.90773638
  0.9109032
 0.90908368
 0.90956643
 0.90858589
 0.90939938
 0.90486864
 0.89300526
  0.8930987
 0.89420012
 0.89759668
 0.88731685
 0.89244166
 0.88425842
 0.86914104
 0.87289507
 0.87309812
  0.8751374
 0.87253203
 0.88194912
 0.88719599
 0.88957187
 0.88500194
 0.87730462
 0.87921675
 0.88409161
 0.87922828
 0.87161567
 0.86635537
 0.87130602
  0.8737694
 0.87152491
 0.87751296
 0.88092456
 0.87878351
 0.88178846
 0.87702793
 0.87720182
 0.88338716
 0.88936696
 0.89335487
 0.89612658
 0.89056333
  0.8940452
 0.88859908
 0.88587963
 0.87954118
 0.89248999
 0.89371344
 0.89168453
 0.89612368
 0.89720673
 0.89011267
 0.88111245
 0.88113819
 0.88177526
 0.87706772
 0.86920677
 0.86703591
 0.87291746
 0.88174422
 0.87931595
 0.88199742
 0.88412022
 0.88075438
 0.88036253
 0.86717082
 0.87057604
 0.87276065
 0.87902207
 0.88625064
 0.88354939
 0.88252992
 0.89059523
 0.88335559
 0.88786337
  0.8882915
 0.88773587
 0.88775701
   0.890209
 0.88986817
   0.893435
 0.89149278
 0.88871526
 0.89377447
 0.89105459
 0.89752566
  0.8914542
 0.88460931
 0.88472787
 0.88950787
 0.88222718
 0.88843767
 0.87929001
  0.8892018
 0.89012154
 0.88867117
 0.88723674
 0.89422864
 0.88538187
 0.88831078
 0.88271558
 0.88221662
 0.88915231
 0.88728358
  0.8807859
 0.87761156
 0.88703623
 0.88019828
 0.87762732
 0.87662414
 0.88599468
 0.88232582
 0.87983987
 0.88089273
 0.88933239
 0.88688982
  0.8892179
  0.8855544
 0.88252091
  0.8826017
 0.88112054
 0.88022648
 0.87902524
 0.88526512
 0.87797707
 0.87716345
 0.86833542
 0.87171555
 0.86716265
 0.87699511
 0.87938461
 0.87559868
 0.87955049
 0.88156164
 0.87901945
 0.87154595
 0.86930059
 0.87102178
 0.86717355
 0.86258658
 0.86207567
 0.86863768
 0.87249263
 0.86478934
  0.8591635
  0.8562073
 0.85592376
 0.85714593
 0.85735229
  0.8428871
 0.84971173
 0.84545539
 0.84807826
 0.83989218
 0.85226386
 0.84880024
 0.85137164
 0.85238549
 0.85237674
 0.85777345
  0.8509513
 0.85545444
  0.8577314
 0.86268758
 0.85843069
 0.86318609
 0.86157311
 0.86412487
 0.85940366
 0.85260331
 0.85291448
 0.85537584
 0.86454969
 0.86835243
  0.8763618
 0.87295284
 0.88258882
 0.88666294
 0.89126814
 0.89082205
  0.8881898
 0.88504497
 0.88529534
 0.88445556
 0.87989213
  0.8842722
  0.8896485
 0.88686922
 0.88440408
  0.8782271
 0.87677352
 0.87463705
 0.87729781
 0.87765535
 0.87640868
 0.88597837
   0.882013
 0.88544336
  0.8842748
 0.87827333
 0.87299526
 0.86109182
 0.86576697
  0.8711178
 0.87306323
 0.88254762
 0.86999899
 0.87068107
 0.87262777
 0.86565582
 0.87102603
 0.85981853
 0.86954083
 0.87497378
 0.87966559
 0.89101918
 0.88697036
 0.88155479
 0.87349796
 0.87142906
 0.87119862
 0.87201281
 0.86858612
 0.87135594
 0.87120776
 0.86786861
 0.87001777
 0.86792774
 0.87181781
 0.87120798
  0.8723926
 0.85426422
 0.85852174
 0.86575142
 0.87593919
 0.88733082
 0.89006972
 0.88969274
 0.88517439
 0.88349243
 0.87685688
 0.88298027
 0.87817162
 0.88301213
 0.88239238
 0.88881393
  0.8841977
 0.86712537
 0.85683646
 0.86904096
 0.86740588
 0.86450613
 0.87846601
 0.87642449
 0.87753232
 0.87433718
 0.87213516
  0.8687479
 0.87265767
 0.86896665
 0.86681597
  0.8607076
 0.86764297
  0.8753439
 0.87640328
 0.88430221
 0.89019766
 0.88998468
 0.89199479
 0.89475032
 0.89300002
 0.89013405
 0.88427824
 0.87203619
 0.88105855
 0.88638833
 0.88861396
 0.89049475
  0.8860578
 0.89078642
 0.89336377
 0.89172516
 0.89191009
 0.88823742
 0.88416181
 0.89311233
 0.88774285
 0.87234049
 0.88418504
 0.87923541
 0.88595027
 0.89899915
 0.90579264
 0.91405161
 0.91838182
 0.90751333
 0.89923524
 0.89567935
 0.89365376
  0.9037044
 0.90542082
 0.90091726
 0.90560803
 0.89810549
 0.88928322
 0.88955543
 0.88296946
 0.88270478
 0.88453487
 0.89578885
 0.89349839
 0.89300594
 0.89347966
 0.90469971
 0.90994263
 0.90128732
 0.90964827
 0.90906814
 0.90460844
 0.90140894
 0.90174704
 0.90095001
   0.903308
 0.89935628
 0.90176131
 0.90158742
 0.90165561
 0.90529288
 0.89770292
 0.89970798
 0.89965978
  0.9020971
 0.90229263
 0.89874863
 0.90949047
 0.90761011
 0.90592548
 0.90196793
 0.89921704
  0.9073805
 0.91521187
 0.91482352
 0.91577853
 0.91640155
 0.91886109
 0.92065128
  0.9171946
 0.91615571
 0.91458497
 0.91738992
 0.91572316
 0.90645082
 0.91035063
 0.90671076
  0.8993275
 0.90333186
 0.90207452
 0.89743895
 0.90485417
 0.90589735
 0.91488121
 0.91305122
 0.91185463
 0.90526024
 0.91064811
 0.90913187
  0.9073506
 0.90237345
 0.89721964
  0.8934897
  0.9022056
 0.90472039
   0.904125
  0.8957125
 0.89941143
 0.90122043
 0.90204249
 0.90499081
  0.9087481
 0.91373039
 0.90409778
 0.91938227
 0.91309344
 0.91629896
 0.91302871
   0.918837
 0.91281802
 0.91581043
 0.91671037
 0.90879062
 0.91128112
 0.91773578
 0.92098552
 0.91720027
 0.90735944
   0.914226
  0.9254409
 0.92395981
 0.91963967
 0.91929038
 0.91082347
 0.90238324
 0.91046527
 0.91130485
 0.90952613
 0.90312832
 0.90310798
 0.90648974
 0.90609918
 0.90232002
 0.90986789
 0.91837619
 0.91728851
 0.91619342
 0.91715247
 0.92203016
 0.92231797
  0.9168586
  0.9206161
 0.91817707
 0.91718251
 0.91138433
 0.91136939
 0.91324512
 0.91626072
 0.91075223
 0.91330438
 0.91525185
 0.91773932
 0.91549872
 0.91639791
 0.91385701
 0.91740711
 0.91980433
 0.91888124
 0.91998971
  0.9191249
 0.91617065
 0.91925702
 0.91280753
 0.91016734
 0.91014866
 0.91044605
 0.90898475
 0.90383909
 0.90520627
 0.90374291
 0.90622945
 0.91274262
 0.91307546
  0.9118454
 0.91219911
 0.90844885
 0.90564717
 0.90249517
 0.89813155
 0.89753832
 0.90438126
 0.91406398
 0.90992876
 0.91007261
 0.90807942
 0.91018813
 0.90546729
 0.90748145
 0.90328577
 0.90424844
 0.90417866
 0.90885376
 0.90759505
 0.90746815
 0.90953665
  0.9084076
 0.90267604
 0.89130514
 0.89488185
 0.89603905
 0.90045974
 0.90478707
 0.90541123
 0.90218899
 0.90521263
 0.89752546
   0.893838
 0.88916129
 0.88539375
 0.88314942
 0.88389648
 0.88658336
  0.8922954
 0.88790773
 0.89628141
 0.89568754
  0.8997011
 0.89508545
 0.89331632
 0.89433592
 0.89248786
 0.90045605
 0.90450152
 0.90523203
 0.90838271
 0.90647767
 0.90617116
 0.91365146
 0.92131823
 0.91685375
 0.91263677
 0.90957198
 0.90521756
 0.90937638
 0.91649123
 0.90981464
 0.90350024
 0.89908959
 0.90381927
 0.90100614
 0.89138247
 0.89495602
 0.89623106
 0.89660109
 0.89485912
 0.88766707
 0.89236583
 0.89472242
  0.8952114
 0.89713624
 0.88798795
 0.89382954
 0.89502238
 0.88622634
 0.89054231
 0.88322053
 0.87962315
 0.88030826
 0.87614322
 0.88053689
 0.88199222
 0.88164545
 0.88157374
 0.88213097
 0.88676832
 0.88501164
 0.88950802
 0.89180636
 0.89467737
 0.89568758
  0.8934544
 0.89396279
 0.89425132
 0.89094546
 0.89468101
 0.89584839
 0.88946833
 0.88335526
 0.88260118
 0.88155554
 0.87857045
 0.87810064
  0.8757636
 0.87272941
 0.86831666
 0.87386949
 0.87746671
 0.87184872
 0.87413506
  0.8753763
 0.87632104
 0.87676807
  0.8729676
 0.87109541
 0.86642877
  0.8613556
 0.86370763
 0.86074705
 0.86347784
 0.85400052
 0.85658151
 0.85752395
 0.86926477
 0.88547677
 0.88957018
 0.88244412
 0.87197307
 0.86582241
 0.86499583
 0.86435722
 0.86656693
 0.86781763
 0.86748505
 0.86506945
 0.86167415
 0.86388552
 0.86259225
 0.85928388
 0.86106403
  0.8675167
 0.86992441
 0.87210847
 0.86326909
 0.86688957
 0.86256167
 0.85480576
 0.84866308
 0.85422614
 0.85967475
  0.8578568
 0.86116649
 0.85521804
 0.84761056
  0.8449517
 0.85162387
 0.84242278
 0.84320376
 0.84505393
 0.84456346
 0.84403641
 0.83908934
 0.83460379
 0.83505396
 0.83855741
 0.84607716
 0.84988941
  0.8556446
 0.86176829
 0.86680733
 0.86351976
 0.86278904
 0.86173276
 0.86281002
  0.8629372
 0.85809264
 0.85752944
 0.85861653
 0.86046132
 0.85561135
  0.8522582
 0.85116446
 0.85354281
 0.85849155
  0.8552333
 0.85570633
 0.84920475
 0.85069066
 0.85634889
 0.85986073
 0.85945061
 0.85854909
 0.86139416
 0.86541554
  0.8691627
 0.87037122
 0.87481928
 0.87550211
 0.87148532
 0.86916258
 0.86780346
 0.86187477
 0.86672773
 0.86526409
 0.85810304
 0.85111121
 0.86017895
 0.86283659
 0.87331445
 0.87333235
  0.8754314
 0.88278871
 0.88497625
 0.88416519
 0.88105472
 0.88466691
 0.87436407
  0.8747935
 0.87068651
 0.87819984
 0.86702418
  0.8691359
  0.8586404
  0.8609732
 0.86294369
 0.86487159
 0.85880659
 0.85894039
 0.85376057
 0.85336743
   0.855947
 0.85910819
  0.8631026
 0.86792192
 0.86957899
 0.87302791
 0.87080952
 0.87800487
 0.87984294
 0.87218667
 0.86503204
 0.86430873
  0.8718135
 0.87591587
 0.87577475
 0.88173186
 0.88209063
 0.88111882
 0.88131158
 0.88344945
 0.88520197
 0.88136757
 0.88240119
 0.88312417
  0.8785768
 0.88565434
 0.88780553
 0.88351455
 0.88276373
  0.8829001
 0.87858043
 0.87400806
 0.87608676
 0.87907199
 0.87971021
 0.88040339
 0.87625526
 0.87500866
 0.87387621
 0.87282697
 0.86870549
 0.86827733
 0.87126143
 0.87367562
 0.87758635
 0.88078679
 0.87815539
 0.87539165
 0.87544855
 0.87323276
 0.87107911
 0.86349908
 0.86561357
  0.8596026
 0.86164111
 0.85862142
  0.8592248
 0.85451138
 0.85597956
 0.84785394
 0.85453434
 0.86288842
  0.8682589
 0.87017326
 0.86782647
 0.86840644
 0.86985808
 0.87131374
 0.87471079
 0.87859086
 0.87882119
 0.87765507
 0.87917728
 0.88263791
 0.88226168
 0.88026589
 0.87391774
 0.87617866
 0.87859613
 0.88014915
 0.88014122
 0.88212063
 0.87596539
  0.8735792
 0.87956474
 0.87490244
 0.86880384
 0.86389151
 0.85730119
 0.85794915
 0.85427112
 0.85426555
 0.85915782
 0.86677975
 0.87096854
 0.85845108
 0.86340181
 0.86719646
 0.86488309
 0.85682703
 0.86667509
 0.86799254
 0.87325206
 0.87114194
 0.87015709
 0.88016388
 0.88827495
 0.87763825
 0.88036169
 0.88171509
 0.88249572
 0.87641034
 0.87678832
 0.87770531
 0.88188333
 0.88425802
   0.886533
 0.88090055
 0.87578285
 0.86893155
 0.88196248
 0.87883391
 0.87937176
 0.88084192
 0.88246648
  0.8843317
 0.87853278
 0.87720325
 0.87337757
 0.87474817
 0.86804514
  0.8652299
  0.8662259
 0.87091538
 0.86468254
 0.86860071
 0.86762856
 0.86804379
 0.87042492
 0.86302085
 0.86439707
 0.86836932
  0.8638893
 0.86704291
 0.87386632
 0.87226714
 0.87553713
  0.8761354
 0.87283336
 0.87836702
 0.87673666
 0.88259367
 0.88296197
 0.88380343
 0.88544035
 0.88641649
 0.88629679
  0.8892528
  0.8855092
 0.88128783
 0.88181094
 0.87244506
 0.87069914
 0.86249357
 0.85017631
 0.84718983
 0.85151842
 0.85082995
 0.85026988
 0.85924999
 0.87104268
 0.87278733
 0.87105749
  0.8730321
 0.86995031
 0.87688357
 0.88097638
 0.88548492
 0.88408581
 0.87774257
 0.87668451
 0.87582957
 0.86925083
 0.87459113
 0.87345201
 0.86905301
 0.86849468
 0.86474487
 0.87185825
 0.86645241
 0.87199102
 0.86470956
 0.87067855
 0.87045735
 0.86812605
 0.87382329
 0.87269428
 0.86850197
 0.86700387
  0.8647579
 0.86269571
 0.85926168
 0.86303345
 0.87230146
 0.87587496
 0.87340502
  0.8703252
 0.86263736
 0.86069046
 0.85864613
 0.85806666
 0.85665816
 0.86183329
 0.86378106
 0.86058583
 0.86667451
 0.86351669
 0.86780445
 0.87131661
 0.87060074
 0.86746262
 0.86370516
 0.86187075
  0.8653439
 0.86203363
 0.86546593
 0.85884111
 0.86220108
 0.86372361
 0.86702822
 0.86690763
 0.86673786
 0.86754842
 0.87155102
 0.87412719
 0.87224324
 0.87270242
 0.87627468
 0.86930352
 0.86630495
 0.85928321
 0.85563769
 0.85849797
 0.85527707
 0.86000463
  0.8639267
 0.85828357
 0.85530671
 0.85463999
 0.85325517
 0.85513786
 0.85189855
 0.85582122
 0.85458612
 0.85367444
 0.84796179
 0.84962417
 0.86410305
 0.86580259
 0.86345539
 0.86883011
 0.86940407
 0.86778274
 0.86050382
 0.85747246
 0.86182056
 0.86261929
 0.86095083
  0.8408721
 0.84899555
 0.84532373
 0.84667787
 0.87094663
 0.87893893
 0.87381815
 0.88148511
 0.88470696
 0.89077155
  0.8867343
 0.88581471
  0.8635209
 0.87256948
 0.88039058
 0.89450739
 0.89078266
 0.88838291
 0.88278711
 0.87727367
 0.87342141
 0.87793138
 0.88024537
  0.8794873
 0.87799066
 0.88394575
 0.88330534
 0.87840128
 0.88437149
 0.88683729
 0.88976977
 0.89247474
 0.89113929
 0.89323189
 0.88847109
  0.8825399
 0.89168902
  0.8950862
 0.89571765
  0.8986122
 0.89869262
 0.89997602
  0.9020274
 0.90521671
  0.9037738
  0.9062217
 0.90900429
 0.90427991
 0.90180237
 0.90407003
 0.90627247
 0.90482189
 0.90050651
 0.89762125
 0.90018164
 0.89944799
 0.89800452
 0.89942137
 0.90311793
 0.90199762
 0.90161642
 0.90067487
 0.89771678
 0.90047942
 0.90152006
 0.89976403
 0.90133262
 0.89137623
 0.89488181
 0.89547359
 0.90040825
 0.90410992
  0.9063032
 0.90867522
 0.91288964
 0.91297972
 0.91391463
 0.91393933
 0.91040166
 0.91080044
 0.90815524
 0.90513256
 0.90370893
 0.90367556
  0.9015827
 0.89860829
 0.89262081
 0.88959202
 0.89122689
 0.89993772
 0.90170795
 0.89856928
 0.90333056
 0.89856245
 0.90143112
 0.89707197
 0.89429928
 0.89227734
 0.89619451
 0.88864427
  0.8866761
 0.88109593
 0.88284453
 0.88048312
   0.882141
 0.88510418
 0.88294297
 0.89103312
  0.8904281
 0.88131652
 0.88874489
 0.88236329
 0.88759067
 0.88654859
 0.88909332
 0.89137801
 0.89444152
 0.89251167
 0.89959778
  0.8938839
  0.8901453
 0.89030445
 0.88168586
 0.87960602
 0.87499928
 0.88202961
 0.88789796
 0.88639932
 0.88376319
 0.88111734
  0.8828855
 0.87729303
 0.87584702
 0.88621049
 0.88938007
 0.89423028
 0.89434455
  0.8934259
 0.89093771
 0.88505465
 0.87782181
 0.87664396
 0.87558065
 0.87352535
 0.87508953
 0.87927656
 0.87706857
 0.86472555
 0.86478826
 0.86419771
 0.85184123
 0.84826102
 0.85098631
 0.85154999
 0.84458157
 0.84564864
 0.84950282
 0.85540274
 0.85117325
 0.85189768
 0.85033908
 0.84313138
 0.84287247
 0.84207998
 0.83968891
 0.82903604
 0.83368969
  0.8342886
 0.83029406
 0.82172786
 0.82870785
 0.83484627
 0.83673521
 0.83918406
 0.84051763
 0.84384681
 0.84330412
 0.84381448
 0.84757011
 0.85173218
 0.85796183
 0.84730423
 0.84736265
 0.84829242
 0.85291384
 0.85068114
 0.85217364
 0.85093037
 0.85153608
 0.84412014
 0.84487027
 0.83881418
 0.84204469
  0.8349253
 0.83485594
  0.8391667
 0.84576042
 0.84526858
 0.84613972
 0.84469813
 0.84186486
 0.83769891
 0.84585157
 0.84549162
  0.8369525
 0.83301275
 0.82613731
 0.82528212
 0.81471124
 0.79956348
 0.80253709
  0.8064273
  0.8007701
 0.81206198
 0.81608535
 0.81522479
 0.81780161
 0.82313189
 0.82555995
 0.82111017
 0.82078255
 0.82381025
 0.82434398
 0.82486256
 0.82284249
 0.82285198
 0.82339084
 0.82218804
 0.82490665
 0.82724075
  0.8302907
 0.82434725
 0.82331227
  0.8186744
 0.81585995
 0.81212966
 0.81381574
 0.81940145
 0.82331726
 0.81774793
 0.81963227
 0.82393627
 0.82714297
 0.82899213
 0.82977355
 0.82589241
 0.82714307
 0.83240917
 0.83526944
 0.83196213
 0.83550908
 0.83701009
 0.83777263
 0.83207528
  0.8345378
 0.83289747
  0.8364602
 0.84106837
 0.84075812
 0.83988335
 0.83885277
 0.84014486
 0.84368815
 0.84081806
  0.8366738
 0.83487406
 0.83391862
 0.84031786
 0.84449279
 0.84263176
 0.84162677
 0.84599722
 0.85092822
 0.85812801
 0.86042892
 0.86315758
 0.86715457
 0.86737117
 0.86966847
 0.87226899
 0.86842787
 0.86295553
 0.86101712
 0.86012742
 0.85987381
  0.8557218
 0.85907417
 0.86196225
 0.86519376
 0.86552715
 0.86489989
 0.86466881
  0.8676394
 0.86808753
 0.86781069
 0.86907003
 0.86498853
 0.86131219
 0.85798986
  0.8599696
 0.86312461
 0.86296657
 0.86441233
 0.86430246
 0.86544671
 0.86286039
 0.86341403
  0.8619776
 0.85875063
 0.85113032
 0.85269663
 0.85017171
 0.85801227
 0.85932082
 0.86872113
 0.87128368
 0.86904958
 0.86837616
 0.85970998
 0.86540422
 0.86516359
 0.85979042
 0.85027822
 0.84914798
 0.85292148
 0.84743442
 0.85442897
 0.85022392
  0.8470154
 0.84063672
 0.84016638
 0.84360675
 0.84311294
 0.84059213
 0.84528105
  0.8531619
 0.86079618
 0.86660904
 0.86944518
 0.86889254
 0.86872117
 0.87003121
 0.86714691
 0.86728607
 0.86201063
 0.86148825
  0.8610741
 0.85664643
 0.85375382
 0.86082796
 0.86235896
 0.87460878
 0.86974096
 0.87558337
 0.87476685
 0.87138753
 0.87431758
 0.87489995
 0.87471744
 0.87712583
  0.8745973
 0.86750128
 0.87082936
  0.8697504
 0.86828067
  0.8756676
 0.87997412
 0.87939811
 0.87537629
 0.86353192
 0.86899384
 0.87121141
 0.86030991
 0.85952385
 0.86078403
 0.86032771
 0.86398236
 0.87317321
 0.87319266
  0.8751521
 0.87845112
 0.88215613
 0.87657663
 0.87970354
 0.87671922
 0.87978133
 0.88217527
 0.88913755
 0.88761989
 0.88863119
 0.89891803
 0.89642033
  0.8934382
 0.88969982
 0.88442655
 0.88479564
 0.89299041
 0.89523715
 0.90305497
 0.90017824
 0.90627047
 0.90516676
 0.89995727
 0.89885026
  0.8965183
 0.89100176
 0.89166984
  0.8957719
 0.89353587
 0.89358175
 0.89307345
 0.88905187
 0.88674199
 0.88153213
 0.87130271
 0.87844363
 0.88334277
 0.88505379
   0.881335
 0.88956936
  0.8871744
 0.88974479
 0.89176187
 0.87960884
 0.88241122
 0.87801409
 0.88678986
 0.87938789
 0.88230387
 0.88347134
 0.89002197
 0.88877869
 0.89856996
 0.89036079
   0.898253
 0.89389057
 0.89166503
 0.88653961
 0.89013772
 0.89530931
 0.89529279
 0.90634274
 0.90529866
 0.90772723
 0.91397186
 0.91439497
 0.90850333
 0.91475406
 0.91018193
 0.90369545
 0.89087212
 0.89424947
 0.90523391
 0.91195091
 0.91374196
 0.91585274
 0.91194301
 0.91135579
 0.91165318
 0.90883164
 0.91123038
 0.91426582
 0.91641017
 0.91516272
 0.91673887
 0.91284484
 0.91790968
 0.92208415
 0.92769963
 0.92348078
  0.9245562
 0.92908398
 0.92649469
 0.93164914
 0.93010621
 0.92930215
 0.92949643
 0.92472989
 0.91569415
 0.91106002
    0.90607
 0.90629325
 0.91058099
 0.91718485
 0.91879947
 0.92025768
 0.93148016
 0.93103645
 0.92719301
 0.92415942
 0.93313647
 0.92910349
 0.92342972
 0.91495853
 0.92151312
 0.92451855
 0.92635129
 0.92520054
  0.9293893
 0.92511205
 0.92469112
 0.92197799
 0.91857865
 0.91771884
 0.91483156
 0.90952636
 0.91538871
 0.91532551
 0.92467332
 0.91774613
 0.92015695
  0.9175624
 0.91318516
 0.92204291
 0.93079648
 0.93225543
 0.92874122
 0.92543757
 0.92731672
  0.9299542
 0.92776034
 0.92166812
 0.92369578
 0.92359971
 0.92358645
 0.91726862
  0.9104974
 0.90968763
 0.90786677
 0.91471857
 0.90891804
 0.90643145
 0.89788237
  0.8943149
 0.88924926
 0.88789643
 0.89367878
 0.88389121
 0.90330107
 0.90635291
 0.90135239
 0.89667802
 0.89992968
 0.89810191
 0.89013473
 0.89105092
 0.89513166
 0.90053388
 0.90116618
  0.8982044
 0.89348322
 0.88621518
 0.89037167
  0.8996376
 0.90133048
 0.91487694
 0.92774356
 0.92623187
 0.92786568
 0.93178229
 0.92664074
 0.92875122
 0.92853386
 0.92876597
 0.93616141
 0.93694195
 0.93861891
 0.92376932
 0.92023327
 0.90510472
 0.89090249
 0.89670211
 0.89901083
 0.89491075
 0.88106662
 0.88658644
 0.88767778
 0.88835114
 0.88350133
 0.87959553
 0.87990845
  0.8805771
 0.88988663
 0.90220405
 0.91345696
 0.90788092
 0.90910377
 0.90345337
 0.90061682
 0.90075158
 0.90417019
 0.90234722
 0.92221214
 0.92787779
 0.92390325
 0.92188916
 0.91706812
 0.92403543
 0.92298693
 0.92407387
 0.92522356
 0.90188149
 0.90543915
 0.92314518
 0.93465693
  0.9385123
 0.94144422
 0.92912689
 0.92398251
 0.93303508
 0.93396465
 0.93769669
 0.94032636
 0.93536224
 0.93770039
 0.94252489
 0.93771238
 0.94518167
 0.94676094
  0.9451253
 0.94112872
 0.93893593
  0.9413533
 0.94161392
 0.93780491
 0.93834664
 0.93599818
  0.9376223
 0.94059727
 0.94039485
 0.93940022
 0.93376529
 0.93568531
 0.92998823
 0.93194961
 0.92947777
 0.93152573
 0.93174482
 0.92900294
  0.9261102
 0.93150548
 0.93933168
 0.94002953
 0.93507733
 0.93967296
 0.93784555
 0.93299583
 0.93006822
 0.94173714
 0.94554626
  0.9451494
 0.94274673
 0.94687698
 0.94166062
 0.94321773
 0.94614414
 0.94337353
 0.93790761
  0.9348773
 0.93628145
 0.93691283
 0.93995227
 0.94136419
 0.93828737
 0.93732602
 0.93750521
 0.94100433
 0.94750706
 0.93851165
 0.93695131
 0.93829618
 0.93336494
 0.92816191
 0.92524418
 0.92888179
 0.92581209
 0.92411422
 0.92075382
 0.91483624
 0.91090981
 0.90305955
 0.90302573
 0.90468138
  0.9068529
 0.90437738
 0.90419862
 0.91042313
 0.90533082
 0.90153144
 0.90135798
 0.90528057
 0.90290913
 0.89787037
 0.88699588
   0.873483
 0.86879946
 0.86425096
 0.87214909
 0.86395008
 0.86726878
  0.8727131
 0.87650639
 0.88465026
 0.89252461
 0.88806599
 0.89136445
 0.88935768
 0.89854924
 0.89007416
 0.88721489
 0.88632063
 0.88934594
 0.88606593
 0.88616579
  0.8925375
 0.89353599
 0.89765674
 0.90506891
 0.90415533
 0.90615376
 0.90974833
 0.90765347
 0.90680617
 0.90183843
 0.89751003
 0.89848324
 0.89615075
 0.89831936
 0.89925794
 0.89214886
 0.88178451
 0.88000135
 0.87477374
 0.88422337
 0.88653225
  0.8913246
 0.89601895
 0.89256492
 0.88716993
 0.88038748
  0.8799772
 0.88119027
 0.87828942
 0.88207396
 0.88578312
 0.88882501
 0.88494715
 0.88055091
 0.88090849
 0.88682701
 0.88547189
 0.87219831
 0.86526395
 0.87763997
 0.88053402
  0.8779015
 0.88238626
 0.88321367
 0.88879995
 0.89297468
 0.89100915
 0.89237731
 0.89676827
 0.89686751
 0.89513294
 0.89770846
 0.90096454
 0.90277146
 0.90631048
 0.90660668
 0.90933942
 0.91212271
    0.91359
 0.91093387
 0.90889089
 0.91247286
 0.90944376
 0.91068796
 0.91307161
  0.9141458
 0.91794207
 0.90657446
  0.9059934
 0.90955453
 0.91179296
 0.91513286
 0.91776886
  0.9126319
 0.91482281
 0.90969495
 0.91165326
 0.91305488
 0.92067091
 0.91757044
 0.92020066
 0.91688973
 0.92181657
 0.92193058
 0.92841768
 0.92942737
 0.92551454
 0.91920119
 0.92801462
 0.92862279
 0.92672569
 0.92886419
 0.92650808
 0.92538879
 0.92079621
 0.91130757
 0.90331605
 0.91035226
 0.90883778
  0.9107264
 0.91203748
 0.91130498
 0.91820884
 0.91562786
 0.91112492
 0.91154046
 0.90325095
 0.90815345
 0.90116089
  0.8997417
 0.91190867
 0.91339129
 0.91666178
 0.92518966
 0.93142285
 0.92819168
 0.92636479
 0.92661221
 0.92915234
 0.93290558
 0.93771819
  0.9353898
 0.92537718
 0.92519244
  0.9190437
 0.91241195
 0.91735692
 0.93469146
 0.92957812
 0.92691272
 0.92825066
 0.92275045
 0.92707691
 0.93179041
 0.93676685
 0.93682445
 0.93439574
 0.92813832
  0.9261253
 0.91865134
 0.92649232
 0.91996795
 0.92472948
 0.92691148
 0.92520117
 0.93062689
  0.9307445
 0.92851223
 0.92528444
 0.93425735
 0.92698259
 0.91713541
  0.9115981
 0.91612988
 0.91390624
  0.9168002
 0.91802639
  0.9120709
 0.91743973
 0.91007181
 0.90318298
 0.90409684
 0.90785754
 0.91310833
 0.90874823
 0.91670403
 0.92754605
 0.92685103
 0.93314139
 0.93608481
 0.92389213
 0.92675819
 0.92152381
 0.90715669
 0.91894677
  0.9242948
 0.93348523
 0.93783417
 0.93977894
 0.94458028
 0.94356095
 0.94308257
 0.94622714
 0.94323965
 0.94917829
 0.94191712
 0.94169448
 0.93954939
 0.93439369
 0.93185106
 0.93209018
  0.9272689
 0.91742839
 0.91829601
  0.9218064
 0.93847805
 0.94595658
 0.94662016
 0.94127005
 0.93613107
 0.92415299
 0.92653609
 0.91475605
 0.90824419
 0.89781928
 0.89907586
 0.91389513
 0.91361631
 0.90543387
 0.90587245
 0.90525049
  0.9056437
 0.90650095
 0.91057537
 0.91573051
 0.91430909
 0.92546012
 0.92270885
 0.91422983
 0.92084675
 0.91778883
 0.92079079
 0.91702672
 0.91893088
 0.91468153
 0.91407802
 0.90887266
 0.91145842
 0.91629819
 0.91413764
 0.91115254
 0.90965604
 0.91173901
 0.92439811
 0.91722332
 0.91373773
 0.91631184
 0.90382452
 0.90978052
 0.91021462
 0.91406745
 0.92132838
 0.92730138
 0.92761037
 0.92353708
 0.92010182
 0.93766617
  0.9221274
 0.91752494
 0.92318266
 0.91902939
 0.92337523
 0.91374452
 0.91841635
 0.92134706
 0.92560769
 0.93424844
 0.93641384
 0.93357219
 0.93539576
 0.93089441
  0.9340477
 0.93296447
 0.93461639
 0.93445103
 0.93364525
 0.92612795
 0.93205964
 0.93367509
 0.92584345
 0.92786289
 0.91151337
 0.90457021
 0.89715437
 0.88121503
 0.87050145
 0.88457898
 0.87308521
 0.87530068
 0.87763691
 0.87437083
  0.8670351
 0.85525535
 0.85077957
   0.843931
 0.82857487
 0.83325247
 0.81953487
 0.80858702
  0.8016016
 0.80961066
 0.80831533
 0.79356973
 0.80014359
 0.79831241
 0.79869586
 0.80159693
 0.79985274
 0.79963042
 0.80347767
 0.80393144
 0.80181273
 0.79933271
  0.7969466
 0.79687452
 0.78937075
  0.7992685
 0.79891085
 0.79908718
 0.79125418
 0.80266856
 0.80362942
 0.79637601
 0.79759273
  0.8000993
  0.8048239
 0.80425274
 0.80531802
 0.80334015
 0.79972979
 0.80128863
  0.7998507
 0.79681612
 0.79443025
 0.79679537
 0.80082384
 0.80077096
 0.80604388
  0.8125147
 0.81037375
  0.8109214
 0.81186249
 0.81497024
 0.81506881
 0.80507795
 0.80818108
 0.81391451
 0.81209912
   0.820557
 0.82028295
 0.82239653
 0.81499323
 0.81254194
 0.81537648
 0.81026209
 0.81400943
 0.81240084
 0.80889814
 0.80443622
 0.80681956
 0.81283355
 0.81370952
 0.81145269
 0.81137068
 0.81541779
 0.81217751
 0.80766026
 0.80535586
 0.81197585
 0.80137814
  0.8078758
 0.81564158
 0.81557285
 0.81282444
 0.81532986
 0.81835279
 0.80527766
 0.79982387
 0.79896105
 0.79251092
 0.78950515
  0.7952691
 0.79317446
 0.79477981
 0.79056666
 0.79380596
 0.80532615
 0.80723259
 0.79787325
 0.79769638
 0.79430245
 0.80370612
 0.80485464
 0.80800198
 0.80625495
 0.81770318
 0.82304763
  0.8085514
 0.82729943
  0.8269138
 0.82176613
 0.81823982
 0.82859304
 0.82801629
 0.83058824
 0.83056875
 0.82416133
 0.82491548
 0.81576009
   0.821912
 0.82027552
 0.82179319
 0.81828997
 0.82129264
 0.83759356
 0.84992299
 0.84812115
  0.8405045
 0.83911601
 0.83982067
 0.83654291
 0.83695529
  0.8441008
 0.84640884
 0.83869975
 0.83777392
 0.83843409
 0.83907679
 0.83730315
 0.83995491
 0.83749676
 0.83629787
 0.83389704
 0.83314665
 0.83921844
 0.83576519
 0.83807763
 0.84023708
 0.82916668
 0.82960846
 0.82700342
 0.82414883
 0.82299142
 0.82174372
 0.82238285
 0.82276593
 0.82141516
 0.81106858
 0.80717043
 0.79864876
 0.79906745
 0.79835787
  0.8080332
 0.81324426
 0.80658177
  0.8013906
 0.80129466
 0.80332729
 0.79996118
 0.79195445
 0.79007273
 0.79619758
 0.79233166
 0.78916285
 0.79203163
 0.79619325
 0.78915027
 0.78646014
 0.78303226
 0.78749225
 0.77813219
 0.77952341
 0.77034014
 0.77613928
 0.77863624
 0.78436763
 0.78335901
 0.78198763
 0.78081782
 0.76647399
  0.7716895
 0.77799084
 0.78875355
 0.77369506
 0.76075542
 0.74623952
 0.72939305
 0.72593558
 0.72827562
 0.71809578
 0.70078065
 0.70099593
 0.70028817
   0.694686
  0.6924375
 0.68907527
 0.69446575
 0.69256557
 0.69654835
 0.69220774
 0.69977099
 0.69322929
 0.68397047
 0.67883179
 0.68663013
 0.68020942
 0.68946711
 0.68765029
  0.6848147
 0.68556738
 0.68899936
 0.69041641
 0.68714221
  0.6915591
 0.68711844
 0.68422416
 0.68452577
 0.68738252
 0.68469446
 0.68158167
 0.67863188
 0.67488037
 0.67833614
 0.66803464
 0.67494689
 0.67828832
 0.68472918
 0.68867283
 0.69565939
 0.69150372
  0.6892164
  0.6840212
 0.68537987
 0.68714548
 0.68424791
 0.68253841
 0.68675451
 0.69761922
 0.70334474
 0.70917482
 0.70822044
 0.71723213
 0.70463814
 0.70553717
 0.71226444
 0.71344218
 0.71215531
 0.70353061
 0.70978714
 0.71608184
 0.70671822
 0.70699523
   0.693395
 0.70078041
 0.70961087
 0.70767719
 0.71840668
 0.73241009
 0.74068894
 0.73744002
 0.74737973
 0.73868531
  0.7453814
  0.7384371
 0.74256101
 0.73200905
 0.72257485
 0.73218607
 0.72880374
 0.74011749
 0.74306783
 0.74353782
 0.75331978
 0.75390393
 0.75751329
 0.76460764
 0.76298698
 0.76275784
 0.78332405
 0.79006632
 0.79132327
 0.78500883
 0.78372123
 0.77603682
 0.78549334
 0.78906379
 0.78798356
 0.78944728
 0.79200884
 0.78925598
 0.78752845
 0.78434301
 0.78756753
 0.78308173
 0.77749452
  0.7713118
 0.77616211
  0.7755907
 0.77497086
 0.77250165
 0.76091468
 0.76709749
 0.77387665
 0.77932826
 0.78143704
 0.77020739
 0.77704331
 0.79179549
  0.8020882
 0.79830607
 0.80290846
 0.79889531
 0.80003253
 0.79295721
 0.79731975
 0.79998011
 0.80044673
 0.80399091
 0.81361804
 0.81303762
 0.82384265
 0.82501517
 0.82353113
 0.82207471
 0.81866584
 0.82177456
 0.81981461
 0.81874824
 0.81100716
 0.81563043
 0.81622391
 0.81698476
 0.81545542
 0.82129093
 0.82443577
 0.82038482
  0.8213306
  0.8150254
 0.81075627
 0.81539471
 0.81987115
 0.82951891
 0.82625957
 0.82048995
 0.81778875
 0.82581842
 0.82799887
 0.81836474
 0.81917296
 0.82351074
 0.82728416
 0.82561332
 0.82506527
 0.83259454
 0.82615023
  0.8269497
 0.82893033
 0.82635466
 0.82493325
 0.82351554
  0.8288156
 0.82374035
 0.82892627
 0.82806073
 0.82902676
 0.83028528
 0.82383231
 0.82384789
 0.83614717
 0.83798086
 0.83692829
   0.837343
 0.83798885
 0.84372379
 0.85102326
 0.84827307
 0.84357932
 0.84503057
 0.84377763
 0.84697771
  0.8440975
 0.84564124
  0.8441429
  0.8408265
 0.83509664
  0.8325582
 0.83498061
 0.82882259
 0.82546008
 0.82993593
 0.83095839
 0.82130725
  0.8227496
 0.81841745
 0.81584199
 0.81074086
 0.80528909
 0.81156524
 0.81434946
 0.82267493
 0.82267516
 0.82514297
 0.82318521
 0.82650427
 0.82630542
 0.82696831
 0.82269141
 0.81670104
 0.81682244
 0.81823358
  0.8190124
 0.82031557
 0.81693362
 0.82231216
 0.82033886
 0.82106833
 0.82263379
 0.81892488
 0.81918684
  0.8211627
 0.82484649
 0.82582794
 0.82545065
 0.82593346
 0.83172592
 0.82776395
 0.82304669
 0.83353752
 0.83137851
 0.83289617
 0.83445357
 0.83314541
 0.83126957
  0.8351605
 0.83636065
 0.82954756
 0.82442471
 0.82732381
 0.82723518
 0.82723495
 0.82866796
 0.82687898
 0.82555786
 0.82661387
 0.82525887
 0.82490157
 0.83062104
 0.83502585
 0.83659385
 0.84674507
 0.86035962
 0.86200301
 0.87497524
 0.88013253
 0.88327361
 0.89379474
 0.88619244
 0.88685472
 0.88278411
 0.88207135
 0.89378182
 0.89170918
  0.8981026
 0.90008338
 0.91046761
 0.91892775
 0.91531496
 0.91475267
  0.9188231
 0.92230335
 0.92034144
 0.91635386
 0.90840777
 0.90645646
  0.9076381
 0.90660787
 0.91485062
 0.91345848
 0.91515787
 0.91443963
 0.91192965
 0.91324309
  0.9169786
   0.910107
 0.91167903
 0.90939849
 0.90955257
 0.90785178
 0.89939774
 0.89538073
 0.89332585
 0.88806064
  0.8880907
 0.88682157
 0.88807523
 0.88935532
 0.89230421
 0.89480296
 0.89329586
 0.89192362
 0.89101748
 0.89640024
 0.89228408
 0.89766135
 0.89933779
 0.89024811
 0.88677181
 0.87790997
 0.87925572
   0.882048
 0.89028046
 0.89076588
 0.88416973
 0.88804272
 0.89293405
 0.90466128
 0.90924234
 0.90376994
 0.90353166
 0.90339306
 0.89912866
 0.90190772
 0.90322411
 0.90301483
 0.89890818
 0.90013221
 0.89734184
 0.89433354
 0.89609175
 0.89048691
  0.8938951
 0.90014106
 0.89526285
 0.89290179
 0.89123591
 0.88887439
 0.89379725
 0.90092397
 0.89472776
 0.90396309
 0.90890767
 0.90668543
 0.90575143
 0.90602722
 0.89823833
 0.90004653
 0.90469523
 0.91050323
 0.91234387
 0.90805333
 0.89964894
 0.90012334
 0.90093839
 0.89897171
 0.89923686
 0.89479835
 0.89770908
 0.90335245
 0.89219952
 0.90248662
 0.90946239
  0.9092012
 0.90405819
 0.90216186
 0.89971646
 0.90480241
 0.90276952
  0.9117508
 0.91305312
 0.90757359
 0.90904095
 0.91253151
 0.92223408
 0.92410018
 0.93276056
  0.9260617
 0.92515409
 0.92426411
 0.92161964
 0.91913808
 0.92124471
 0.92246478
 0.91841128
 0.92230604
 0.92684186
 0.91609158
 0.91776311
 0.90751399
 0.90557548
 0.90004618
 0.89651598
 0.89430526
 0.90029925
 0.90335208
 0.91313622
  0.9065311
 0.90331383
 0.90174492
 0.89083074
 0.88797871
 0.88936113
 0.88853627
 0.89445586
 0.89231185
 0.89494328
 0.90050693
 0.90689319
 0.90907424
  0.9088659
  0.9062308
 0.91064703
 0.90525096
   0.902607
 0.90309431
 0.90177274
 0.89439735
 0.88683057
 0.88280371
 0.88859754
 0.88308784
 0.89396982
 0.89008098
  0.8930505
 0.89294892
 0.89633885
 0.90426065
 0.90411735
 0.90185693
 0.90031881
 0.88769254
 0.88330035
 0.88787784
 0.89161958
 0.89592373
 0.90207637
 0.90419103
 0.90140456
 0.89824303
 0.88669674
 0.87255107
 0.87304776
 0.87358678
 0.87868187
 0.88393943
 0.89040557
 0.89181202
 0.88567113
 0.89301379
 0.88971854
 0.88466444
 0.88825174
 0.89329684
 0.88810707
 0.88458072
 0.89257765
 0.88148198
 0.88622839
 0.89315547
 0.88832656
 0.89118634
 0.89483854
 0.89871089
 0.89554915
 0.89747325
 0.89371346
 0.89479674
 0.89033694
 0.89113996
 0.89487102
 0.89363133
 0.89625139
 0.89211043
 0.88924104
 0.89501964
 0.90332415
 0.91055289
 0.90683885
 0.90127955
 0.88754133
 0.89469951
 0.90106614
  0.9001498
 0.90727251
 0.90685541
 0.91620071
 0.92005285
 0.90530566
 0.90472864
  0.8983714
 0.89792683
 0.89703536
 0.88900547
 0.89293657
 0.88969331
 0.88124377
 0.88503917
 0.89205082
 0.90529357
 0.91251609
 0.90739087
 0.90706879
 0.89355761
 0.89340997
  0.8902022
 0.89381234
 0.89236864
 0.89053217
 0.88401355
 0.88152263
 0.88160351
 0.87859326
 0.87974727
 0.88273518
 0.88284561
 0.88500528
 0.87818802
 0.86784642
 0.86087941
  0.8666647
 0.86447659
 0.86378126
 0.86260384
  0.8583523
 0.85860658
 0.85906474
 0.86290473
 0.86199648
 0.86442292
 0.86866463
 0.86989024
 0.87162879
 0.86799096
 0.86882058
  0.8632075
 0.86660704
 0.86759458
 0.87497398
 0.87121592
 0.87358081
  0.8668414
 0.86797604
 0.86888997
 0.86542244
 0.85943473
 0.86429026
 0.86244444
 0.86020874
 0.85861551
 0.86247905
 0.85930713
 0.86048819
 0.86278912
 0.86382713
 0.86069437
 0.86193405
 0.85554561
 0.84766088
 0.84623108
  0.8600636
 0.85776171
 0.86432414
 0.86505398
 0.86495689
 0.86292798
  0.8685223
  0.8713613
 0.87335008
 0.87770288
 0.87016613
 0.86845189
 0.87110551
 0.87076556
 0.87159535
 0.87116264
 0.87148278
  0.8740576
 0.86432562
 0.86400939
 0.86160672
 0.84131611
 0.85104883
 0.85253208
 0.84979195
 0.85301886
 0.85198421
 0.85180155
 0.85487935
 0.85542482
 0.84946925
 0.85955432
 0.86722204
 0.86597015
 0.86705753
 0.86629599
 0.86138832
 0.85918642
 0.86096366
 0.85702931
 0.85322408
 0.86334955
 0.86061496
  0.8582026
 0.85702843
 0.85602295
 0.85335643
  0.8577894
 0.85880829
 0.85888864
 0.86094765
 0.85636821
 0.86440758
 0.86223249
 0.86705537
 0.87056188
 0.86737928
 0.87654509
 0.86983932
 0.86889319
 0.87010377
 0.86464064
 0.86930775
 0.86152735
 0.86670835
 0.87218193
 0.87408041
 0.86523102
 0.86016432
 0.85077352
 0.85125804
 0.85725824
  0.8565979
 0.84266949
 0.84960386
  0.8536101
  0.8557833
 0.85658471
  0.8620183
 0.86537047
 0.86290445
 0.86459816
 0.86516595
 0.85807439
  0.8596081
 0.86599569
 0.86103411
  0.8646952
 0.85678313
 0.85482488
 0.86127448
 0.87296226
  0.8695038
 0.87117838
 0.86936178
 0.87078858
 0.86909147
 0.86857264
 0.86858514
 0.87042792
 0.87576488
 0.87098288
 0.87702715
 0.87293344
 0.86406436
 0.87231301
 0.88054054
 0.87367508
 0.87047219
 0.88039998
 0.88581488
 0.88214413
 0.87747391
 0.87316994
 0.86943599
 0.87466073
 0.87602339
 0.88019305
 0.87818595
  0.8795708
 0.88657965
 0.88878593
 0.88558276
 0.88267308
 0.88329956
 0.88511097
 0.88468862
 0.87258478
 0.86859712
 0.86677673
 0.87528873
 0.88022555
 0.88522362
 0.88891836
 0.88878227
 0.88514124
 0.88401343
 0.88246237
 0.88211577
 0.87894712
 0.87990615
 0.88253014
 0.88220133
 0.88460314
 0.88295856
 0.88037057
  0.8850864
 0.88627408
  0.8820842
   0.885761
 0.88444883
  0.8757782
 0.87188259
 0.87465582
 0.88033222
 0.88013329
 0.87418088
 0.88979346
 0.89066968
 0.88096114
  0.8802999
 0.88595234
 0.88904504
 0.88961826
 0.88654834
 0.88497678
  0.8844971
 0.88174125
 0.86857326
 0.87217261
 0.87149441
 0.87736524
 0.87358581
 0.86638445
 0.85561283
 0.84560573
 0.84327459
 0.84101099
 0.84756579
 0.84651205
 0.86079538
 0.85932374
 0.85648315
 0.85040349
 0.85088906
 0.84801009
 0.84922264
 0.83555918
 0.84537171
 0.85414117
 0.85437597
  0.8584533
 0.85449868
 0.84987555
 0.84898772
 0.84491416
 0.84216153
 0.84487022
 0.83431711
 0.83305379
 0.82695403
 0.83357746
 0.82500921
 0.83532125
  0.8487109
 0.84850228
 0.86625773
 0.85809841
 0.83960338
 0.86216095
 0.86610706
 0.87164204
 0.87283415
 0.86230212
 0.86278388
 0.84804179
 0.84552438
 0.85018776
 0.84632652
 0.84593118
 0.84474596
 0.83704927
 0.84582594
 0.83132925
  0.8195899
 0.82331141
 0.84905314
 0.84506599
 0.85062433
 0.85847142
 0.85817013
 0.85633883
 0.85681159
 0.86030981
 0.85706518
  0.8621646
  0.8625694
 0.86225036
 0.84926881
 0.85362721
 0.86073837
  0.8669575
 0.87290789
 0.86309432
 0.85692679
 0.83770208
  0.8310988
 0.83409757
 0.84798048
 0.84615785
 0.83619275
 0.85939401
 0.86063434
 0.86652434
 0.86753347
 0.87871896
 0.89035379
 0.89026271
 0.89045604
 0.89767119
  0.8931295
 0.90113333
  0.9054377
  0.9101973
 0.91077401
 0.91178154
 0.90615331
 0.89409266
 0.89554683
 0.89553428
  0.8923172
 0.88847869
 0.88542262
 0.89058454
  0.9096348
 0.91816873
 0.91397474
 0.91018556
 0.90630332
 0.89365428
 0.90872606
 0.91350591
 0.91967215
 0.90434171
  0.9004352
 0.91116867
 0.91250051
 0.90958939
  0.9162716
 0.91663433
 0.91999767
 0.91425159
  0.9104072
 0.90422785
 0.90644298
 0.90380052
 0.89972718
 0.90337745
  0.8993073
 0.90216007
 0.89363041
 0.89532841
 0.89218734
 0.89036705
 0.88533784
 0.88140715
 0.88363073
 0.88523716
 0.89364441
 0.89343293
 0.89543708
 0.90263844
 0.90416287
 0.90886804
 0.90666119
 0.90765059
 0.90487059
 0.90045302
 0.90165609
 0.90886439
 0.90609232
 0.90299162
 0.89832163
 0.89635868
 0.89904032
 0.89820586
 0.89276917
 0.88391217
 0.89480692
  0.8934017
 0.89874701
 0.90327242
 0.90544252
 0.90158158
 0.91149781
 0.90453857
 0.91072498
 0.91446546
 0.90951373
 0.91403904
 0.91496666
 0.90901744
 0.91143825
 0.90717938
  0.9145818
 0.91159171
 0.90549493
 0.91501181
 0.90949151
 0.90342101
 0.90377567
  0.9042395
 0.89208226
 0.89568958
 0.90142786
  0.9052324
 0.91024225
 0.90604694
  0.9110559
 0.91014258
 0.91234659
 0.91254828
 0.91474037
 0.91573883
 0.91558969
  0.9191464
 0.91660756
 0.91438706
 0.91649471
 0.91680977
 0.91805794
 0.91835463
 0.91935044
 0.92357771
 0.92508647
 0.92084176
 0.92285861
 0.92250157
 0.92503364
 0.92909199
 0.92049861
 0.91666916
 0.91443539
  0.9141297
 0.91464147
 0.91269816
 0.91590929
  0.9193429
 0.90979302
 0.90836316
  0.9019662
 0.90159123
 0.90162046
 0.90116818
 0.89990995
 0.90497172
 0.91011141
 0.90284813
 0.91009991
 0.90611127
 0.90690802
 0.90269022
 0.90279722
 0.91441203
 0.91662574
 0.91327481
  0.9170341
 0.91545726
 0.91425243
 0.91036276
 0.90604767
 0.90713428
 0.90850473
 0.91041383
 0.90679239
 0.90737839

