0.015008562
0.018231306
0.019182095
0.019226546
 0.01890595
 0.01892523
0.018869642
0.018675047
0.018935071
0.018975099
0.018994356
0.019067753
0.019059459
0.019081207
0.019076823
0.019011446
0.019010048
0.019089755
0.019205988
0.019432907
0.019342156
0.019331233
 0.01939052
0.019230568
0.019282808
0.019226798
0.019233761
0.019176369
0.019211012
0.019445274
0.019532558
0.019951808
0.019892528
0.020159735
0.020602799
0.020798447
0.021217611
0.021482579
0.021733376
0.022476247
 0.02307791
0.023882769
0.024958291
 0.02562194
0.026343147
0.026968414
0.027401482
0.027551341
 0.02803387
0.029182363
0.029720583
0.029750016
0.030615845
0.030537373
 0.03075012
0.030959696
0.031991046
0.032504535
0.032547912
  0.0328471
0.033165501
0.034141993
0.034199498
0.033672036
0.034111236
 0.03431837
 0.03426694
0.034482919
0.034504138
0.035421406
0.036029299
0.036609497
0.036762556
0.036435215
0.037468901
0.038943453
0.039316256
0.039633209
0.040763256
0.042340482
0.043557331
0.045599718
0.047628481
0.048002695
0.047710946
0.049017205
0.050231386
 0.04953232
0.049999957
0.050492673
0.052042609
0.052678728
0.053493913
0.053895834
0.054353809
0.054634296
0.054767528
0.054151385
0.054335916
0.055713368
0.055929154
0.055316867
 0.05536652
0.055797258
0.056063467
0.056398974
0.057254354
  0.0583156
0.060135539
0.059792195
0.061864111
0.061616588
0.062387989
0.061304768
0.061902193
0.061867303
0.061419864
 0.06349168
0.063605345
 0.06314603
0.062800808
0.061947944
0.062081675
0.062189833
0.062571773
0.062316464
0.063255417
0.063012018
0.063754434
0.063704774
0.064653169
 0.06517563
0.063983574
0.065058368
0.064988256
0.065740429
0.065774064
0.065400124
0.065166436
0.064822993
0.065343781
0.064820914
0.064950326
0.066109289
 0.06641977
0.066058248
0.067025818
0.067479595
0.067659978
0.068970895
 0.06975021
0.070289811
0.070008882
0.070728629
0.071861883
0.071806316
0.071474075
0.071158544
0.071683257
0.071856755
0.072330289
0.072909678
0.073518066
0.074240055
0.073223786
0.073258814
0.074415046
0.072887824
0.072445366
0.073371676
0.073219268
0.074324606
0.073139303
0.073222471
0.073766262
0.073542704
0.074534914
0.075279708
0.075021751
0.076017615
 0.07732318
0.076748353
 0.07613797
0.075765777
0.075924602
0.076563951
0.077398168
0.078460354
0.080251605
 0.08269118
0.082826791
 0.08352672
 0.08427082
0.087852189
0.090260994
 0.08971139
0.094426927
0.096437554
0.097720786
 0.10121967
 0.10060406
 0.10185027
 0.10111527
 0.10514891
 0.10275582
 0.10417152
 0.10437223
 0.10461055
 0.10597311
 0.10582328
 0.10687891
 0.10663184
 0.10664702
 0.10883687
 0.10864615
 0.10973311
 0.10961166
  0.1099221
  0.1108167
  0.1096945
 0.11075271
  0.1118649
 0.11339957
 0.11203638
 0.11240838
 0.11422295
 0.11276964
 0.11343105
 0.11402818
 0.11550488
 0.11495144
 0.11642676
   0.117487
 0.11585694
 0.11510154
 0.11615019
 0.11787126
 0.11692598
 0.11632572
 0.11730658
 0.11831124
 0.11918609
 0.11921264
 0.11981826
 0.12045661
   0.121309
 0.12008445
 0.12268505
  0.1233129
 0.12175487
 0.12521243
 0.12396912
 0.12425062
 0.12662643
 0.12636005
 0.12911375
 0.12860678
 0.12694766
 0.12804527
  0.1296013
 0.12806589
 0.12902182
 0.13234578
 0.13325869
 0.13248778
 0.13253707
 0.13179018
 0.13426687
  0.1338826
 0.13567494
 0.13788578
 0.13886749
  0.1385848
 0.14142208
 0.14121552
 0.14269176
 0.14113464
 0.14325044
 0.14622045
 0.14695051
 0.14740539
 0.14766043
 0.14922428
  0.1513728
 0.14874892
 0.14825315
 0.15015265
 0.14811027
 0.14855656
 0.14748753
 0.14845298
 0.14914073
 0.15072893
  0.1489608
 0.14797532
 0.15174279
  0.1506464
 0.15024294
 0.15093108
 0.15030626
 0.15231637
 0.15316163
 0.15235199
 0.15272619
 0.15508703
 0.15819101
 0.15623896
 0.15911557
 0.15728556
 0.15531374
 0.16189906
 0.15979942
 0.16246798
 0.16392983
 0.16790176
 0.17051292
 0.17306321
 0.17203014
 0.17591908
 0.17629462
 0.18015788
 0.18336185
 0.18448191
 0.18473605
 0.18710668
 0.18973406
 0.19070098
 0.18553074
 0.18969495
  0.1872524
 0.19067585
 0.18854203
 0.18782509
 0.18818451
 0.18688345
 0.18905299
 0.18842561
  0.1915334
 0.19144974
 0.19268286
 0.19185416
 0.19330712
 0.19663803
  0.1963108
 0.19494765
  0.1954032
 0.19749226
 0.19490347
 0.19476148
 0.19616946
 0.19323519
 0.19409995
 0.19175012
 0.19333003
  0.1948474
 0.19503772
 0.19416919
 0.19466148
 0.19691006
 0.19799307
  0.1986763
 0.19664986
 0.19883681
 0.19866121
 0.19954357
   0.199815
 0.19993697
 0.20056053
 0.20602101
 0.20352269
 0.20815129
 0.20813572
 0.21175145
 0.21177273
 0.22010905
 0.21882849
 0.22137856
  0.2173903
 0.22129311
 0.22018192
 0.22236989
 0.22453138
 0.22938233
 0.22912349
 0.23541046
 0.23748836
  0.2378218
 0.24559099
 0.24718962
 0.25316311
 0.25100871
 0.25180586
 0.25776108
 0.25724906
 0.25610031
 0.25717337
 0.25554559
 0.25416479
 0.24921687
 0.25229477
 0.25219931
 0.25131177
  0.2538199
 0.25367233
 0.25715979
 0.25952698
 0.26449517
 0.26944077
 0.27146084
 0.27195409
  0.2816401
 0.28302235
 0.28282015
 0.28272298
 0.28309204
 0.28690006
 0.28588387
 0.29064411
 0.29014346
 0.28775953
 0.28917351
 0.29137149
 0.29101928
 0.29153086
 0.29478695
 0.29386529
 0.29460496
 0.29353115
  0.2942816
 0.29142704
 0.29532231
 0.29590669
 0.29538124
 0.29819184
 0.29718181
 0.29732276
 0.29834848
 0.29546197
 0.29484891
 0.29643067
 0.29647246
 0.29677659
  0.2953645
 0.29564748
  0.2962361
 0.29508274
  0.2956882
 0.29901823
 0.29879606
 0.30269253
 0.30514808
  0.3062559
 0.30716791
 0.30618519
 0.30794062
 0.30585277
 0.31018941
 0.30862483
 0.30902445
 0.31292179
 0.31351715
 0.31379443
 0.31331572
 0.31489004
 0.31644265
  0.3173186
  0.3183017
 0.31696337
 0.31754391
 0.31643874
 0.31932562
 0.32006255
 0.31629358
 0.31441121
 0.31340244
 0.31421563
 0.31756351
  0.3202585
 0.32469915
 0.32538736
 0.32760574
 0.33742041
 0.33933632
 0.33757662
  0.3392073
 0.33612281
 0.34142157
  0.3410272
 0.34185248
 0.34696701
   0.346597
   0.350167
 0.34591272
 0.34757053
 0.34801452
 0.35108008
 0.34999797
 0.35124609
 0.35786405
 0.35730976
 0.35831361
 0.35862302
  0.3585048
 0.35850239
  0.3612889
 0.35949705
 0.36287888
 0.36118603
 0.36191934
 0.36122068
 0.35956787
 0.36000642
 0.35828761
 0.36137095
  0.3571968
 0.36173566
 0.35941055
 0.35494185
 0.35864256
 0.35583272
 0.35855034
 0.35980614
 0.36216218
 0.35855439
 0.36083346
 0.36325162
  0.3619436
 0.36120999
  0.3624735
 0.36137381
 0.36298036
 0.36393498
 0.36200496
   0.361896
  0.3619813
 0.36425354
 0.36582867
 0.36386872
 0.36261726
 0.36342638
 0.36288963
  0.3626336
 0.36229972
 0.36342822
 0.36306066
 0.36034421
 0.36213608
  0.3622154
 0.35975251
 0.36177649
 0.36190925
 0.36290857
 0.36342996
 0.36567694
 0.36224217
 0.36215784
 0.36390861
 0.36209429
 0.36197971
 0.35948426
 0.36357448
 0.36397978
 0.36029853
 0.36079764
 0.35949674
 0.36487124
 0.36282295
 0.36531989
 0.36036442
 0.36005316
 0.36008664
 0.36020848
  0.3601426
 0.35873882
 0.35952609
 0.36385362
 0.36151523
  0.3680065
 0.36405492
 0.36571529
  0.3631634
  0.3656542
 0.36448358
 0.36808606
 0.36816201
 0.36959158
 0.36670244
 0.36835453
 0.37032654
 0.36826681
 0.36958375
  0.3694258
 0.37320946
 0.37365804
 0.37765377
 0.37477989
 0.37905014
 0.37529577
 0.38182644
 0.38008567
  0.3862087
 0.38366761
 0.39299301
 0.38718369
 0.39888645
 0.39435776
 0.40320554
 0.40824159
 0.40858763
  0.4125217
 0.41234105
 0.41637064
 0.41638445
 0.41983528
 0.41867505
 0.42541141
 0.42010044
 0.42402046
 0.42542474
 0.42995828
   0.426589
 0.42663671
 0.42983823
 0.43226137
 0.43325235
 0.43409505
  0.4297328
 0.44022561
 0.43671201
 0.44126918
 0.43870497
 0.43982267
 0.43816087
 0.44034789
   0.441381
 0.44413363
 0.44367119
 0.43981278
 0.44398083
 0.44384217
  0.4467604
 0.44724488
 0.44256305
   0.446472
 0.44659617
 0.44617579
 0.44434413
 0.44765019
 0.44836342
 0.44785466
 0.44619529
 0.44693273
  0.4463603
 0.44759974
 0.44551376
 0.44268863
 0.44367751
  0.4478569
  0.4493036
 0.45036135
 0.44935673
 0.45260039
 0.45453126
 0.45123665
 0.45352891
 0.45186264
 0.45249996
 0.45612812
 0.45645402
 0.45653711
 0.45419268
 0.45050941
  0.4487446
 0.44897397
 0.44957912
 0.45166871
 0.45988378
 0.46294028
 0.45885553
 0.45851498
 0.46258948
 0.45523361
 0.46287057
 0.46275133
 0.46214334
 0.46133583
 0.46711766
 0.46214663
 0.45228673
 0.46056655
 0.45792417
 0.46311659
 0.46483085
 0.45295075
 0.46546463
 0.46142889
 0.46350926
 0.46474212
 0.46916995
 0.45625586
 0.47409861
 0.46938972
 0.46633131
 0.47255877
 0.47298864
 0.47392833
 0.47681306
 0.47160377
 0.47594095
  0.4805175
 0.47786985
 0.48365435
 0.48028231
 0.48445323
 0.48469803
 0.48293126
 0.48429916
 0.48326524
 0.48420408
 0.49110925
 0.48940141
 0.49075806
 0.48822341
 0.49065174
 0.49127476
 0.48786053
 0.48988691
 0.48737804
 0.48475707
  0.4864385
 0.49363675
  0.4830567
 0.49156294
 0.49050454
  0.4839777
 0.48385274
 0.48568353
 0.48525407
 0.49044224
 0.48840623
 0.48799942
 0.48895743
  0.4918145
 0.49398947
 0.48975333
 0.49277807
  0.4926289
 0.48895083
  0.4922788
 0.49385133
 0.49004686
 0.48965563
 0.49727063
 0.48698885
 0.49756477
 0.49300504
 0.49543585
   0.493546
 0.49301843
 0.49462495
 0.49257167
 0.49670086
 0.49538239
 0.50007723
   0.501069
 0.50352059
 0.50119446
 0.50496675
 0.50298951
 0.49978864
 0.50594862
 0.50732921
 0.50389827
 0.50319604
  0.5038103
 0.50613594
 0.50012088
 0.50604645
 0.50185929
 0.50098285
 0.50559327
 0.50496731
 0.50287252
 0.51125155
 0.51234922
  0.5131388
 0.51720644
  0.5119073
 0.52007032
 0.51636912
 0.51430327
 0.51282333
 0.51566185
 0.52001682
 0.52059593
 0.51704271
  0.5191981
 0.52165755
 0.53016233
  0.5391014
 0.54128367
 0.53808914
  0.5417926
   0.537992
 0.54269671
 0.54528612
 0.54437738
 0.54263312
 0.54563131
  0.5434516
 0.55452665
 0.54990743
 0.55433003
 0.56205602
 0.57635626
 0.57703678
 0.58333796
 0.58862392
 0.59090379
 0.58738333
 0.59239998
 0.59468794
 0.58655079
 0.59707504
 0.59433891
  0.5955016
 0.60029227
  0.5943551
 0.59941324
 0.59718347
 0.60483523
 0.59631945
 0.59694601
 0.59309449
 0.59260191
 0.59640113
 0.59809501
 0.59714257
 0.60368907
 0.59790272
 0.60041672
 0.60025626
 0.59975148
 0.59753753
 0.59720177
 0.59669168
   0.593393
 0.59527537
 0.59975629
 0.59772892
 0.59874082
 0.59720098
 0.59264849
 0.60200842
 0.59437379
 0.59489344
 0.60055514
 0.59418794
 0.59587387
 0.60081594
 0.60322207
 0.60237685
 0.60301132
 0.59639785
 0.59821253
 0.60115186
 0.60475341
   0.598631
 0.60175413
 0.59590454
 0.60799908
 0.60405537
 0.60703628
 0.60537476
 0.60735033
 0.60299148
  0.5992577
 0.59706887
 0.59856708
 0.59965406
 0.59924609
 0.59670474
 0.60164289
 0.60181305
 0.60627661
 0.60255469
 0.60551036
 0.60653742
 0.60891739
 0.60678346
 0.61197441
  0.6146783
 0.61053964
 0.60200502
 0.61336738
  0.6090631
 0.61419379
 0.61204558
  0.6138587
 0.60819345
 0.61296642
 0.60562473
 0.60655212
 0.60591834
 0.60907664
 0.60990483
 0.60675346
 0.60768279
 0.60312527
 0.60320056
 0.60418461
  0.6070909
 0.61254125
 0.61696187
 0.61486022
 0.60472122
 0.60825995
 0.60206466
 0.60597712
 0.61070174
 0.60768201
 0.60879739
 0.59974441
 0.60797109
  0.6037056
 0.59966725
 0.60845473
 0.60581592
 0.60943192
 0.61053959
  0.6096024
 0.60696808
 0.61044535
 0.60660354
 0.60801954
 0.61397305
 0.60804902
 0.61264742
 0.61658119
 0.60863634
 0.61093647
 0.61457074
 0.61279022
 0.61556399
 0.61268129
 0.61813793
 0.61496146
 0.61902117
 0.61481442
 0.61788872
 0.61553828
  0.6148821
 0.61855734
 0.61553905
  0.6149304
 0.61404598
  0.6128884
 0.61149937
 0.61638265
  0.6102667
 0.62135945
 0.60819744
 0.61741673
 0.61814729
 0.61370752
 0.61442855
  0.6099818
 0.61565683
 0.61483129
 0.61343979
  0.6141522
 0.61562856
 0.61825059
 0.61589548
 0.61304815
 0.61618911
 0.61995344
 0.61907822
  0.6157132
 0.60902941
 0.60713743
 0.61612228
 0.60896016
 0.61595235
 0.61392654
 0.61671662
 0.60736113
 0.61071676
   0.608392
 0.61503137
 0.60410197
 0.60442957
 0.61239457
 0.61612255
 0.61943461
 0.62035075
  0.6163228
 0.61995951
 0.61624305
 0.61708705
  0.6191809
 0.61651004
 0.62166419
 0.62028102
 0.62081539
 0.62260588
  0.6181869
 0.62213511
  0.6211073
 0.62120907
 0.61776782
 0.62052632
 0.61919023
 0.61881339
 0.61420233
 0.61453012
  0.6186316
 0.62051077
 0.61685761
 0.61686414
 0.61885257
 0.62735185
 0.62276453
 0.61355666
 0.61980281
 0.61216157
 0.62204977
 0.61706648
 0.62701376
 0.63188147
  0.6282794
 0.62926938
 0.63003631
 0.63721661
 0.63307449
 0.63832225
  0.6331929
 0.64278457
  0.6440676
 0.64362026
 0.64094549
 0.64434043
 0.64132354
 0.63569846
 0.64013432
 0.64385763
 0.64372892
 0.63742302
 0.64050091
 0.62717316
 0.63460671
 0.62493435
 0.62941681
 0.61767957
 0.62521299
 0.62741488
 0.63503173
  0.6287942
 0.62642152
 0.63160163
 0.62838633
 0.62663675
 0.62862951
 0.62905677
 0.63787281
 0.62712178
 0.64010666
 0.62978621
  0.6333321
 0.62737781
 0.63995844
 0.63327697
 0.63653294
 0.64369069
 0.64265069
 0.64884898
 0.64512168
 0.65494165
 0.64816273
 0.65556801
 0.65128865
 0.65018406
 0.65836262
 0.65117813
 0.64688291
 0.65099414
 0.65304212
 0.65359908
 0.64817959
 0.65303216
 0.65849278
 0.64779613
 0.65669126
 0.64582105
 0.65719499
 0.65240083
  0.6440326
 0.64985559
 0.63314133
  0.6556203
 0.64450274
 0.65756599
 0.64711332
 0.65165518
 0.64982369
 0.66168196
 0.66474024
 0.66314122
 0.66088347
 0.65653913
 0.65826963
 0.65737703
 0.65714258
 0.66172165
 0.66306528
 0.65838038
 0.66176709
  0.6625121
 0.66260848
 0.66881583
 0.66339721
 0.66496189
 0.66287087
 0.65281957
 0.65497008
 0.65272804
  0.6541411
 0.65525838
 0.64594676
 0.65162778
 0.66430543
 0.66497969
 0.65905186
 0.65709302
 0.66304994
  0.6575896
  0.6650272
 0.66674643
 0.66852954
 0.67244893
 0.67527442
 0.67431356
 0.67407421
 0.66966306
 0.68018307
 0.66774195
 0.67580994
 0.67743837
 0.67424819
 0.68205688
 0.68107967
 0.67827402
 0.67953486
 0.68037951
 0.68448896
 0.68393878
 0.68667633
 0.68185712
  0.6826746
 0.68877735
  0.6788565
 0.68824343
 0.68722973
 0.68708981
 0.68327591
 0.68264215
 0.68328072
 0.67956624
 0.68180711
 0.68027959
 0.68313441
 0.68762251
 0.68921541
 0.68813564
 0.69500263
  0.6927276
 0.69228867
 0.69813585
  0.6981839
 0.70347493
 0.70170857
  0.6910849
 0.69407124
 0.68954668
 0.68558155
 0.68919602
 0.69730635
  0.6886611
 0.68785673
 0.69416366
 0.68853579
 0.69039048
 0.70082434
 0.70032331
 0.70079488
  0.7018424
 0.70176723
 0.70853546
 0.70266856
 0.70654103
 0.70895686
  0.7099624
 0.71007523
 0.70769881
 0.71420352
 0.71243627
 0.71569476
 0.71578713
 0.71011969
 0.71007545
 0.70743436
 0.70681508
 0.70998011
 0.71104613
 0.70943875
 0.71508391
 0.71354245
 0.71027151
 0.71414514
 0.71302679
 0.71049529
 0.71428055
 0.71520497
 0.71046435
 0.70452662
 0.71186226
 0.71205925
 0.70601269
 0.69776785
 0.69397183
 0.69190119
 0.69433434
 0.70156883
 0.70029636
 0.70515936
 0.71121724
 0.70052585
 0.70109847
 0.69957647
 0.69948753
 0.69986246
 0.70211984
 0.70760025
 0.70771892
 0.70972205
 0.71123844
 0.71141802
 0.70925347
 0.71048974
 0.71671627
 0.71394941
 0.71482566
 0.71777617
 0.71409541
 0.71249597
 0.70936249
 0.71050397
 0.70463397
 0.71146296
 0.71060631
 0.70998222
 0.71210905
 0.71186045
 0.71573779
 0.70864592
 0.71888476
 0.72605766
 0.73291162
  0.7360558
 0.73468396
 0.73610434
 0.73346717
 0.73211101
  0.7226528
    0.71801
 0.71565762
 0.71793864
 0.71646649
 0.72337575
  0.7160393
 0.71708886
 0.71789413
 0.71581954
 0.71816842
 0.71669625
 0.71869324
 0.70772179
 0.71672397
 0.72015887
 0.71255657
 0.71375637
 0.70778293
 0.71146464
 0.71193659
 0.72007161
 0.71673919
 0.71467326
 0.71728264
 0.70900961
 0.71570537
 0.71282292
 0.71418091
 0.72230304
 0.71445881
 0.72053049
 0.71801805
 0.71147415
 0.71972895
 0.71197337
 0.71864614
 0.71291207
 0.71571985
 0.71659276
 0.72178468
 0.71772061
 0.71834794
 0.72075478
 0.71830509
 0.72144597
 0.72544809
 0.71919889
 0.71444841
 0.71979991
 0.72167735
 0.72184377
 0.72448982
  0.7276056
 0.72677307
 0.73213602
 0.72758375
 0.73150574
 0.72799931
 0.72967528
 0.73183656
 0.72862185
 0.73008585
 0.72668729
 0.72195323
 0.72696774
 0.72724601
 0.73133744
 0.72507531
 0.72876218
 0.72310135
 0.72495079
 0.72716113
  0.7286676
 0.72850173
 0.72758731
 0.72707025
 0.73208805
 0.72954368
 0.73398376
 0.73159949
 0.73283632
 0.73063218
  0.7306214
  0.7328178
 0.73279832
   0.737505
 0.73294344
 0.72879303
 0.71990492
  0.7242981
 0.72269255
 0.72234656
 0.72785069
 0.72563679
 0.72478118
 0.73426764
 0.73119231
 0.73507536
 0.73199077
 0.73142155
 0.73643911
 0.73819009
 0.73918908
 0.73622285
 0.73953658
 0.73954141
 0.74237003
 0.73728269
  0.7428458
 0.74122752
 0.73723169
 0.74505688
 0.74375391
 0.74168577
 0.74098499
  0.7462052
 0.74471035
 0.74473146
 0.74318976
 0.74410818
 0.74736022
 0.74652258
  0.7413147
 0.73961923
 0.74159426
 0.73642373
 0.73475177
  0.7325987
 0.73194078
 0.73843846
 0.73717554
 0.73682533
 0.74354523
 0.74253805
 0.74665334
 0.74011637
 0.74700321
 0.73982912
  0.7259569
  0.7214277
  0.7184921
 0.72129584
 0.72945086
 0.72838733
 0.73019602
 0.73289035
 0.73615191
 0.72463277
 0.72848819
 0.72411873
 0.71900794
 0.71913032
 0.72081002
 0.71443593
   0.720496
 0.71742058
 0.72620594
 0.72847709
 0.73229402
 0.73487814
 0.72815788
 0.72760828
 0.73763523
 0.73851427
 0.73533785
 0.73970937
 0.73688706
  0.7376668
  0.7353532
 0.73489865
 0.73311807
 0.72942569
 0.73938437
 0.74169702
 0.73473899
 0.74186228
  0.7393245
 0.73599721
 0.73968965
 0.74097981
  0.7387917
 0.74549918
  0.7420116
 0.74274788
 0.73855969
 0.73968072
 0.73824896
 0.73960569
 0.73307871
 0.73485925
 0.73356405
 0.73853727
 0.73750265
 0.73108821
 0.74308577
 0.74554594
 0.74319572
 0.74223243
 0.74498875
 0.74633195
 0.74870954
 0.75092539
  0.7469226
 0.74493501
 0.74899031
 0.74603929
 0.74445983
 0.74979632
 0.74536797
 0.74480421
 0.74353274
 0.75116247
 0.74580731
 0.74262835
   0.741341
 0.74216823
 0.74330917
  0.7428982
 0.74313638
 0.74386427
 0.74555897
 0.74478975
 0.74882083
 0.74238069
 0.74397108
 0.74647291
  0.7492264
  0.7546963
 0.74940538
 0.74506145
 0.74251909
 0.73449399
 0.74251352
 0.73695684
 0.73939411
  0.7371758
 0.73951453
 0.74234259
 0.74675188
 0.74306495
 0.74241218
 0.74068951
 0.74203802
 0.73390651
 0.73859907
 0.73417014
 0.73584323
 0.73665836
 0.73397376
 0.73715402
 0.73633806
 0.74407503
 0.74413159
 0.73950989
  0.7382515
 0.73869305
 0.74224397
 0.74092354
 0.73774778
 0.73715781
 0.74192657
 0.73820977
 0.74134115
 0.74111474
 0.74137357
 0.73505333
 0.73795736
 0.74006315
 0.73940358
 0.73969227
 0.74105681
 0.73839758
  0.7456145
 0.73336145
 0.73947609
 0.72881675
 0.73333604
  0.7392596
 0.74102619
  0.7338918
 0.73658303
 0.73960343
 0.74273801
 0.74033529
 0.73962771
 0.74443663
 0.74501507
 0.74252668
 0.74147494
 0.73718543
 0.73999436
 0.74208282
 0.73744191
 0.74329803
 0.74809739
 0.74657876
 0.74635513
 0.74227497
 0.73776162
 0.73819824
 0.73810553
 0.73465851
 0.73733368
 0.73725229
 0.73589329
 0.73590945
 0.72958338
 0.73184503
 0.73554717
 0.73804611
 0.74561575
  0.7440531
 0.74336904
 0.74272136
 0.74235943
 0.74029869
 0.75132981
 0.75297157
  0.7576588
 0.75678452
 0.75946122
 0.76100332
 0.76563885
 0.76272096
 0.76351001
  0.7591779
 0.75716703
 0.75900551
 0.76036718
 0.75936494
 0.75692002
 0.75553796
 0.75125829
 0.74571524
 0.74935576
 0.74984249
 0.75490901
 0.75059065
 0.75650346
 0.75121878
  0.7531271
 0.75262004
 0.75799462
 0.76214568
 0.75454239
  0.7572935
 0.76444613
 0.76138483
 0.76185891
 0.76124964
 0.75642344
 0.75573081
 0.75397162
 0.75482287
 0.75655363
 0.75947088
 0.75848605
 0.75911965
 0.76173217
 0.76029959
 0.76688732
 0.76811028
 0.76937535
 0.76908868
 0.77504455
 0.77749957
 0.78284979
 0.78318835
   0.779503
 0.77860172
 0.77610227
 0.77769408
 0.77791311
 0.77920095
 0.77601013
 0.77771144
 0.77809643
 0.77534934
 0.77735762
 0.77149242
 0.77077054
 0.77509341
 0.76935359
 0.76522028
 0.77131382
 0.76837134
 0.76791442
 0.76476934
 0.76738167
 0.76751775
 0.76782846
 0.77011795
 0.77249254
 0.77572407
 0.77078429
 0.77252105
 0.77777407
 0.77629828
 0.77916282
 0.77156498
 0.78324235
 0.77682877
 0.79381401
 0.79821602
  0.7934844
 0.78591223
 0.79060823
   0.792419
 0.79122904
 0.78829204
 0.79751305
 0.78757452
 0.79602366
 0.79007442
 0.78869387
 0.79644047
 0.78710091
 0.79145217
 0.79540977
  0.7956608
  0.7948757
 0.79773837
 0.79989565
 0.79335672
 0.79411256
 0.79333181
 0.79729295
 0.80487811
 0.80505413
 0.80397062
 0.80873218
 0.80473382
 0.81306606
 0.81411797
 0.81425407
 0.81144708
  0.8068118
 0.80389843
 0.80227595
 0.80158096
 0.80245653
 0.81024867
  0.8089445
 0.80829497
 0.81046104
 0.81187665
 0.80825257
 0.80932293
 0.80486207
 0.80616341
 0.80715659
 0.80866972
 0.81156543
   0.811826
 0.81190421
 0.81224676
 0.81251263
 0.81733859
 0.81570229
 0.82259014
 0.81982311
 0.82564998
 0.82009454
 0.81335853
  0.8161748
 0.81452539
  0.8128052
 0.80723929
 0.80850285
 0.81198206
 0.81735692
 0.81107609
 0.81274364
 0.81022056
  0.8143532
 0.81214578
  0.8101666
 0.81320687
 0.80803186
 0.80482729
 0.80915516
 0.80298417
 0.80134452
 0.80485751
  0.8026149
 0.80208895
 0.80050611
 0.80814273
 0.80082902
 0.80680059
 0.80969545
 0.81401686
 0.81153401
 0.81013761
  0.8070322
 0.80577773
 0.80166308
 0.80569346
 0.80434479
 0.80587379
 0.80992786
 0.80797204
 0.81025439
 0.80774769
 0.80535836
 0.80092999
 0.79011719
  0.7853826
 0.78475007
  0.7795517
 0.79237585
 0.77959443
 0.79095315
 0.78993445
 0.79447156
 0.80679291
 0.81444119
 0.81408775
 0.81918851
 0.82319256
 0.81983637
 0.81448419
 0.81711718
 0.81825367
 0.80584201
 0.81037532
 0.81288061
  0.8133714
 0.82214272
 0.81877309
 0.82449356
  0.8303923
 0.81526293
 0.81202052
 0.81423833
  0.8254672
 0.82918537
 0.82576135
 0.82712188
 0.82467332
 0.82190497
 0.82350056
  0.8384871
 0.82964884
 0.82727855
 0.82290516
 0.81828823
 0.81048595
 0.81813888
 0.81757989
 0.82114206
  0.8236201
  0.8158513
 0.82708578
 0.82182955
 0.82234816
 0.81784994
  0.8181056
 0.81154577
 0.81402506
 0.81427063
 0.81390502
 0.80889258
 0.81585123
 0.81919132
 0.81614905
 0.81617565
 0.82198836
 0.82184935
 0.82940056
 0.83140394
 0.83183671
  0.8282284
 0.82523138
 0.82573985
 0.82828218
  0.8333464
 0.83499577
 0.83771013
 0.84194356
 0.83450136
 0.83549468
 0.83452138
 0.83935686
 0.83660776
 0.83367209
 0.83281542
 0.83609323
 0.83146494
 0.83667239
  0.8441194
 0.84730174
 0.84614143
 0.84607233
 0.84390051
  0.8474499
 0.84251284
 0.84117583
 0.84451757
 0.84202695
 0.84121952
 0.83721793
 0.83760981
 0.84600665
 0.84700638
 0.83879379
 0.83766286
 0.83377405
 0.83891114
  0.8340193
 0.84171203
 0.83555336
 0.84136848
 0.83744421
 0.83325022
 0.83994664
 0.83725288
 0.83791037
 0.83784898
 0.83161642
 0.83179432
 0.83712057
 0.83527463
 0.83513556
 0.83858831
 0.84570607
 0.84145648
 0.83793067
 0.84819114
 0.84264638
 0.83960689
 0.84492886
  0.8441236
 0.84343785
 0.84032993
 0.84139162
 0.84349396
 0.84817631
   0.837529
 0.83539692
 0.83433658
 0.83766906
 0.83932133
 0.83899022
 0.83744893
 0.84631866
 0.84409361
 0.84310279
 0.83557658
 0.83760525
 0.83269037
 0.82907596
 0.83245018
 0.83052413
 0.83151394
 0.83082725
 0.83265025
 0.83347942
 0.83168751
 0.83238187
 0.83064246
 0.83247553
 0.83581176
 0.83169403
  0.8281911
 0.82551836
 0.82916825
 0.82898831
 0.83108396
 0.83649513
 0.84435294
 0.84182328
  0.8411029
 0.84304038
 0.84858384
 0.83744646
 0.84199845
 0.84044497
 0.83219556
 0.83209213
 0.83185306
 0.83900961
 0.84132901
 0.83738228
 0.84348576
 0.83733709
 0.84460079
 0.84906168
 0.84213498
 0.84965142
 0.84463181
 0.84971509
 0.85285494
 0.83989117
 0.84267749
 0.84107897
 0.83031082
 0.83373387
 0.83911325
 0.84575179
 0.84558266
 0.84510254
 0.84546254
 0.84436301
 0.84373446
 0.84761474
 0.84519727
  0.8439839
  0.8390831
 0.84671442
 0.84272607
  0.8341528
 0.84351136
 0.84171503
 0.84073301
 0.84435778
 0.84244511
 0.84882473
 0.84192588
 0.84463624
 0.84192428
 0.84304153
 0.84253333
  0.8405125
 0.83501829
 0.83967512
 0.83402459
 0.84151902
 0.83687547
 0.83551622
 0.83670519
 0.83474774
 0.84552492
 0.85017445
 0.84835477
  0.8489643
 0.84532876
 0.84795186
 0.85218454
 0.84348161
 0.84791293
 0.84585841
 0.85143484
 0.84850007
 0.84676855
 0.84304499
 0.83446644
 0.83506518
 0.83129065
  0.8350354
 0.83213202
 0.82958746
  0.8326582
 0.84057495
 0.84399844
 0.83924402
 0.83053042
 0.83747578
 0.84149426
 0.83800103
 0.84396185
 0.84068851
 0.84242471
  0.8451855
 0.84617858
 0.84444245
 0.84791556
 0.84391744
 0.84557798
 0.84945506
 0.84505391
  0.8459641
 0.84917736
 0.85179903
 0.85179029
 0.84776834
 0.84512154
 0.84362272
 0.83686573
 0.84148177
  0.8352692
 0.82909299
 0.82890678
 0.83304164
 0.83447931
  0.8384817
 0.83298413
 0.83507136
  0.8333405
  0.8333599
 0.84432486
 0.84473406
 0.83642161
 0.83728117
 0.83477867
 0.84083983
 0.83354433
 0.83596551
 0.85081423
 0.84159214
 0.84041396
 0.83945012
 0.83539148
  0.8390995
 0.83328752
 0.82393004
 0.81644023
 0.83007711
 0.82252066
 0.83009484
 0.83326486
 0.83926268
  0.8464301
 0.83773791
 0.84560869
 0.84196793
 0.83682154
 0.83382937
 0.82588768
 0.82560483
 0.81790717
 0.81507116
 0.81792147
 0.82260856
 0.81850641
 0.82295249
 0.82766359
 0.82355697
 0.82835931
 0.82534402
 0.83191653
 0.82466301
 0.82588793
 0.82458169
 0.82342478
 0.81093793
 0.81029877
 0.81179383
 0.81608657
 0.82238727
 0.82276173
 0.82773512
 0.83264006
 0.83551019
 0.83063621
 0.84162254
 0.83635892
 0.84509439
 0.83162321
 0.83781472
  0.8355479
 0.83384605
 0.84436746
 0.84439814
 0.84728992
 0.85771056
 0.85716161
 0.85117483
 0.86289356
 0.86089907
 0.86410393
 0.86896682
 0.87518558
 0.86913874
  0.8672945
 0.87253967
 0.87276064
 0.87370318
 0.86991064
 0.86582312
   0.872444
 0.86969461
 0.87267752
 0.88119993
 0.87717306
 0.88317695
 0.87950717
 0.88003456
 0.87006963
 0.86688569
 0.85913594
 0.86666934
 0.86755967
 0.87150778
 0.88014965
 0.87534741
 0.87569498
 0.88035269
 0.88429518
 0.88778252
 0.89101574
 0.88721091
 0.88133646
 0.87768007
 0.88886239
 0.88410098
 0.88255736
 0.88974431
 0.88736825
  0.8958639
 0.89616359
 0.88758836
 0.89622274
  0.8933542
 0.89732553
 0.88653402
 0.88860267
 0.88684644
 0.88321384
 0.89656596
 0.88710634
 0.88459632
 0.88934508
 0.88407675
 0.88192647
 0.89029515
  0.8841151
 0.89162217
 0.88829244
  0.8878826
 0.87666378
 0.88981249
 0.89141199
  0.9028775
 0.89092096
   0.898895
 0.90042951
 0.90346208
 0.89522176
 0.89489827
 0.89428494
 0.88328843
 0.88328502
 0.87879389
  0.8793352
 0.88743965
 0.88903517
   0.885818
 0.89311097
 0.89408324
 0.89617414
 0.89457251
 0.89090977
 0.88877455
 0.88132828
 0.88620786
 0.88628462
 0.88783238
 0.88921331
 0.88824813
 0.88908756
 0.89671926
 0.89379894
  0.8964985
  0.8902744
 0.88879841
 0.88536968
 0.88959357
 0.88607642
 0.89456779
  0.8962056
 0.89840614
 0.89083857
 0.88856439
 0.89042963
 0.88569655
 0.89543921
 0.89313653
 0.89741257
 0.89730879
 0.89896706
 0.88790977
 0.89206735
 0.89428298
 0.89173853
 0.88924234
 0.89041097
 0.89864311
 0.89788969
 0.89392703
 0.88508262
 0.88050766
  0.8810227
 0.88153025
 0.87655367
 0.87185099
 0.88297268
 0.87789699
 0.88509698
 0.87904536
 0.88723074
 0.87745998
 0.89430641
 0.89854774
 0.88830282
 0.89340934
  0.8877827
 0.87991825
 0.88635195
 0.88779462
 0.89036533
 0.89110001
 0.89117028
 0.89170864
 0.88538003
 0.88095649
 0.87997331
  0.8723858
 0.87735811
 0.88063484
 0.87697482
  0.8716309
 0.86947052
 0.86640045
 0.87337534
 0.86503302
 0.86824132
 0.86635001
 0.87183332
 0.88976852
 0.88573131
 0.89214582
  0.8982865
 0.89574918
  0.8956365
 0.89845104
 0.89726173
 0.90109425
 0.89894983
 0.89809922
 0.89462861
 0.88985807
 0.89559053
 0.88740449
  0.8952692
 0.88926304
 0.89503928
 0.89726901
 0.89314777
 0.89406673
 0.88350111
 0.89054186
 0.89813122
 0.89975018
 0.90298484
  0.9068145
 0.90359054
 0.90738009
 0.90867762
 0.90839958
 0.91485683
 0.90517992
 0.91241044
 0.91028058
 0.91229305
 0.91458914
 0.90973293
 0.90832267
  0.9104778
  0.9152493
 0.92085916
 0.91552836
 0.91765885
 0.92141188
 0.91945481
 0.92006257
 0.92076939
  0.9265976
 0.92434909
 0.92781017
 0.92682393
 0.92280347
 0.92576069
 0.92548551
 0.92230377
 0.92832895
 0.91581939
 0.91708016
 0.91502468
 0.91568636
 0.91691471
 0.91790796
 0.91562001
 0.91129881
 0.90258776
 0.91285928
  0.9144543
  0.9121079
 0.91460411
 0.91172023
 0.91267218
 0.89854095
  0.9076273
 0.91002467
 0.91909144
   0.908455
 0.91121648
  0.9151774
 0.91923319
 0.92251464
 0.92845749
 0.92837141
 0.92107344
 0.91931002
 0.91944801
 0.91790577
 0.92061019
 0.92099186
 0.92381777
 0.92481002
   0.928248
 0.93115496
 0.92470966
 0.92209194
 0.91648073
 0.91767393
 0.91902414
 0.90842045
 0.91493985
 0.91313845
 0.91109775
 0.91077959
 0.91158824
 0.89912566
 0.90692294
 0.91266876
 0.91718834
 0.91967322
 0.92023258
 0.92375372
 0.91518689
 0.91283727
 0.91889156
  0.9210603
 0.92586032
 0.92351228
 0.92522933
 0.91711268
  0.9122792
 0.91592754
 0.91829471
  0.9126435
 0.91893234
 0.91076078
 0.91240379
 0.90432839
 0.91381324
 0.91535727
  0.9099546
 0.92064608
 0.91666909
  0.9190024
 0.92822958
 0.92056807
 0.92326183
 0.91923884
 0.92583903
 0.92777791
 0.92513336
 0.91817373
 0.92028342
 0.92381391
 0.91872895
  0.9150081
 0.90835997
  0.9045842
 0.89253152
 0.89629531
 0.90849931
 0.90258097
 0.91013952
 0.90856328
 0.91709145
 0.90750174
 0.91685588
 0.91166023
 0.90195749
 0.89535481
 0.87632134
 0.86163307
 0.86267545
 0.87263113
 0.88280291
 0.88580579
 0.87920463
 0.87917154
 0.88671877
 0.89389077
 0.89631284
 0.89373405
 0.88253234
 0.88671166
 0.88979082
 0.89267101
 0.89871618
  0.8939619
  0.8885595
 0.89586871
 0.89794489
  0.8986053
 0.89441126
 0.89093461
 0.88154972
 0.88160843
 0.87627847
 0.89083179
 0.90879578
 0.91689773
 0.91814231
 0.91887765
 0.91849063
 0.91231244
 0.92022333
 0.91853931
 0.90351682
 0.90801606
 0.91211271
 0.90954297
 0.89799216
 0.89827085
 0.89378608
  0.8974143
 0.89442652
 0.89414105
 0.89542314
 0.89974181
 0.90250031
 0.89953568
  0.8966519
 0.90056154
 0.90048917
 0.88989905
 0.89602402
  0.9074929
 0.90148782
 0.89984876
 0.89560999
 0.88570122
 0.89523995
 0.88781024
 0.88573079
 0.88914894
 0.88206135
 0.87803349
 0.87968239
 0.88230856
 0.88154213
 0.87957307
  0.8694937
 0.86614532
  0.8514061
 0.87656243
 0.86465299
 0.85988525
 0.86492986
 0.86106744
 0.86148758
 0.86639534
 0.84294186
 0.85975134
 0.86033504
  0.8684865
 0.87436403
 0.86656639
 0.88061187
 0.87064101
 0.87164422
 0.88494486
 0.87032096
 0.88175288
  0.8877175
 0.86351963
 0.87457194
 0.86575588
 0.86818173
 0.88512429
 0.87261644
 0.87741688
 0.88976287
 0.88600067
 0.88418444
 0.90196058
 0.88780344
 0.89016064
 0.88168879
 0.87754359
 0.87821326
 0.88139783
 0.87982666
 0.88495928
 0.87647426
 0.88250416
 0.86885284
 0.88403381
 0.86303178
 0.86220503
 0.85770813
 0.85347088
 0.84884868
 0.85334458
 0.84819634
 0.85635478
 0.85529465
  0.8589741
 0.86579924
 0.86198158
 0.85753481
 0.86765998
 0.86388946
 0.86595821
 0.86237589
 0.84896094
 0.86216444
 0.86191615
 0.86858848
 0.85692575
 0.86989159
  0.8539643
 0.85446663
 0.84414785
 0.84904098
 0.85192445
 0.83790829
 0.83647752
 0.83024152
 0.83136698
 0.82712104
 0.83080906
 0.83560696
 0.83550365
 0.82792442
 0.82927933
 0.83461912
 0.82367603
 0.82082548
 0.81377773
 0.80954454
 0.80642591
 0.80645048
 0.80589427
 0.80736998
 0.80623895
 0.80285555
 0.81157119
 0.79911031
 0.80125932
 0.81050891
 0.80375147
 0.81459869
 0.81837001
 0.81649461
 0.81741517
 0.81747452
 0.81413143
 0.81652208
 0.81449154
 0.81438928
 0.81813967
 0.82063535
 0.81063781
 0.81362313
 0.82539054
 0.81589529
 0.82061637
 0.82020655
  0.8217752
 0.81727431
 0.81522521
 0.81765135
 0.82379978
 0.82084704
 0.81991774
 0.81292024
 0.81266448
 0.82165583
 0.82235614
 0.82141915
 0.81921617
 0.82654945
 0.82150247
 0.81124103
 0.81715349
 0.81353611
   0.807561
 0.81534891
 0.80959319
 0.80155851
   0.805675
 0.80877486
 0.81055412
 0.81429331
 0.82095922
 0.82399988
 0.82376944
 0.82594915
 0.82221351
 0.82291202
 0.82651423
 0.82270292
 0.81273666
 0.82006974
 0.81762191
  0.8191965
  0.8152454
 0.81894424
 0.82174923
 0.82879704
 0.83055133
 0.83018172
 0.83004739
 0.82968512
 0.83447764
 0.82794955
 0.82336176
 0.82182046
  0.8264085
 0.82202121
 0.82612108
  0.8252706
 0.83746972
 0.83217542
 0.83402112
 0.82871707
 0.82488323
 0.82865141
 0.82370612
 0.82805768
 0.83046744
 0.82416004
 0.82489083
 0.82543779
 0.83164315
 0.82634668
  0.8303894
 0.83085272
 0.83107212
 0.83012571
 0.83239902
 0.82453599
   0.823352
 0.81626108
 0.82164124
 0.81862724
 0.82573039
 0.82489604
 0.82362601
 0.82143322
 0.82279736
 0.82456412
  0.8199044
  0.8158982
 0.81785071
 0.81862549
 0.81849194
 0.81386383
 0.81592552
 0.81441001
 0.81549631
 0.80745508
 0.80608385
 0.80987641
 0.80809844
 0.81002742
 0.81119275
 0.81181228
 0.81024457
  0.8189195
 0.81236834
 0.81442953
 0.81682492
 0.81267221
 0.80967088
 0.81080196
 0.80922779
 0.81097358
 0.80787795
 0.80736029
 0.80393629
  0.8030367
 0.80339827
 0.80684556
 0.81116581
 0.81420245
 0.81320763
 0.81388291
 0.80964909
 0.80880781
  0.8125737
 0.81360226
 0.81071062
 0.81245833
 0.80816357
 0.81514657
 0.81373141
 0.81150603
  0.8097593
  0.8056666
 0.80321102
 0.80792901
   0.808154
   0.809895
  0.8071553
 0.81138396
 0.80978647
 0.81200487
 0.81591193
 0.80821006
 0.81089114
 0.80410194
 0.80842882
 0.80789811
 0.81847535
 0.81805565
 0.81822741
  0.8246261
 0.82482542
  0.8225655
 0.83266072
  0.8330332
 0.82505492
 0.82412705
 0.81842359
 0.82231827
 0.82510625
 0.83950513
 0.84304104
 0.84211817
  0.8383724
 0.83996259
 0.84675632
 0.84034262
 0.83767251
 0.83127494
 0.84061057
 0.83409241
 0.84389264
 0.84282819
 0.84470663
 0.84907646
 0.86730804
 0.85936929
 0.84565307
  0.8467061
 0.85309406
 0.84158524
 0.84564425
 0.84967181
  0.8469512
 0.84240206
 0.83658422
   0.827231
 0.82853791
 0.82740753
 0.82235963
 0.82042336
 0.81212679
 0.82183142
 0.82037339
 0.82841555
 0.83370181
 0.83114915
 0.83375801
 0.83245343
 0.82559933
 0.81148631
 0.80346403
 0.80405939
 0.80285838
 0.81580152
 0.81231138
  0.8055588
 0.80801819
 0.80056757
  0.8119328
 0.81511912
 0.81974214
 0.81846984
 0.81419727
 0.82068917
 0.80992095
 0.81434524
 0.82054082
 0.82112413
 0.82927178
 0.82299166
 0.82010752
 0.82547973
 0.83287214
 0.81977611
 0.81655013
 0.81965121
 0.81467485
 0.81802057
 0.81410429
 0.81358837
 0.80296337
 0.81656611
 0.81193213
 0.82634361
 0.82833985
 0.83390971
 0.83681201
 0.84238126
 0.84319964
 0.84396074
 0.83945251
 0.84327845
 0.84025665
    0.84078
   0.841219
 0.82717736
 0.83235629
 0.82389632
 0.82038105
 0.82041316
 0.80553096
 0.80344257
   0.806824
 0.81730628
 0.82013089
 0.81750292
 0.81294966
 0.81804719
 0.81504374
 0.82483068
 0.81468856
 0.82214713
 0.82475106
 0.82722961
 0.82462774
 0.82171591
 0.81833808
 0.82335307
 0.81909797
 0.81892611
 0.82722454
 0.83353853
 0.83849541
 0.83928355
 0.83936282
 0.84035512
  0.8291994
 0.82733911
 0.83361082
 0.84084218
 0.84538489
 0.84063977
 0.84298711
  0.8422048
 0.83513779
 0.84248232
 0.83573707
 0.83220656
 0.83073393
 0.83911305
 0.84744035
 0.84806098
 0.84097123
 0.84040183
 0.85092187
 0.84260011
 0.84024425
 0.84739965
 0.83670308
 0.84398887
   0.851327
 0.84335016
 0.84465056
 0.84808998
 0.84504262
  0.8483338
 0.84593222
 0.85546401
 0.84958931
 0.84625563
 0.84905359
 0.85693716
 0.85552656
 0.85487688
 0.85557098
 0.85231934
  0.8547871
 0.84992511
 0.85265518
 0.84596547
 0.85146978
 0.85340178
 0.84931963
   0.850049
 0.85335443
 0.85254695
 0.85090782
 0.84949777
 0.85741919
 0.85619843
 0.85624582
 0.85973288
 0.86200039
 0.86669195
 0.86127238
 0.86768647
 0.86897465
 0.86478939
 0.86127602
 0.85924907
 0.86119522
 0.85462677
 0.86195044
 0.85811178
 0.85263098
  0.8621562
 0.86696395
 0.85928267
 0.85362959
 0.84750818
 0.85957105
 0.87354087
 0.87422971
 0.87862812
 0.86947032
  0.8751678
 0.87929708
 0.88588427
 0.87103453
 0.88024892
 0.87793759
 0.87986993
 0.87181069
 0.87398772
 0.87623146
 0.86831178
 0.88719671
 0.87039793
 0.87500639
 0.87370632
 0.88006333
 0.87606913
 0.88187118
 0.88423212
  0.8864028
 0.88257039
 0.88348973
 0.87566429
 0.87573672
 0.87573575
 0.88681725
 0.89027989
 0.88863096
 0.88132184
 0.87978062
 0.88637412
 0.89241848
 0.88236364
 0.87992802
 0.88225352
 0.88547825
 0.88727781
 0.88700277
 0.88591294
 0.88680716
 0.89021237
 0.88145271
 0.87870999
 0.88776014
  0.8751618
 0.86798575
 0.86830918
 0.87015934
 0.87444977
 0.87739257
 0.88195591
  0.8903795
 0.89292276
 0.88583789
 0.88536075
 0.89523272
 0.89007242
 0.88812856
 0.89118821
 0.89166458
 0.89147684
 0.88862372
 0.88522901
  0.8876336
 0.88459342
  0.8844136
 0.88835475
 0.88965921
 0.89483537
 0.89338523
  0.8913235
 0.89035288
 0.88958637
 0.88910238
 0.89395854
  0.8940794
 0.89001016
 0.89422409
 0.89685893
 0.88848706
 0.89431043
 0.89004365
 0.90225458
 0.89565013
 0.89798315
 0.90483311
 0.90192632
  0.9076006
 0.90436887
 0.90222223
 0.89968461
 0.90216527
 0.90306597
 0.90067496
 0.90280232
 0.90172558
 0.90839785
 0.90944219
 0.91202532
 0.90619746
 0.90599921
  0.8943566
 0.89216797
 0.89092514
 0.89485228
 0.89066834
 0.89824538
 0.89749492
 0.89641945
 0.89370189
 0.89229109
 0.88433373
 0.89042429
 0.88117868
  0.8853098
 0.88252755
 0.88634869
 0.88139595
  0.8799161
 0.87311679
 0.87143478
 0.87505193
 0.88224887
 0.89034041
 0.89514427
 0.89563533
 0.89892072
 0.89588263
 0.89697353
 0.89755918
 0.90025923
 0.89542416
 0.89865394
 0.89795408
 0.88735507
 0.89206323
 0.88573152
  0.8886743
 0.88768674
 0.88808796
 0.88934695
 0.89317074
 0.88917621
 0.89353408
 0.89621457
 0.89171221
 0.89174596
 0.89091376
 0.89241189
 0.89276712
 0.88248695
 0.86767078
 0.87192323
 0.88923618
  0.8980342
 0.89945823
 0.89876287
 0.90342624
 0.90482158
 0.90284456
 0.89474558
 0.90088627
 0.90014848
 0.90542447
 0.90634254
 0.90486867
 0.90548275
 0.90825417
 0.90830163
 0.90889495
 0.90982587
 0.90670023
 0.90472088
 0.90496306
 0.90570194
 0.90572421
 0.90052575
 0.90134768
 0.89801511
   0.900567
 0.89700093
 0.89796837
 0.89636795
 0.90059412
 0.90122864
  0.8943964
 0.89691334
 0.89055089
 0.89319728
 0.88800381
 0.89580958
 0.88830547
 0.88825027
 0.88875275
 0.88787955
 0.89014043
   0.887722
  0.8868091
 0.88636924
 0.88115736
 0.88491786
 0.87807849
 0.87098798
 0.87115106
 0.87871589
 0.87765602
 0.88236317
 0.88625172
 0.89266919
 0.89340756
  0.8865449
 0.88268431
 0.87693153
 0.87633953
 0.87016594
 0.89164128
 0.89344755
 0.89767788
 0.89953853
 0.89734204
  0.9002119
 0.89556747
 0.89934261
 0.89243596
 0.89521854
 0.89091009
 0.89226886
 0.88791624
 0.89566701
 0.89120386
 0.88716934
   0.891375
 0.88928618
 0.89013378
 0.88268458
 0.88606968
  0.8876527
  0.8932671
 0.89056048
 0.88826951
  0.8925615
 0.88928378
 0.88500821
 0.88290258
 0.87843181
 0.89240261
 0.89172732
  0.8916461
 0.89078849
 0.88442605
 0.88403598
 0.88584287
 0.88053394
 0.87968931
 0.89191866
 0.88667859
 0.88206262
 0.88018665
 0.87849267
 0.88114803
 0.87613239
 0.87582524
 0.87695508
 0.87810075
 0.88241808
  0.8818053
 0.88644859
 0.87964102
 0.87570896
 0.88006846
 0.88007821
 0.87928621
 0.88277355
 0.89094119
 0.88813866
 0.88250833
 0.89332145
 0.88744524
 0.89439968
 0.88868632
  0.8907975
 0.88120785
 0.88284335
 0.88230056
 0.88015779
 0.88279323
 0.88406353
 0.88120432
 0.87226901
 0.87166809
 0.87268906
  0.8793303
  0.8810678
 0.88685436
  0.8722769
  0.8723044
 0.87204518
 0.87206535
 0.86955265
 0.87549853
 0.88646401
 0.87583051
 0.87744521
 0.88388915
  0.8789763
 0.88280525
 0.88212462
 0.88026218
 0.88326055
 0.88139576
 0.89336394
 0.89588827
 0.89810853
 0.90000059
 0.90243754
 0.90156412
 0.89678185
 0.89661651
 0.89749026
 0.90276912
 0.91078525
  0.9119373
 0.91233438
   0.911425
 0.91305653
 0.91036388
 0.91090236
 0.91043976
 0.90708101
 0.90139697
 0.89472539
 0.89665218
 0.89822729
 0.90415835
 0.89790822
 0.89880104
 0.89865328
 0.89918501
 0.90522903
 0.90043363
 0.90428678
 0.90981074
 0.90616977
 0.90037294
 0.90176457
 0.89517328
 0.89170243
 0.88817188
 0.88367125
 0.89190065
 0.89763614
 0.90322701
 0.91464067
 0.91028124
 0.91396063
 0.90985151
 0.91376486
 0.91557086
 0.91560617
 0.91636664
 0.90992884
 0.91366436
 0.91696724
  0.9158956
 0.91528706
  0.9166206
 0.91307438
 0.91216913
 0.91043825
 0.90883658
 0.90757889
 0.91409186
 0.91263445
 0.91977096
 0.91179146
 0.90630511
 0.90574705
  0.9081163
 0.91218795
 0.91411741
 0.90722664
 0.90910089
 0.90685952
 0.91072943
 0.90929211
 0.90673622
 0.90673073
 0.90276593
  0.8981347
 0.89246407
 0.89089207
 0.89000762
 0.88673169
 0.88915526
 0.89328664
   0.899174
 0.89377852
 0.89210276
 0.89573104
 0.89665448
 0.89491501
 0.89966082
 0.90601181
   0.906469
 0.90738843
 0.90702319
 0.90380387
 0.90684325
 0.90656908
 0.90874241
 0.90897879
 0.90890651
 0.91258151
 0.91391476
 0.91455469
 0.91203323
 0.90742481
 0.90522106
 0.90653004
 0.90441391
  0.9011478
 0.89483656
 0.89586249
 0.90217974
 0.90516373
 0.90387923
 0.90441774
  0.9002518
 0.90414316
 0.91027787
 0.91001532
 0.90602372
 0.89965313
 0.89472232
 0.90373394
 0.90106637
 0.90049485
 0.90014608
 0.90200862
 0.89946629
 0.90079537
 0.89637714
 0.89235182
 0.89214871
 0.89331575
 0.90401088
  0.9012903
 0.89761897
 0.90071082
 0.90176029
 0.90063794
 0.90183228
 0.90439917
 0.90535307
 0.90943289
 0.90457198
 0.90529479
 0.91429345
 0.91639357
 0.90605283
 0.90580515
  0.9027832
 0.90178735
 0.89749267
 0.89503867
 0.88817559
 0.88161665
 0.88910874
 0.89461006
 0.89915016
 0.89901648
 0.90263358
 0.89830165
 0.89187031
 0.88658578
 0.89079204
 0.89458393
  0.8993885
 0.89662858
 0.89728506
 0.89565693
 0.89887591
 0.89692434
 0.88838095
 0.89373703
 0.89526836
 0.89658183
 0.90008418
  0.8988935
 0.89895767
 0.89131446
 0.88847634
 0.88669169
 0.88696611
 0.88068408
 0.88128374
 0.87629956
 0.87749286
  0.8695324
 0.87553531
 0.86764099
 0.86340268
 0.87007421
 0.86411836
 0.87866089
 0.87653563
 0.87573074
 0.88014193
 0.88014657
 0.87714317
 0.87613036
 0.87540004
 0.87807612
 0.87170856
 0.87108165
 0.87656432
 0.87518342
 0.87472152
  0.8682918
 0.87175062
 0.87567386
 0.87807112
 0.87648879
 0.87361538
 0.87442391
 0.87800067
 0.87919787
 0.87940035
 0.87573616
  0.8796281
 0.88234103
 0.88091948
 0.87851649
 0.87739314
 0.87872084
 0.87336925
 0.87764652
 0.87247733
 0.87510947
 0.87787236
 0.88065035
 0.88364219
 0.88231338
 0.88581637
 0.88359065
 0.88676019
 0.88519488
 0.88636437
  0.8858638
  0.8845127
 0.88633727
 0.88535281
 0.88161968
 0.88824539
 0.88359183
 0.88213686
 0.88336921
 0.88065677
 0.88558011
 0.88971025
 0.87902269
 0.87134959
 0.88193045
 0.87475807
  0.8830692
 0.88459487
 0.89328218
 0.88746768
 0.88554045
 0.87971643
  0.8835573
 0.88480957
 0.88325792
     0.8782
 0.88284834
 0.88077182
 0.87497703
  0.8762452
 0.88387639
 0.88540984
 0.88504999
 0.88603633
 0.88647809
 0.88762795
 0.88644114
 0.88286971
 0.88616431
 0.88255262
 0.88400955
 0.87895341
 0.88592435
 0.88503701
 0.88055722
 0.87896213
 0.88133611
 0.88451744
 0.87292728
 0.87080047
 0.87207294
 0.87725745
  0.8775761
 0.87129083
 0.87460213
 0.88149673
 0.88553881
 0.88502206
 0.88769756
 0.88482599
 0.88796172
 0.88600758
 0.88561801
 0.89051508
 0.88984738
 0.88772007
 0.88313956
 0.88076528
 0.88572305
 0.88664938
 0.88406773
 0.88250549
  0.8815497
 0.87912133
 0.87592037
 0.87316487
 0.87454512
 0.86955293
 0.87632755
 0.88299944
 0.87963174
 0.88513554
  0.8857212
 0.88129919
 0.87964875
 0.87172485
 0.86713114
 0.85997508
 0.85809319
 0.86062096
 0.86594928
 0.86860352
 0.87123258
 0.87307273
 0.86816168
  0.8761089
 0.87680186
 0.87356491
 0.87213717
  0.8669603
 0.86308744
 0.86927491
 0.87339242
  0.8700408
 0.87123269
 0.86912639
 0.86662099
  0.8641172
 0.87447531
 0.87431622
 0.87282588
 0.86623216
 0.85793273
 0.85415434
  0.8592338
  0.8741415
 0.87223887
 0.87045039
 0.87894795
 0.89252609
 0.88391537
 0.87866324
 0.87958581
 0.88152949
 0.88617175
 0.88708724
 0.88884732
 0.88535031
 0.88191162
 0.88718779
 0.88871911
 0.88459547
 0.87598307
  0.8665289
 0.87053374
 0.87211268
 0.87080181
 0.87763366
 0.87856057
  0.8792989
  0.8875169
 0.87905045
 0.88156508
 0.88169167
  0.8758319
 0.87380074
 0.86928519
 0.87147818
 0.86851158
 0.86786278
 0.87782258
 0.88130703
 0.88279466
 0.88209919
 0.88754476
 0.89344104
 0.88764373
 0.88177821
 0.88713147
 0.88958162
   0.885448
 0.88516151
 0.88490508
 0.87660779
 0.86129363
 0.86470798
 0.86291606
 0.85573191
 0.86442302
 0.87046115
 0.87542574
  0.8754584
 0.87641628
 0.87944588
 0.86888992
 0.86201486
  0.8561797
 0.86524375
 0.87002218
 0.87037314
 0.86942251
 0.87497298
 0.87792548
 0.87407332
 0.87755184
 0.87069467
 0.86954382
 0.86614616
 0.86738865
 0.86956339
 0.87023738
 0.86630846
 0.86399089
 0.86475184
 0.86178339
 0.86078365
 0.85653155
 0.87417507
 0.87560097
 0.87242622
 0.86381937
  0.8703658
 0.86804384
 0.87301908
 0.87620833
 0.87220127
  0.8700659
 0.87494529
 0.87905035
 0.88406274
 0.88209691
 0.87735307
 0.88396198
 0.87451119
 0.86975128
 0.86696127
 0.86951274
 0.87299688
 0.87244531
 0.87903492
 0.87843094
 0.87502934
 0.87072412
 0.85646325
 0.84860895
 0.84673979
 0.84951243
 0.84751429
   0.843243
 0.84600312
 0.85481623
 0.86567252
 0.87337277
 0.87402132
 0.87853572
 0.87959112
 0.88229629
 0.88061398
 0.88129761
 0.88290612
 0.88213021
  0.8770979
 0.88262172
 0.88045798
 0.87329594
 0.87923382
 0.88180615
 0.88124525
 0.88142662
 0.88344925
 0.88751797
 0.88582422
 0.88883654
 0.88478739
 0.88704053
 0.88643911
 0.88748612
 0.88921774
 0.88387973
 0.87786829
 0.88012138
 0.87932868
 0.88185004
 0.88252402
 0.88196618
 0.88426047
 0.88641542
 0.88054246
 0.88608695
 0.89077267
  0.8905898
 0.89353147
 0.89425129
 0.89418153
 0.89524049
 0.89413175
 0.89411432
 0.89423826
 0.88719624
 0.88115058
  0.8746482
 0.87296911
 0.87628858
 0.87980633
 0.87585025
 0.87673109
 0.86738478
 0.86566099
  0.8606362
 0.85986619
 0.86644172
 0.87215967
 0.87126067
 0.86813203
 0.87435473
  0.8730973
 0.87576608
  0.8780343
 0.87918834
 0.88498415
 0.88876882
  0.8882194
 0.89067321
 0.89303769
 0.89898631
 0.89697175
 0.89659619
 0.89661347
 0.89480497
 0.89663124
 0.89810348
  0.8934821
 0.89509288
  0.8936638
 0.89046574
 0.88743175
 0.89079656
 0.88372546
 0.88680095
 0.88699786
 0.88475249
  0.8882613
 0.89077933
 0.89167655
 0.89289674
 0.89558919
 0.90098619
 0.89972812
 0.90083869
 0.90212623
 0.89879529
  0.8989424
 0.89297369
  0.8968491
 0.89712482
 0.89679975
 0.89665626
 0.89556386
  0.8975834
 0.89815421
 0.89853437
 0.89841703
 0.89928403
 0.89699393
 0.89437854
 0.89605238
 0.89239649
 0.88910241
 0.89093422
 0.89002015
 0.88774892
 0.89271605
 0.89458482
 0.89377797
 0.89214824
  0.8927148
 0.89214278
 0.88752993
 0.88874951
 0.89545575
 0.89458639
 0.89813042
 0.90103283
  0.8983004
 0.89300182
 0.89019644
 0.88934849
 0.88985426
 0.89064295
 0.89170186
 0.88737834
  0.8781593
 0.86955056
  0.8622133
 0.87061826
 0.87201582
 0.87731621
 0.88073125
 0.88008168
 0.87932131
 0.88157776
 0.88662297
 0.87917259
 0.87049462
 0.87157931
 0.87357592
 0.86653868
 0.86497053
 0.86200829
 0.87021847
 0.87008633
 0.86283725
 0.86684641
 0.87065536
 0.87410584
 0.86794512
 0.86024099
 0.86273084
    0.86778
 0.87106067
 0.87086198
 0.86561168
 0.86960679
  0.8702847
 0.86524578
 0.86583826
 0.87201344
 0.86486138
 0.85249562
 0.84041835
 0.83096086
 0.83214535
 0.83248661
 0.83116263
 0.82915387
 0.83973974
   0.844851
 0.84373752
 0.85021712
 0.84794162
 0.83369133
 0.83758549
 0.84134706
 0.83594983
 0.83895643
 0.84781267
 0.84872533
 0.84920768
 0.84790541
 0.85117029
 0.84637208
 0.84366177
 0.84305798
 0.84676058
 0.85791214
 0.85601381
 0.84641156
  0.8518761
 0.84207186
 0.83599904
 0.83320865
 0.83614273
 0.83531364
  0.8329675
 0.82589589
  0.8246932
 0.82908435
 0.82249406
  0.8223733
 0.82008743
 0.81752486
 0.82330784
 0.82603564
 0.83009844
 0.83172579
 0.83233689
 0.82366157
  0.8320186
 0.84186646
 0.83512091
 0.83577752
 0.84186287
 0.84315611
 0.84046927
 0.84025821
 0.83397133
 0.83042366
 0.83377411
 0.83465319
 0.82407176
 0.82312153
 0.82649915
 0.83614346
 0.83186221
 0.83883218
 0.82724809
 0.83066575
 0.83445411
 0.83625644
 0.84371743
 0.84541912
 0.84602366
 0.85725185
 0.85555041
 0.85857477
 0.85040868
 0.85497096
 0.85856236
 0.85568783
 0.85872989
 0.85911457
 0.85929265
 0.85949732
 0.87642088
 0.87775851
 0.87579591
 0.87252113
 0.86116216
 0.85916344
 0.85393871
 0.84094199
 0.83693293
 0.84540294
 0.84906908
 0.85353474
 0.85812811
 0.86268567
 0.86452071
 0.86018329
 0.85943295
  0.8584946
 0.86503069
 0.86711811
 0.86100431
 0.85675129
  0.8542121
  0.8538241
 0.84385246
 0.84371626
 0.83347797
 0.83573269
 0.83568264
 0.83965202
 0.83642511
 0.83872804
 0.83567747
 0.84077426
  0.8395441
 0.84050317
 0.83777548
 0.83339227
 0.83355756
 0.83328105
 0.83246193
 0.83306628
 0.83931732
 0.82871164
 0.82819814
 0.83169035
 0.83532769
 0.83222785
 0.83319794
 0.83906769
 0.83905682
  0.8395649
  0.8420034
 0.84476124
 0.84739326
 0.84613101
 0.84022829
 0.84168465
 0.84214223
 0.84685385
 0.84720565
  0.8492572
 0.85533665
 0.85649281
 0.85539536
 0.85387168
 0.85305854
 0.85290797
 0.84695943
 0.85110387
 0.85276978
 0.84714625
 0.84196119
   0.845616
 0.84471284
  0.8511379
 0.85039997
 0.84675726
 0.84975142
 0.84587969
 0.85062461
 0.83806285
  0.8355988
 0.83916276
 0.83557597
 0.84032622
 0.84299036
 0.84358137
 0.83101002
 0.83077851
  0.8288096
 0.83204052
 0.82566561
 0.81904246
 0.81703256
 0.83105768
 0.82758991
 0.82021022
  0.8198448
 0.81732613
 0.81936015
 0.80978985
 0.80330637
 0.78914275
 0.79279552
 0.79513419
 0.78811977
 0.78856417
 0.79739929
 0.79894516
 0.80266112
 0.78755723
 0.78738062
  0.7952481
 0.79165282
 0.79565402
 0.79083488
 0.78734504
 0.78269379
 0.78022638
 0.78771639
 0.79132494
 0.79792106
 0.79643185
 0.80567677
  0.8015319
 0.79527462
 0.79240177
 0.78920772
 0.79206972
  0.7991878
 0.80669408
 0.80362335
 0.80908382
 0.80890403
 0.80733014
 0.81384877
 0.81402048
 0.81335654
 0.81448842
 0.81752168
 0.82140063
 0.81449337
 0.82623864
 0.82784749
 0.82945139
 0.83216062
 0.83037938
 0.82640721
 0.82706657
 0.83221131
 0.83138376
 0.83194943
 0.83575949
 0.83229021
 0.82665371
 0.82236548
 0.82433104
 0.82545481
 0.82408804
 0.82014403
 0.82407333
 0.82753967
 0.82462753
 0.81688727
 0.81223862
 0.80732704
  0.8118895
 0.80821453
 0.80559003
 0.81157813
 0.81251358
  0.8116474
 0.81585923
 0.81545471
 0.80132923
 0.80463325
  0.8144182
 0.81246952
 0.80829766
 0.81391556
 0.81750031
 0.81825032
 0.81447666
 0.81475236
 0.81218842
  0.8148188
 0.80968662
 0.80744436
 0.80744047
 0.80976585
 0.80981213
 0.81067287
 0.81540565
 0.81483457
 0.81150959
 0.80893479
  0.8111679
 0.81255369
 0.80966842
 0.80422769
  0.8044638
 0.80256383
 0.80088142
 0.80008434
 0.79927294
 0.79905425
 0.79893982
 0.80186363
 0.80010587
 0.79632678
 0.79546521
  0.8009005
 0.80059744
 0.79958761
 0.79833864
 0.79199995
 0.79586331
 0.79213446
 0.79688741
  0.7899327
 0.78328425
 0.78390499
 0.78523761
 0.79124069
 0.79712682
 0.79260616
 0.79086676
 0.78444698
 0.77517175
 0.77012955
 0.77265004
 0.75848483
 0.75064748
 0.75284187
 0.76690429
 0.76244599
 0.77011869
  0.7760404
 0.78364343
 0.79108872
 0.79090341
 0.79344592
 0.79554576
 0.78971465
 0.78851808
 0.79027603
  0.7920148
 0.79391687
 0.79283556
 0.79524524
 0.79773367
 0.79801822
 0.79709994
 0.79845621
  0.7981116
 0.80465218
 0.80513875
 0.80189929
 0.80550789
 0.80190866
 0.80798454
 0.80488045
 0.80179508
 0.80150902
 0.80458804
 0.80425954
 0.79866042
 0.79987825
  0.7980154
 0.79999965
 0.80321562
  0.8039908
 0.80139999
 0.79704571
 0.79362249
 0.79567721
 0.80271527
 0.80865758
   0.808633
 0.81302367
 0.81375362
 0.81435725
 0.81861245
 0.81610585
 0.81689342
 0.82470758
 0.82747009
 0.82519117
 0.82293827
 0.81967181
   0.817756
 0.81858215
 0.81583601
 0.80668013
 0.80433114
 0.79678942
 0.79891627
 0.79380086
 0.79305983
 0.79979711
 0.79542649
 0.79188731
 0.79231299
 0.79594601
 0.79312082
 0.79876549
   0.801793
  0.8004773
 0.80703254
 0.80616172
 0.80778745
 0.81491824
 0.81638262
 0.81149032
 0.81031897
 0.81405574
 0.81688097
 0.81394588
 0.81286207
  0.8168284
   0.817838
 0.81559778
 0.81294498
  0.8125218
 0.81246742
 0.81676998
 0.82156746
 0.81563233
  0.8180424
 0.81902774
 0.81451832
 0.81840846
 0.81887791
 0.82270156
 0.81883423
 0.81609062
 0.82136589
  0.8152176
  0.8079657
 0.80891073
 0.80720544
 0.81132095
 0.81463757
 0.81058051
  0.8096375
 0.82167176
 0.82035157
 0.81517208
 0.81911809
 0.82257772
  0.8192239
 0.81653398
 0.81697493
 0.81364547
 0.82210019
 0.81866642
  0.8192338
 0.82020207
 0.82468216
 0.82169391
 0.82374702
 0.81538792
  0.8271091
 0.82152296
  0.8319141
 0.82692864
 0.82730397
 0.83067119
  0.8363432
 0.83844476
 0.83685171
 0.83305535
 0.82529207
 0.83111889
 0.82522156
 0.83078067
 0.82632303
 0.82578181
 0.82930442
 0.82643793
 0.82445228
 0.82966472
 0.82662375
 0.83112077
 0.82736136
  0.8243816
 0.82367408
 0.82656021
 0.82537331
 0.82537451
 0.82387515
 0.82546282
 0.82401958
  0.8197771
 0.82402089
 0.82047604
 0.81907573
 0.82211631
 0.82108958
 0.81421929
 0.81452005
  0.8165703
 0.81299423
   0.811099
 0.81500273
 0.81567699
 0.81491035
 0.81058983
 0.81256252
 0.82129817
 0.82574888
 0.81894941
  0.8141952
 0.81485939
 0.80965788
 0.80629431
 0.80096026
 0.79385545
 0.80109667
 0.80655951
 0.80514515
 0.80245732
 0.80481115
 0.80869021
 0.80630005
 0.80626907
 0.80648176
 0.80335265
 0.80512276
   0.802928
 0.80290288
 0.79805713
 0.79867762
 0.79942296
 0.80028244
 0.80417706
 0.79932252
 0.80166961
 0.80049379
 0.79686711
 0.80182053
 0.80650355
 0.80549857
 0.80056715
 0.79621708
 0.79358927
  0.7968411
 0.80083581
 0.79635495
 0.79854802
 0.79798775
 0.79572056
  0.7886194
  0.7922849
 0.79072384
 0.78741661
 0.78619691
 0.78221313
  0.7797935
 0.78272308
 0.78194933
 0.78030384
 0.76880024
 0.76615679
  0.7716966
  0.7672652
   0.766391
 0.76812085
 0.76779187
 0.77586925
  0.7861759
 0.78874943
 0.79282332
 0.79076714
 0.79452642
 0.79701841
 0.79416064
 0.79311615
 0.78962135
 0.77845273
 0.78315168
 0.78931038
 0.78570799
 0.78423052
 0.78150364
 0.77856642
 0.78244349
 0.78037253
 0.77712351
 0.78232293
 0.78616465
 0.78596214
 0.78802764
 0.79567188
 0.79650813
 0.79875601
 0.79684568
 0.80621326
 0.80500838
 0.80358877
 0.80085955
 0.80554508
 0.80031276
 0.79666119
 0.79295608
 0.79619274
 0.80368551
 0.80947012
 0.81557507
 0.81254967
 0.81283216
 0.81296687
 0.81543659
 0.81875939
 0.82726673
 0.82688897
 0.82716941
  0.8289127
 0.83319231
 0.84195004
 0.84199625
 0.83725778
 0.84487422
 0.84160555
 0.83958405
 0.84286704
 0.84565684
 0.85300541
 0.85299324
 0.85639533
 0.85565381
  0.8537906
  0.8535864
 0.85479405
 0.85585504
 0.85896227
 0.85807041
 0.84842218
 0.84590459
 0.85381172
 0.85336127
 0.85482077
 0.85263064
 0.85495552
 0.85391415
 0.84784803
 0.85637295
 0.85789856
 0.86088496
 0.86241412
 0.86587438
 0.86131568
 0.86113115
 0.86558313
 0.86950014
 0.87555144
 0.87195086
 0.86556328
 0.86841902
 0.87263759
 0.86688528
 0.86350301
 0.87339541
 0.88167531
 0.87919264
 0.87771508
 0.86765954
 0.86790229
  0.8604325
 0.84521553
 0.85432386
 0.86686795
 0.87359933
 0.86767822
 0.86945378
 0.86821956
 0.86333584
 0.86451161
 0.86367922
 0.85781361
 0.85666795
 0.85145004
 0.84354289
 0.84466773
 0.83724693
 0.83670292
  0.8267713
 0.82765739
 0.82622956
  0.8239881
 0.83386178
 0.83332567
 0.83492074
 0.84468143
 0.83679277
 0.84857523
 0.83504644
  0.8455467
 0.84981564
 0.84496068
 0.84552752
 0.84540506
 0.84742106
 0.85717283
  0.8599261
 0.86679415
 0.86731627
  0.8717751
 0.87133952
  0.8677267
 0.87079373
 0.86722653
 0.86783681
 0.85936826
 0.86250785
 0.85380819
 0.85755923
 0.84963259
 0.85538333
 0.85190444
 0.85788732
 0.85847209
 0.86538211
 0.86108897
 0.86132132
 0.85945742
 0.86121119
 0.85850177
 0.85128929
 0.85022325
 0.85678419
 0.86261636
 0.86157174
 0.85948724
  0.8553242
 0.85879174
 0.86000927
  0.8593164
  0.8584641
  0.8559419
 0.85351429
 0.85398946
 0.86046667
 0.86307467
  0.8646948
 0.86108152
 0.86037477
 0.86756452
 0.87078406
 0.86758156
 0.86803614
 0.87095817
 0.86218516
 0.85919091
 0.86362412
  0.8691468
 0.86886853
 0.87176753
 0.87057306
 0.87094282
 0.87424207
 0.87008676
 0.87188881
 0.86778723
 0.87118834
 0.87140953
 0.87688433
 0.87651141
 0.87723255
 0.87586255
 0.87879693
 0.88030531
 0.87929364
  0.8751632
  0.8775016
 0.87371689
 0.86560843
 0.86438201
 0.86286167
 0.86819588
 0.87007541
 0.87193884
 0.87502942
  0.8743625
 0.86356681
 0.86853884
 0.87300161
 0.87142682
 0.87018596
 0.86031941
 0.86529049
 0.87496624
 0.87128783
 0.87136797
 0.87557788
 0.87815345
 0.86949141
 0.85066755
 0.85020414
 0.85414787
 0.85513176
 0.86431341
 0.86309372
  0.8532509
   0.839394
 0.83620851
 0.83279512
 0.83633241
 0.82878466
 0.82968959
 0.83500953
 0.84565141
 0.85629536
 0.86044823
 0.86741921
 0.86521681
 0.87150023
 0.87245188
 0.86855218
 0.87178165
 0.86386932
  0.8704087
 0.87355874
 0.87422715
 0.87919119
 0.87959857
 0.87863824
  0.8695273
 0.86757965
 0.86186328
 0.85681131
 0.85076225
 0.85491912
 0.86012277
 0.85915968
 0.86456624
 0.85923434
 0.85332308
 0.84604059
 0.84276376
  0.8406218
 0.84453337
 0.84634348
 0.85218417
 0.85104009
 0.84834049
 0.84883476
 0.85161527
 0.85148055
 0.85524709
 0.85142476
 0.84914757
 0.84562148
 0.85459469
 0.85071211
 0.84251204
 0.83628907
 0.83733088
 0.83462763
 0.83147498
 0.83218678
 0.83243295
 0.83161218
 0.82990747
 0.83830405
 0.83875623
 0.84288788
 0.84662015
 0.84675833
  0.8330419
 0.83134587
 0.83401599
 0.83987763
  0.8419997
 0.83186496
  0.8354748
 0.83630198
 0.83805729
  0.8396978
 0.83697654
 0.83356031
 0.84309499
 0.84432159
 0.84945213
 0.84876734
 0.84352663
 0.84318701
 0.84552182
 0.84435443
 0.83873947
 0.83680811
 0.84534712
 0.84820058
 0.84954583
 0.85192815
 0.84983255
 0.84595435
 0.84932315
 0.85572561
 0.85145313
 0.85144657
 0.84987778
 0.85866116
  0.8534429
 0.85288463
 0.84720697
 0.84771255
 0.84345415
 0.84695343
 0.84999939
  0.8480846
 0.85128654
 0.85191027
 0.84165196
 0.84119989
 0.84325956
 0.84164323
 0.83850226
 0.84053068
 0.83874352
 0.83573842
 0.84072061
 0.82865646
 0.82957937
 0.83389944
 0.83310359
 0.83615704
 0.84377145
 0.84496975
 0.84741049
 0.84210478
 0.84033074
 0.83772934
 0.83918241
 0.84055233
 0.83572705
 0.83356149
 0.83534817
 0.83457355
 0.83423252
 0.83345643
 0.83487151
 0.82751329
 0.83332998
 0.82966518
 0.82643281
 0.83211861
 0.83852914
 0.83454609
 0.83436022
  0.8387823
 0.84771857
 0.85346006
 0.84886652
  0.8441336
 0.83971363
 0.84115443
 0.84340101
 0.84941691
 0.84405021
 0.83363866
 0.83908611
 0.84104423
 0.83569066
 0.83177714
 0.83318619
 0.84171238
 0.84126622
 0.82986535
 0.81500601
 0.81702252
 0.83091695
 0.82609348
 0.83146201
 0.82269771
 0.84006497
 0.84797006
 0.84457701
 0.84659284
 0.84715898
 0.85580687
 0.84706136
 0.85895792
 0.85352774
 0.86272039
 0.85862701
 0.85471792
 0.85166246
 0.85878203
 0.85549105
 0.86014204
 0.85700023
 0.85240312
 0.86239216
 0.86332501
 0.85610916
 0.85651084
 0.86086908
 0.85486195
 0.86528445
 0.86298173
 0.85939417
 0.85483942
 0.84718869
 0.84240417
 0.84634398
 0.84980289
 0.84717367
 0.85247438
 0.85100936
 0.84781634
  0.8475556
 0.84715007
 0.84581124
 0.84489353
 0.83781243
 0.83991812
 0.84094606
 0.84177833
  0.8400449
  0.8355501
 0.84077533
 0.84507973
 0.84419122
 0.84446478
 0.83969401
 0.84417654
 0.84579461
 0.84410828
 0.84547057
 0.84369733
 0.84284543
 0.83858157
 0.83752809
 0.83555782
 0.83735049
 0.83691796
 0.83130378
 0.83125655
 0.83269137
 0.83441733
 0.82349476
 0.82676942
 0.82705344
 0.82975206
 0.82742457
 0.82414819
 0.82265003
 0.83323902
 0.83975474
  0.8411817
 0.84264327
 0.82398973
 0.82741295
 0.83324307
 0.83778112
 0.84174913
 0.84274472
 0.84167109
 0.83816264
   0.839437
 0.83222055
 0.83975941
 0.83468735
 0.84352964
 0.84051076
 0.83896071
 0.84629527
 0.84720429
 0.85454096
 0.85091194
 0.85478858
 0.86119066
 0.85887707
 0.85745944
 0.86740115
  0.8665104
 0.86360566
 0.86330398
 0.86688306
 0.86655008
 0.87213434
 0.87153316
 0.87077786
 0.87645437
  0.8683207
 0.86318754
  0.8639121
 0.87849492
 0.87945761
 0.87803753
 0.86610898
 0.87337018
 0.86350707
 0.86500533
 0.86339756
 0.87172397
 0.87670453
 0.87805808
 0.87541596
 0.87531352
 0.87748296
 0.87720017
 0.87499674
 0.86789518
 0.86975739
 0.86574558
 0.86470777
 0.86466585
 0.86048896
 0.86004831
 0.85476403
 0.86709491
 0.86270477
 0.86580062
 0.86670646
 0.86003914
 0.86553668
   0.862869
 0.84872633
 0.84747249
 0.86223843
 0.86425416
 0.85469839
 0.84783094
 0.84608269
 0.85285431
 0.85636499
 0.84557119
 0.84055853
 0.83257639
 0.83459745
 0.85320705
 0.86107204
 0.85894344
 0.86444433
 0.86871377
 0.86867034
 0.88018833
 0.88078865
 0.88245754
 0.89303982
 0.89027928
 0.89153066
  0.8862983
 0.88075683
 0.88521229
 0.88419543
 0.89076726
 0.88648558
  0.8802416
 0.86534871
 0.86937374
 0.87140892
 0.87350161
 0.86982737
 0.86860382
 0.87879266
 0.87317764
 0.88001024
 0.88483409
 0.87977451
 0.88979969
 0.88744491
 0.88277226
 0.88459094
 0.89029468
 0.89073624
  0.8857321
  0.8910335
 0.88953968
 0.88508125
 0.88279008
 0.88530983
 0.88174783
 0.87902679
 0.87778295
 0.88367258
 0.89045626
 0.89810628
 0.89836517
 0.90182709
 0.89914333
 0.90040559
 0.90177985
 0.90454156
   0.901645
 0.89562548
 0.90270672
 0.90055501
 0.89356615
 0.89566937
 0.89339277
 0.88999492
  0.8913327
 0.89931244
 0.89548185
  0.8888496
  0.8798301
 0.88742034
 0.89429595
 0.89115701
 0.89535427
 0.89744508
 0.89204036
  0.9000542
 0.90356991
 0.89986195
 0.90112906
 0.89513082
 0.88936992
 0.88877879
  0.8951052
 0.88548326
 0.88685805
 0.89119198
 0.89093062
 0.90029105
 0.88269889
 0.89974591
  0.9013206
 0.90373261
 0.89884916
 0.90138184
 0.89792918
 0.90094033
 0.90287051
 0.90418897
 0.89926866
  0.8885016
 0.89456781
  0.8897607
 0.89431013
 0.89414923
 0.89461349
 0.90199712
 0.90625611
 0.90125959
 0.90214535
 0.89234278
 0.89710568
 0.89935585
 0.89794231
 0.90155754
 0.90919291
 0.91094269
 0.90458109
 0.91036768
 0.91375881
 0.91934905
 0.92094285
 0.91869388
 0.91512673
 0.91808722
 0.91188211
 0.91092484
 0.91475012
 0.90954217
 0.91037662
 0.90653079
 0.89986283
 0.89990616
 0.89327761
 0.89408602
 0.89380364
 0.88929166
 0.88972217
 0.89752541
 0.89951055
 0.90715129
  0.9055076
  0.9085504
  0.9095826
 0.91232498
 0.91210416
 0.91035693
 0.90565451
 0.90213469
 0.89668992
 0.89719566
 0.89776126
 0.89718514
 0.89829629
 0.89058979
  0.8960861
 0.89395493
 0.90213747
 0.90046592
 0.90269905
 0.90240533
 0.90173498
 0.89995375
 0.89410182
 0.89433355
   0.884595
 0.88609535
 0.89017017
 0.88254471
 0.87034271
 0.87352256
 0.87819243
 0.87557414
 0.87280674
 0.87525767
 0.88562874
 0.88343036
 0.87424584
 0.87067741
 0.87194193
 0.87039162
 0.86440294
 0.86240184
 0.86525273
 0.86492399
 0.85938535
 0.86009286
 0.86271407
 0.85331102
  0.8518127
 0.84526536
 0.84805315
 0.85656856
 0.86348193
 0.85835262
 0.85661727
 0.85354198
 0.84590348
 0.84817496
  0.8514305
 0.84696783
 0.83506709
 0.84203758
  0.8363745
 0.83316872
 0.82312278
 0.82634699
 0.82617814
 0.82553029
  0.8277937
 0.82906955
 0.82753101
 0.82761588
 0.82880875
 0.83042556
 0.83035018
 0.83186274
 0.83208123
 0.82908485
 0.82270921
 0.82002354
 0.81910731
  0.8228484
 0.81465683
 0.80540982
 0.81362681
 0.82017071
 0.81744135
 0.81562004
 0.81998514
 0.81960546
 0.82121421
 0.82592747
 0.82971045
 0.83522711
 0.83245703
 0.83537792
 0.83178639
 0.83094253
 0.81527634
   0.814437
 0.81622805
 0.81172473
 0.82303134
 0.81867227
 0.82030804
 0.82490274
 0.83049781
 0.83562891
 0.82810401
 0.83738001
 0.83290608
 0.83906941
 0.83769244
 0.84199869
 0.84419353
 0.84852068
 0.85552385
 0.85992646
 0.86133826
 0.86212049
 0.86402358
 0.85973477
 0.86273624
 0.85968747
 0.85955874
 0.86072102
 0.85612222
 0.85171363
 0.85709314
 0.85310152
 0.85303623
 0.86292193
 0.87197689
 0.87373948
 0.86984399
 0.86460714
 0.85796577
 0.84657354
 0.84635402
 0.85151769
 0.84991214
 0.86625153
 0.86120472
  0.8569521
 0.85897742
 0.86650838
 0.86796767
 0.86649974
 0.87100286
 0.86870481
 0.87001248
 0.87257236
 0.86621983
 0.87063182
 0.86414093
 0.86688637
 0.86546028
 0.86404457
 0.86114782
 0.86114558
 0.86193123
  0.8627146
  0.8546818
 0.85824989
  0.8576208
 0.86059949
 0.85481994
 0.86132086
 0.86144375
 0.85322868
  0.8605351
 0.86266046
 0.86356598
 0.85941533
 0.86610971
 0.86795582
 0.86443794
 0.86872126
 0.87091195
 0.86970774
 0.87499722
 0.86630212
 0.87175726
 0.87267712
 0.87541606
 0.87691806
 0.87589273
 0.87685713
 0.88006929
 0.87781015
 0.88091404
  0.8876083
 0.88384857
 0.88490648
 0.88545663
 0.88035759
 0.87854853
 0.87409726
 0.87448247
 0.87925286
 0.88309475
 0.88651159
 0.88404463
 0.88423452
 0.89120256
 0.89194777
 0.89554221
 0.89048058
 0.89169387
 0.89152247
 0.89430656
 0.89029395
 0.89218121
    0.89498
 0.88751089
 0.88629457
 0.87991901
 0.88309878
 0.87526831
 0.87258596
 0.87828764
 0.88438688
 0.88675588
 0.88497714
 0.89302354
 0.89331346
 0.89280539
 0.89257444
 0.89230049
 0.88921098
 0.88600227
 0.88673635
 0.88156567
 0.88444675
  0.8873941
 0.88814631
 0.88514113
 0.87618751
 0.88076808
 0.88341853
 0.88308494
 0.88020803
  0.8798415
 0.88164277
 0.88157544
  0.8824353
 0.88274331
  0.8800584
 0.88408966
 0.88591181
 0.88289049
 0.88408093
 0.88398845
 0.88096895
 0.87500472
 0.87309883
 0.87754995
 0.87708724
 0.88125919
 0.88085834
  0.8873803
 0.88429205
 0.89715303
 0.89644007
 0.89798292
 0.89754185
 0.90636646
 0.89803129
 0.90041756
 0.89581423
 0.88884145
 0.88344213
 0.88871829
 0.88917229
 0.88744756
 0.88511728
  0.8869132
 0.89214314
 0.89593571
 0.89324186
 0.89709252
 0.89348623
 0.89194667
 0.89589983
 0.89531485
 0.88660194
 0.88244205
 0.88729632
 0.89369851
 0.89829984
 0.90298756
 0.90559832
 0.90027831
 0.90184492
  0.8987966
 0.90006446
 0.90018227
 0.90384654
  0.9034147
 0.90353496
 0.90827071
 0.90851874
 0.90942313
 0.91671747
 0.91599812
 0.92126535
 0.92805765
 0.91487509
 0.91517163
 0.92085066
 0.91759854
 0.92092011
  0.9175041
 0.92127572
 0.91920516
  0.9164416
  0.9207303
 0.91711092
 0.91771515
 0.91195073
 0.90562406
 0.91199642
 0.91237145
  0.9122507
 0.91225531
  0.9102143
 0.92340521
 0.91987557
 0.92179996
 0.92276978
 0.91886751
 0.92189587
 0.92730627
 0.92538815
 0.92089923
 0.91607624
 0.91518211
 0.91326837
 0.91056587
 0.91834413
 0.91725166
 0.92480712
 0.92233146
 0.91960609
 0.91504079
 0.92171889
 0.92677037
 0.91595852
 0.91826099
 0.90370506
 0.90340628
 0.90913166
 0.91198767
 0.91569008
 0.92065608
 0.92190678
 0.91831093
 0.90738814
 0.90608099
 0.91349429
 0.91585012
 0.91485187
 0.91091968
 0.91242202
 0.91442759
 0.91498454
 0.91183051
 0.91422213
 0.91426606
  0.9039118
 0.89734153
 0.90499699
 0.90651684
 0.90562983
 0.89856855
 0.89964737
  0.9029779
 0.90190125
 0.89631905
 0.89158473
 0.89416168
 0.89526532
 0.89552911
 0.89929227
 0.90269566
 0.91019484
 0.91234049
 0.90951935
 0.90815217
 0.91340506
 0.91378637
 0.91380365
 0.91314857
 0.91699214
 0.91908055
 0.91856502
 0.92403894
 0.92327477
 0.91205471
 0.91578476
 0.90383967
 0.89763816
 0.89835856
 0.90622326
 0.90553494
 0.89985018
 0.90267365
 0.90335368
 0.90353745
 0.91031982
 0.90861771
  0.9038566
 0.90763852
 0.90703645
 0.90793914
 0.91494618
  0.9159616
 0.91039028
 0.91650475
 0.91113688
 0.90796143
 0.90762686
 0.90991926
   0.913247
 0.90583846
 0.90868115
   0.909643
 0.90443598
 0.90614597
 0.91297769
 0.90386747
 0.90398859
 0.91316854
 0.91565218
 0.91494117
 0.92035021
 0.91809627
 0.92253074
 0.91656511
 0.91834369
 0.91771614
  0.9114586
 0.90922929
 0.91365573
 0.91195762
 0.90654088
 0.90632509
 0.90550926
  0.9030677
 0.90478944
 0.90633012
  0.9073733
  0.9055052
 0.91001801
 0.90784968
 0.90710002
 0.90370919
 0.89689082
 0.90331835
  0.9067275
 0.90465434
  0.9120716
 0.90932177
  0.9153724
 0.91209162
  0.9148552
 0.90691114
 0.90753875
 0.91082892
 0.91314209
 0.91601901
 0.91499816
 0.91012533
 0.91401313
 0.91806251
 0.91505416
 0.91194892
  0.9126903
 0.91007513
 0.90538228
  0.9069405
  0.9065858
 0.90741659
 0.91038482
 0.90844489
 0.91532958
 0.91802096
 0.92315665
 0.92195983
 0.92272621
 0.92095231
 0.92114848
 0.91843522
 0.91191196
 0.91505636
 0.91520995
 0.91571235
 0.91834872
 0.91502697
 0.90878829
  0.9099141
 0.91074581
 0.90867115
 0.90136763
 0.90402385
 0.90195713
 0.89366527
 0.89406392
 0.90155391
 0.89358393
 0.89101764
 0.89926522
 0.90047555
 0.90207628
  0.9052223
 0.91102162
 0.90965763
 0.90495027
 0.90547302
 0.90693575
 0.90557164
 0.90460661
  0.9033543
 0.90361976
 0.90335887
 0.90316704
 0.89947907
 0.90090727
 0.90475438
 0.90030067
 0.89656686
 0.89395157
 0.88891279
 0.88808212
 0.88924508
 0.88518047
 0.88696321
 0.88155181
 0.89059645
 0.89087423
 0.89640806
  0.9064149
 0.90111121
 0.89674268
 0.89174388
 0.88855401
 0.88146456
 0.88167808
 0.88360745
 0.88013001
  0.8778851
 0.88899976
 0.88396379
 0.88677651
 0.89350644
 0.88984966
  0.8869407
 0.88772436
 0.89049148
 0.89044785
 0.88687961
 0.89204393
 0.89598089
 0.88985187
 0.89664869
 0.89723774
 0.90108398
 0.90018109
 0.89507007
 0.89263771
 0.88364797
 0.87491695
 0.86647056
 0.86932094
 0.87208855
 0.87566192
 0.87724534
 0.88330566
 0.88371631
 0.88359337
 0.87874688
 0.87394335
 0.87274909
 0.87283139
 0.87269577
 0.87042202
 0.86559665
 0.86447313
 0.85114417
 0.84925588
  0.8415142
 0.84500239
 0.86075889
 0.86653217
 0.86905876
 0.86871539
 0.86906549
 0.86378604
 0.86226693
 0.86248978
 0.86288466
 0.85725806
 0.85704062
 0.84908058
 0.85028543
 0.84771465
 0.84924333
 0.84981627
 0.84962914
 0.84799309
 0.83554419
 0.84110099
  0.8290871
 0.83837299
 0.83886931
 0.84672655
 0.85057496
 0.84694612
 0.84694659
 0.84805185
 0.84875237
 0.85150203
  0.8452279
 0.85494512
 0.85756004
 0.85636718
 0.85442883
 0.84700055
  0.8540855
 0.85788111
 0.86128329
 0.86264871
 0.86171649
 0.85521143
 0.85614849
 0.85131968
 0.85094506
 0.85120974
 0.85631475
 0.85796556
 0.85802876
   0.861285
 0.86210855
 0.85928761
 0.85831196
  0.8542177
 0.85083784
 0.84807075
 0.85333706
 0.85394054
  0.8562719
 0.85591338
 0.85053986
 0.84150637
 0.83947568
 0.83867559
 0.83888263
  0.8446915
 0.84836977
 0.85242762
 0.86127093
 0.86444938
 0.87609713
 0.88298061
 0.88642843
 0.88088558
 0.88806917
 0.88265897
 0.87512322
  0.8767113
 0.86959281
  0.8659317
 0.87949439
 0.88056388
 0.88028569
 0.88574533
 0.88858356
 0.88739219
 0.88936748
 0.89197173
 0.89068947
 0.88814121
 0.88382704
 0.87779525
 0.88642517
 0.88907717
 0.88333191
 0.88747234
 0.89524063
 0.89904399
 0.88451549
 0.87624146
 0.87948289
  0.8701259
 0.87435022
 0.86797101
 0.86657742
 0.87332152
 0.87259549
 0.86723978
 0.86149359
 0.86444984
 0.86035568
 0.85640189
 0.86601266
 0.85168846
 0.85206503
   0.847882
 0.84692845
 0.86424746
 0.86104692
 0.86308933
    0.86679
 0.86845415
 0.86492324
 0.86444723
  0.8596853
 0.86311611
 0.86795097
 0.87844382
 0.88747976
 0.88535004
 0.88806874
 0.88108087
 0.88661422
 0.88185177
 0.87230669
 0.86632243
 0.86683062
 0.86172816
  0.8569488
 0.86611849
 0.86502353
 0.86985977
 0.86834289
 0.86517154
 0.88212435
 0.87997602
  0.8748881
 0.88295066
 0.88547796
 0.87797114
 0.87055779
 0.86373869
 0.86814219
 0.87011813
 0.87031735
 0.87037575
 0.86328487
 0.86611048
 0.86638181
 0.85977609
 0.86405649
 0.86430256
 0.86855938
 0.86898462
 0.86162166
 0.85983711
  0.8644362
 0.87409822
 0.87600208
 0.87214135
 0.87729202
 0.86992529
  0.8746499
 0.87510603
 0.88158044
 0.88342628
 0.87976616
 0.87597177
 0.87898894
 0.87847939
 0.87671845
 0.87333689
  0.8750165
 0.87170466
 0.87449665
 0.87336517
 0.87527001
 0.87713269
 0.87321809
 0.88249283
 0.87427494
 0.87362574
 0.87654109
 0.87700412
 0.87306443
  0.8735333
 0.87158155
 0.87211986
 0.86300808
 0.85660333
 0.85513689
 0.85847286
 0.85622556
 0.85235129
 0.85334976
 0.85125249
  0.8562525
 0.86395326
 0.86296429
 0.86375819
 0.86251432
 0.86476746
 0.86371455
  0.8615082
  0.8653247
 0.86947226
 0.87216167
 0.87590632
 0.86989379
 0.86471927
 0.85887199
 0.86238519
 0.85743205
 0.86100504
 0.86336787
 0.87040622
 0.86765029
 0.86948335
 0.87116074
 0.87084258
 0.87333035
 0.87651816
 0.87479692
 0.87140673
 0.86511695
 0.85573707
 0.84976382
 0.84987773
 0.85284282
 0.84386257
 0.84586142
 0.83710495
 0.83480557
 0.85389585
 0.86193027
 0.86191859
 0.85475305
 0.86942474
 0.86996741
 0.87374226
 0.86361289
 0.86460353
 0.87248395
  0.8625334
 0.86394899
 0.86113802
 0.86374539
 0.86863798
 0.85933534
 0.85673559
 0.85552016
 0.85813671
 0.85878876
   0.857153
 0.86363611
 0.85744216
 0.85931253
 0.84728284
 0.83956787
 0.83957374
 0.83966541
 0.84088212
 0.83891271
  0.8434351
 0.84308146
  0.8350982
  0.8269168
 0.83130892
 0.82944722
 0.84331848
 0.84696647
 0.85627886
 0.84816345
 0.84001742
 0.83866094
 0.83612967
 0.83780626
 0.83724726
 0.83060816
 0.83505165
  0.8343354
 0.82739522
 0.83463279
 0.84202298
 0.83724218
  0.8512327
 0.84681463
 0.85053846
 0.84365581
  0.8407038
 0.84051582
 0.83852854
 0.84078084
 0.84326555
 0.84133892
 0.84095441
 0.85400335
 0.85262439
 0.85723983
  0.8514577
  0.8557356
 0.85381523
 0.85578677
 0.86030162
 0.85965929
 0.85957716
 0.84862141
 0.85325666
 0.85510271
 0.86650089
 0.86074616
 0.85991823
 0.85367167
 0.85919273
 0.86480378
 0.86054844
 0.86426665
  0.8629409
 0.85416465
 0.85203024
 0.84431714
 0.83872935
 0.83540379
  0.8349666
 0.83529387
 0.83712115
 0.83390036
 0.84142966
 0.84145126
 0.84629272
 0.84640234
 0.84489633
  0.8349583
 0.83530399
 0.83353053
 0.83263965
  0.8328504
 0.84105266
 0.84256388
 0.84788254
 0.85139944
  0.8514828
 0.84707742
 0.84390241
 0.84328739
 0.83838417
 0.84657805
 0.84742494
  0.8469772
 0.85513634
 0.84970755
 0.83984073
 0.85393679
 0.85005715
 0.84963599
 0.85708156
 0.86494425
 0.86147051
 0.86129327
 0.86286202
  0.8643885
 0.86023942
 0.86066394
 0.86472128
 0.86833837
  0.8685714
 0.86703423
 0.87340423
 0.86681745
 0.86698989
 0.87687368
 0.88342719
 0.87924939
 0.87231467
  0.8767433
  0.8806694
  0.8751739
 0.87301734
 0.87016753
 0.86943324
 0.86533538
  0.8611664
 0.87277484
 0.87201824
 0.88130064
 0.87250071
 0.87115522
 0.86329287
  0.8640597
 0.85804301
 0.86059718
 0.85920527
 0.85346445
 0.84945292
 0.85630601
 0.86665015
 0.86049384
 0.85244868
 0.84341912
 0.85214999
 0.84778357
 0.84965015
 0.85096048
   0.851705
  0.8574017
 0.85360994
 0.85247426
  0.8498769
 0.85046624
 0.84596234
 0.83825272
 0.83221896
 0.83367396
 0.83871625
 0.84964362
 0.85992767
 0.86076764
 0.86381645
  0.8671497
 0.87176567
 0.87023443
 0.86978603
 0.87571528
 0.87328153
 0.87511854
 0.87720228
 0.87699518
 0.87434468
 0.87210682
 0.87644651
  0.8719755
 0.87504504
 0.86859848
 0.86909802
 0.86498139
 0.86002374
  0.8674326
  0.8671238
 0.86344075
 0.86426555
 0.86205109
 0.86045608
 0.85352771
 0.85202052
 0.85567175
 0.85540958
 0.85253902
 0.84541328
  0.8448451
 0.84627424
 0.84373196
 0.83627493
  0.8325578
 0.83968736
 0.83088456
 0.83484512
  0.8404534
 0.83960075
 0.84345987
 0.83808624
 0.82765098
 0.83607906
 0.83841522
 0.83109707
  0.8385595
 0.84395406
 0.84805314
 0.85190741
 0.84854929
 0.84186652
 0.83063885
 0.82582576
 0.83017711
 0.83960835
 0.84802707
 0.84839655
  0.8433323
   0.850365
 0.85585051
 0.85861184
 0.85711224
 0.84902837
 0.85314877
 0.84639009
 0.85278191
 0.85099101
 0.85274066
   0.846987
 0.84437705
 0.84603125
 0.84019644
 0.83288888
 0.83116246
 0.83018398
 0.82538294
 0.82096979
 0.81314295
 0.82009138
 0.82115483
 0.83002163
 0.82269493
 0.82290913
 0.82186607
 0.82472946
 0.82402507
 0.82098347
 0.81600843
 0.80269864
 0.80547395
 0.80230933
 0.79932722
 0.79358681
 0.80157951
 0.80605693
 0.80840589
 0.80599002
 0.81024593
 0.81727454
 0.81454634
 0.81373416
  0.8105826
 0.81047921
 0.80340014
 0.80163434
  0.7998452
 0.79701567
 0.79434688
 0.79387481
 0.79655705
 0.79527842
 0.79517712
 0.80003789
 0.79745989
 0.78874052
 0.78713622
 0.78493528
 0.78748239
 0.79593975
 0.79965315
 0.80125893
 0.79783652
 0.80629645
 0.80710956
 0.79611336
 0.80035646
 0.79584093
 0.79494983
 0.79901497
  0.7899788
 0.78863853
 0.79159789
 0.78799284
 0.79135303
 0.79216139
 0.79007718
 0.79027022
 0.79437129
 0.79446069
 0.79433544
 0.79819607
  0.7954289
 0.79706719
 0.80664319
 0.81481239
 0.81329468
 0.81413649
 0.81646856
 0.80701006
 0.81022873
 0.80836519
 0.81367729
 0.81164947
 0.80622883
 0.80056079
 0.80529947
  0.8077578
 0.80277316
 0.80323052
 0.81103276
 0.81435195
 0.81571189
  0.8157416
 0.81671551
 0.82100911
 0.81527862
 0.80972229
 0.81236171
 0.81115758
 0.80530301
 0.81150062
 0.80805933
 0.81242399
 0.80645736
 0.80647892
 0.81243832
 0.80801373
  0.8083714
 0.80396977
 0.80378631
 0.80447139
 0.80755556
 0.81035928
 0.80672361
 0.80974845
 0.81158017
 0.81113292
 0.81177267
 0.81158624
   0.809731
 0.80386947
  0.8039223
 0.80148766
 0.80043871
  0.7917702
  0.7787829
 0.77569864
 0.76983522
 0.76430068
 0.77820459
 0.76904139
 0.76960204
  0.7723214
 0.77971557
 0.77112758
 0.77600759
 0.76708161
 0.77062388
 0.76521487
 0.77830324
 0.77990563
 0.77565413
 0.77526762
 0.78123466
 0.78633046
 0.79162061
 0.79854978
 0.80617631
 0.80204726
 0.79812298
 0.79263085
 0.79243754
 0.79574693
 0.80520323
 0.80468624
  0.8125889
  0.8085055
 0.80607147
 0.80842197
 0.79731569
 0.79899417
 0.80339407
 0.81161993
 0.81592302
 0.80995402
 0.81675449
 0.82395308
 0.81810336
 0.82175799
 0.81344206
 0.81909703
 0.81619491
 0.82119552
 0.82607614
 0.82105947
 0.81630651
 0.81906559
  0.8130583
 0.82026615
   0.817736
 0.80503687
 0.79999028
 0.79579285
 0.80208428
 0.80335896
 0.80278227
 0.79468291
 0.78364717
 0.78143468
 0.78804107
  0.7953352
  0.8010004
 0.79730991
 0.78552499
 0.78419429
 0.77886493
 0.77844037
 0.78095744
 0.78228372
 0.78804159
 0.79150085
 0.78573556
 0.78495619
  0.7939574
 0.79617388
 0.78941139
  0.7925052
 0.79202721
 0.79214368
 0.78908269
 0.79329574
 0.79501193
 0.79074451
 0.79130502
 0.79505401
 0.80513801
 0.80525151
 0.80724094
 0.80660037
 0.81013783
 0.81694024
  0.8177519
 0.81678969
 0.82576536
 0.82532393
 0.82010218
 0.81811623
 0.81663843
  0.8159394
 0.81641883
 0.81937235
  0.8167021
 0.81625311
 0.82047275
 0.82680594
 0.82472671
 0.81957769
 0.81795734
 0.81725061
 0.81403242
 0.81603034
 0.81484268
 0.81692341
 0.82249569
 0.82795541
  0.8138448
  0.8122052
 0.80983659
 0.81411554
 0.80142393
 0.81034895
 0.82018435
 0.82100131
 0.81488128
 0.81692771
 0.82254405
 0.82131283
 0.82105514
 0.82424117
 0.81834696
 0.83222098
 0.82508117
 0.83405359
  0.8404085
 0.83823484
 0.83534672
 0.84080699
 0.84423149
 0.83627352
 0.83961757
 0.84883311
 0.84444575
 0.84030898
 0.83817789
 0.84019069
 0.83506404
 0.83784266
 0.83205981
 0.82985312
  0.8244793
 0.82461097
 0.81892353
 0.82196627
 0.82541978
 0.82845804
 0.81946369
 0.81566877
 0.80915406
  0.8116434
 0.81029777
 0.81140387
 0.80605359
 0.81184376
  0.8177032
 0.82717631
 0.82787556
 0.82151659
 0.82370371
 0.81820203
 0.81428703
 0.81288804
 0.80948259
 0.81693014
 0.81717996
 0.81718095
 0.81326194
 0.81532943
 0.81845486
 0.82100267
 0.82295469
 0.81874651
 0.81358453
 0.80446008
 0.78675965
 0.79495292
 0.80721009
 0.80781441
 0.81042972
 0.80693071
  0.8082633
 0.80657113
 0.81430712
 0.81860393
 0.82879243
 0.82716486
 0.83531389
  0.8309582
 0.82915707
  0.8242737
 0.82893541
 0.83481521
 0.82785772
 0.82756065
 0.82873622
 0.82426475
 0.82308371
 0.82714072
 0.82629561
 0.82353789
 0.82608836
 0.82945778
 0.83435101
 0.83254962
 0.83220624
 0.82618959
 0.83152617
 0.82938613
 0.83122331
 0.82865538
  0.8338137
 0.83324241
 0.83403895
 0.83017013
 0.83083977
  0.8324132
 0.83735943
  0.8417692
 0.84175004
 0.83859469
 0.83545491
  0.8464196
 0.83917483
 0.83832766
 0.83665066
 0.83713636
 0.84333324
  0.8436877
 0.83712306
 0.84300446
 0.84457387
 0.84884482
 0.84458507
 0.83916675
 0.83708325
 0.83999799
  0.8353872
 0.83486129
 0.84060654
  0.8372142
 0.84054876
 0.83499881
 0.82793268
 0.83496815
 0.83017489
 0.84221395
 0.84196718
 0.84906268
 0.84373716
 0.84516768
  0.8379315
 0.83609208
 0.83893922
 0.83808465
 0.83614971
 0.84110672
 0.83147015
 0.82631341
 0.82264532
  0.8260818
 0.82692743
 0.83509506
 0.82301117
 0.82640604
 0.83233469
 0.83501367
 0.83124053
 0.83133109
 0.82306439
  0.8215515
  0.8220834
 0.81854976
 0.82982472
 0.83067974
 0.83453639
 0.83384112
 0.82727834
 0.82369734
 0.81938534
 0.82668479
 0.83210119
 0.83348073
 0.83545478
 0.84222337
 0.84884991
 0.85002206
 0.85509286
 0.85517821
 0.85457644
 0.85802305
 0.85209343
 0.85371593
  0.8515236
 0.85297019
 0.85366374
 0.85360245
 0.85533795
 0.85693575
 0.85960236
 0.85391036
 0.85376417
 0.85332935
 0.84967929
  0.8459845
 0.84545781
  0.8438238
 0.84801814
 0.84877965
 0.84590424
 0.84632355
 0.84344351
 0.84371098
  0.8459932
 0.84735805
  0.8396543
 0.84218276
 0.84225304
   0.845177
 0.83664623
 0.82982238
 0.83963598
 0.84332864
 0.83773972
  0.8395932
 0.84314547
 0.83867497
  0.8390639
 0.84147057
 0.84740675
 0.84631257
 0.84487166
 0.84933069
 0.84688038
 0.84378616
 0.84706904
 0.83582044
  0.8440394
 0.84243621
 0.84357427
 0.84867292
 0.84546969
 0.83469411
 0.84065629
 0.83917901
 0.84428974
 0.84198714
 0.85485302
 0.85509098
 0.84148803
 0.84176052
 0.84608245
  0.8443942
 0.84376615
 0.84762583
 0.84810383
 0.84694881
 0.84539657
 0.85032728
 0.85099546
 0.85365771
  0.8526667
 0.84582361
 0.84817493
 0.84490466
 0.84630873
 0.83891631
 0.84166539
 0.84609334
 0.84780597
 0.84974754
 0.84895846
 0.84496761
 0.84856282
 0.85571486
 0.85650097
 0.85392306
 0.85326294
 0.85900706
 0.85870306
  0.8639513
 0.87074122
 0.87276919
 0.88039382
 0.87516324
 0.87384792
 0.87489024
 0.87404639
 0.87308046
 0.86905034
 0.85965766
 0.86565036
 0.85847517
 0.85868081
  0.8538029
  0.8463716
 0.84948229
  0.8484168
 0.84519192
 0.84326617
 0.84249459
 0.84418036
  0.8410328
  0.8488186
 0.84940562
 0.85481989
  0.8563405
 0.85648789
 0.86115684
 0.85831487
 0.85721919
 0.86259224
 0.85449968
 0.85347786
  0.8534046
 0.85442924
 0.84809639
 0.85607875
 0.85204423
 0.85503388
 0.85266103
 0.86060364
 0.86345383
 0.86951071
 0.86618953
 0.86259384
 0.86967323
 0.86895803
 0.87564274
 0.87444756
 0.87421207
 0.87478108
 0.87484282
 0.86058928
 0.86273046
 0.86521795
 0.86932857
   0.871423
 0.87270918
  0.8691741
  0.8675415
 0.86660797
  0.8642918
 0.85829833
 0.86461258
 0.87291818
 0.86954174
 0.87218765
 0.87167302
 0.87246426
 0.87040849
 0.87014168
 0.87769222
 0.87673775
 0.87336411
 0.87642689
  0.8670797
 0.86912733
 0.86295427
 0.85406521
 0.86040572
 0.85044946
  0.8516695
 0.84932487
 0.85088888
  0.8599683
 0.85936446
 0.86119504
 0.85758068
 0.85729621
 0.85958092
 0.86509686
 0.86118542
 0.85688203
 0.85415627
 0.85763985
 0.85543397
 0.85217227
 0.85837012
 0.85223565
 0.85590372
 0.85928702
 0.86920261
 0.87288265
 0.87434152
 0.86756138
 0.86478049
 0.86623252
  0.8574025
 0.85550366
 0.86008614
 0.85679424
 0.85903065
 0.85767096
  0.8458864
 0.84662734
 0.84912628
 0.85579941
 0.86202796
 0.86058777
 0.85358653
  0.8602398
 0.86091812
 0.85623961
 0.86504393
 0.87167566
 0.87048427
 0.88025786
 0.87770162
 0.88063663
 0.87525119
 0.86809085
 0.86523792
  0.8612791
 0.85767186
 0.85237896
 0.85567693
 0.85263591
 0.85607921
 0.85373342
 0.86025991
 0.86592545
 0.86031352
 0.85434414
 0.85787782
 0.86033454
 0.86308622
 0.86536299
 0.85421518
  0.8547539
 0.85953224
 0.85782627
 0.86113285
 0.86475015
 0.87788163
 0.87423902
 0.86636241
 0.87350801
 0.86938239
 0.86638888
 0.86388234
  0.8588795
 0.85994241
 0.85319647
 0.86151061
 0.85954677
 0.85631476
 0.85576083
 0.85526184
  0.8570047
 0.86614612
 0.87120457
 0.86188711
 0.86822559
 0.86440778
 0.86382777
 0.86710925
 0.86892371
 0.86878828
  0.8638931
 0.86690005
 0.86178637
 0.86334545
 0.85554552
 0.85216902
  0.8437856
 0.84330956
 0.83086426
 0.83870078
 0.85172476
 0.86596576
 0.86740763
 0.86590056
 0.86897462
 0.86993618
 0.85745472
 0.85201284
 0.85275055
 0.85861899
 0.86509764
 0.86897379
 0.86777584
 0.86227038
 0.86094801
 0.86608849
 0.86198199
 0.85793805
  0.8523124
  0.8585725
 0.86745615
 0.86536108
 0.85650331
 0.86077427
 0.86280203
 0.85875344
 0.84342923
 0.84050512
 0.85184979
 0.85317249
 0.85686142
 0.85476931
 0.85509848
 0.85260317
 0.85679649
 0.85568705
 0.86023227
  0.8624362
 0.86607385
 0.87100174
 0.86730975
 0.86248305
 0.86314642
 0.86934537
 0.86651714
 0.87198195
 0.86956484
 0.86519697
 0.86020613
 0.85543476
 0.86153968
 0.86650053
 0.86188013
 0.85989415
 0.85429868
 0.84884798
   0.862501
 0.85857902
  0.8572465
 0.85470351
 0.85216866
  0.8480778
 0.84379915
   0.845518
 0.85000933
 0.85411006
  0.8519641
  0.8575018
 0.85470648
 0.85830758
 0.84652667
 0.84872604
 0.83785061
 0.83849396
 0.83839515
 0.83781082
 0.84524915
 0.84606659
 0.83687347
 0.82977983
 0.83030592
 0.83076869
 0.82732297
 0.82810142
 0.83398788
 0.82972984
 0.83331467
 0.82838307
 0.82988132
 0.82750808
 0.84466257
 0.83973264
 0.83768754
 0.83762948
 0.83739121
 0.83175205
 0.83158972
 0.83746266
 0.84213867
 0.84762235
 0.84662299
 0.85119063
 0.84774552
 0.84971895
 0.84841821
  0.8518821
 0.85332581
 0.85500888
 0.85198301
 0.85555534
 0.85103418
 0.84981913
 0.85206347
 0.84697527
 0.85212369
  0.8463147
 0.84934548
 0.85418707
 0.84697212
 0.84428732
 0.83885754
 0.84056666
  0.8334868
 0.83588896
 0.83301126
 0.82732428
 0.82495692
 0.82178637
 0.81573593
 0.82176484
 0.82952194
 0.83422212
 0.82807567
 0.82870082
 0.82555035
 0.83324585
  0.8435901
 0.83028399
 0.83160078
 0.81957515
  0.8319351
 0.83797626
 0.83145039
 0.83864844
 0.83289047
 0.83709072
 0.83144184
 0.83593526
  0.8374075
  0.8405277
 0.83839029
 0.82827445
  0.8437661
 0.84910256
 0.85039264
 0.85234152
 0.85057532
 0.85438956
 0.85764071
 0.86376013
 0.86129099
 0.86259259
 0.87010292
 0.87281487
  0.8696749
 0.87245119
 0.87058324
  0.8647851
  0.8630595
 0.85972452
 0.86636385
 0.86421958
 0.86212707
 0.86562435
 0.86741817
 0.87077745
  0.8511572
 0.84530964
 0.84372407
 0.84914894
 0.84466433
 0.84082069
 0.84354808
 0.85419274
 0.84447595
 0.83390849
 0.82348391
 0.81226926
 0.82074968
 0.82205458
  0.8283427
 0.83607511
 0.84828402
 0.84819204
 0.85481724
 0.85864662
 0.87207606
 0.86720511
 0.87155088
 0.86670205
 0.86458008
 0.86001449
 0.86377568
 0.86327164
 0.86833598
 0.87068693
 0.87497121
 0.87422674
 0.87310971
 0.86941322
 0.86472115
  0.8731767
 0.88009535
 0.88014651
 0.87882253
 0.88353776
 0.88171127
 0.87939228
 0.87071555
 0.87498081
 0.87130432
 0.87132049
  0.8683295
 0.86450062
 0.86211114
 0.86602567
 0.86904081
 0.86424941
 0.86123759
 0.86144391
   0.867179
 0.87109021
 0.87320987
 0.87883238
 0.88050208
 0.88258809
 0.88466272
 0.88896578
 0.88611895
 0.88907595
 0.88845398
  0.8936377
 0.88738101
 0.89006864
 0.89786045
 0.89925792
 0.89860654
 0.89362592
  0.8900508
 0.88960119
 0.89272986
 0.88883706
 0.89245951
 0.88384934
 0.88074958
 0.87648261
 0.87505846
 0.87374836
 0.88429181
 0.88313734
 0.87618984
 0.87767467
 0.88078838
 0.87976335
 0.88173132
  0.8856226
 0.88442043
 0.88332888
  0.8804011
 0.88158933
 0.88790413
 0.88597519
 0.88147544
 0.88494148
 0.88908518
 0.88461292
 0.87716193
 0.88248193
 0.88831698
 0.89280137
 0.89025498
 0.88820768
  0.8846719
 0.87970937
  0.8833417
 0.88234433
  0.8795839
 0.86915606
 0.87403175
 0.87638598
 0.87962159
  0.8836095
 0.88810393
 0.88698183
 0.88617058
 0.88569535
 0.88133533
 0.87964212
 0.88010929
  0.8793246
 0.88092671
 0.87968449
 0.88116882
 0.87635051
 0.87596814
 0.87660747
 0.87567801
 0.87631332
 0.87140172
 0.86454021
 0.86656692
 0.86949813
 0.87618243
 0.87169664
 0.86987628
 0.86689368
 0.87325274
 0.87678121
 0.87830331
 0.87484593
 0.87295259
  0.8740987
 0.87332145
 0.87349738
 0.87678247
 0.86875381
 0.87078297
 0.86863136
 0.86896412
 0.87850525
 0.86883752
  0.8564558
 0.85926616
 0.86099486
 0.85802875
  0.8566073
 0.85354392
 0.85288211
 0.85182617
 0.85859479
 0.85276136
 0.85484651
 0.85665333
 0.85826627
 0.86620138
 0.86534063
  0.8620696
 0.85780424
 0.85583973
  0.8556561
 0.84903947
 0.84725001
 0.84764253
 0.84924855
 0.84349486
 0.84709782
 0.85248475
 0.85682256
 0.85756733
 0.85543476
 0.85685282
 0.85959098
 0.85421424
 0.86118209
 0.86623298
 0.87270909
 0.87934557
 0.88105036
 0.87893529
 0.87894475
 0.87903668
   0.873779
  0.8762845
 0.87683472
 0.88364648
 0.88519236
 0.88172784
 0.87191885
 0.87617401
 0.87919502
 0.88424976
 0.88025314
 0.87388453
  0.8795855
 0.86946999
 0.87041566
 0.86472895
 0.86414303
 0.85700294
  0.8492371
 0.85611373
 0.86047686
 0.86532277
  0.8717606
 0.87293284
 0.87282998
 0.87845931
 0.88114755
 0.88452926
 0.88860287
 0.88943453
 0.88865833
 0.89115108
  0.8909691
 0.89699363
 0.90105909
  0.9027308
 0.90194758
 0.90156749
 0.89910374
 0.89516894
 0.88718798
 0.89119951
 0.88005963
 0.87646979
 0.87399847
  0.8709479
  0.8807039
 0.88836143
  0.8994686
 0.90298146
 0.90099975
 0.90292844
 0.90108826
 0.90278495
 0.90410891
 0.90140625
  0.8981034
  0.8990138
 0.89578553
 0.89757252
 0.90714583
 0.91855802
  0.9110423
 0.91325059
 0.90903958
 0.91313569
  0.9150366
 0.91476835
 0.91813655
 0.91669727
 0.91792448
 0.90984521
 0.90948468
   0.909842
 0.91415389
 0.91078333
 0.91189871
 0.91199201
 0.90249804
 0.89837808
 0.90179309
 0.91198262
 0.91362692
  0.9171869
 0.91918408
 0.92203913
 0.92106067
 0.91974931
 0.91987856
 0.91443522
 0.91437809
 0.91119211
 0.91254842
 0.90693012
 0.90575777
 0.90016409
 0.89904615
 0.89290236
 0.89610184
 0.89912768
 0.89396579
 0.89829342
 0.89582567
 0.89674747
 0.88802034
 0.88955381
 0.89344535
 0.90635244
 0.91488563
 0.91694023
 0.91735384
 0.91101913
 0.91349884
    0.92618
 0.92923651
 0.92604669
 0.92900491
 0.92179501
 0.92356701
  0.9142995
 0.91087285
 0.90840934
 0.90944149
 0.89339642
 0.89894681
 0.90071041
 0.89822855
 0.90472229
  0.9074991
 0.91346734
 0.91634826
 0.92602748
 0.92890825
  0.9324379
 0.93332898
 0.93153531
 0.92517215
 0.92436065
 0.91858075
 0.91978047
 0.91784835
 0.91982238
 0.91908888
 0.92001982
 0.91755271
 0.91509566
 0.91367333
 0.90406346
  0.8945891
 0.89063586
 0.89826975
  0.8973083
 0.90518062
  0.9095028
 0.91047233
   0.915053
 0.91555762
 0.91730616
 0.91976524
  0.9213222
 0.92123111
 0.91901478
 0.91638654
 0.91653131
 0.91727876
 0.91281844
 0.90966455
 0.90490489
 0.89705417
 0.89514789
 0.89794582
  0.8992024
 0.89355949
  0.8912644
 0.88824556
 0.89492851
 0.90144193
 0.90591536
 0.90571216
 0.90508447
 0.90491251
 0.90350425
 0.90609326
 0.91100759
 0.90594229
 0.90152339
 0.89649985
  0.9012982
 0.91135941
 0.91474389
 0.91556528
 0.91753853
 0.91716697
 0.91456034
 0.91211389
 0.90598122
 0.90536092
 0.90744592
 0.90375144
 0.89554762
 0.90144566
 0.89766587
 0.88451725
 0.88122401
 0.87991145
 0.86409214
 0.86971572
  0.8670338
 0.87811054
  0.8799474
 0.88664387
 0.88802901
 0.88532257
 0.87667229
 0.86534824
 0.86808774
  0.8633918
 0.86139811
 0.86319596
 0.86200126
  0.8673398
 0.86007694
 0.86608443
 0.86540882
 0.86267703
 0.85651702
 0.86493162
 0.86423859
 0.85862848
  0.8523565
  0.8550325
 0.85388098
 0.84605237
 0.85294215
 0.85226277
 0.85577492
 0.85887387
 0.85895384
 0.87356209
 0.87602233
 0.88251468
 0.88793647
 0.89715852
 0.90011797
 0.89314512
  0.8822742
 0.88380772
  0.8867175
 0.88622047
  0.8859283
 0.88075754
 0.89192982
 0.88815409
 0.88783341
 0.88626379
 0.87998714
 0.88891788
  0.8778098
  0.8804412
 0.86949191
 0.87117259
 0.87571034
 0.87439677
 0.88070144
 0.87628877
 0.87101001
 0.87904861
 0.88187933
 0.88197088
 0.87123379
 0.86263218
 0.86912767
 0.87363261
 0.87332099
 0.88230863
 0.87786835
 0.88977394
 0.88850664
 0.88780082
 0.88637877
  0.8776501
 0.87817559
 0.87542079
 0.87253395
 0.87216838
 0.87199661
 0.87363629
 0.87018859
 0.86800266
 0.87026826
 0.87515553
 0.87149591
  0.8739709
 0.87196176
 0.87025207
 0.88451632
 0.89089032
 0.88678891
 0.88680392
 0.89341371
 0.89812838
 0.89580659
 0.89982277
 0.89662044
 0.89479891
 0.89279652
 0.89513529
  0.8935011
 0.89188101
  0.9036406
 0.90068723
 0.90625511
 0.90758618
 0.90753603
  0.9075024
 0.90555615
 0.90849095
 0.90640992
 0.90624188
 0.90562789
 0.90401629
 0.89027383
 0.88693904
 0.89481223
 0.89511522
 0.89553258
 0.89728396
 0.89800327
 0.89425074
  0.8981111
 0.90029661
 0.89864573
 0.90352012
 0.90775423
 0.90795962
 0.90753773
 0.90932321
 0.90723585
 0.90173299
  0.8994569
 0.90534407
 0.89483146
 0.89560229
 0.89785664
 0.88698151
 0.88231165
 0.87972281
 0.87999719
 0.88565513
 0.88245029
 0.88409304
 0.89643389
 0.90409154
 0.90942817
 0.90612428
  0.9076681
 0.90843367
 0.90344948
 0.90620548
 0.90886824
 0.91499988
 0.91717156
 0.92031544
 0.91386926
 0.90983479
 0.91428507
 0.91670035
 0.91856598
 0.92224152
 0.93069881
 0.92383457
 0.92085037
 0.91198763
 0.91148008
 0.90686818
 0.90425924
 0.90955225
 0.92005577
 0.91822111
 0.91567823
   0.909783
 0.90457939
 0.91005891
 0.91652646
 0.91452178
 0.91820445
 0.91474986
 0.90869068
 0.90647677
 0.91653231
 0.91867449
  0.9116873
 0.91174917
 0.92069958
 0.92010911
 0.91252516
 0.91260058
 0.91677506
 0.91064708
 0.90552283
 0.91323973
 0.90726583
 0.90117654
 0.90602117
   0.914767
 0.91736006
 0.91238686
 0.90212585
 0.90889829
 0.90553956
 0.90845234
 0.91042797
 0.90578226
 0.91045676
 0.91130697
 0.91026002
 0.91486597
 0.91190807
 0.91054091
 0.90958338
 0.90446672
 0.90450569
 0.90286152
 0.89676593
  0.8966338
 0.89128136
  0.8967923
 0.89243698
 0.90311704
   0.907152
 0.90684403
 0.90041189
 0.89908158
 0.89409913
 0.89285002
 0.89133743
 0.87922072
  0.8823808
 0.88252944
 0.89262827
  0.8875587
 0.88407599
 0.88520254
 0.88986931
 0.89148149
 0.89208508
 0.88649763
 0.88770094
  0.8809685
 0.87705831
 0.88062142
 0.88057495
 0.87190456
 0.86991453
 0.87356302
 0.88151027
 0.87678113
 0.87791605
 0.88051768
 0.87887567
 0.88095992
 0.87474802
 0.87727433
 0.88264431
 0.88151202
 0.88272478
 0.89003662
  0.8903201
 0.89598868
 0.89757988
 0.89544976
 0.88679514
 0.88810053
 0.89232984
 0.89462331
 0.89242606
 0.89278657
 0.89646288
 0.89684517
 0.89748088
 0.90183945
 0.89701605
 0.89713704
 0.89277952
 0.89142088
 0.88190146
 0.88119897
 0.87506328
 0.87286086
  0.8778569
 0.87641118
 0.88285048
 0.88486362
 0.88655895
 0.88849727
 0.88220126
 0.88254404
 0.87238986
 0.87017665
 0.87412409
 0.86789861
 0.87729596
 0.87665744
 0.87280838
  0.8718672
 0.86242692
 0.86383528
 0.86277903
 0.85881978
  0.8576271
 0.86038362
 0.85376118
 0.86316719
  0.8592911
 0.86117853
 0.86342029
 0.87386836
 0.86938886
 0.86419419
 0.86580449
 0.85717743
 0.86535748
 0.85886748
 0.85768865
 0.83625346
 0.84547989
  0.8501194
 0.85106338
 0.85522438
  0.8544377
 0.85187798
 0.84581674
 0.83694158
 0.84583405
 0.84386675
 0.84309137
 0.84712234
 0.84499879
 0.85062253
 0.84803782
 0.85342799
 0.85346525
 0.85398386
  0.8545701
 0.85700188
 0.85310014
 0.85949718
 0.85731719
 0.86203024
 0.86340928
 0.86329945
 0.86864466
 0.87321177
 0.87583546
 0.88210277
 0.87909697
 0.88110805
 0.88015824
 0.87871328
 0.87315198
 0.87120047
 0.86657201
 0.86961185
 0.87224468
 0.87104874
 0.86729363
 0.87092475
 0.86809201
 0.86544937
 0.86145849
 0.85066079
 0.84551644
  0.8431134
 0.85066264
 0.84212714
 0.84712308
 0.84981161
 0.84937741
 0.84469324
 0.84313579
 0.84718595
 0.84186637
 0.83288344
 0.83682448
 0.82894659
 0.82627492
 0.81923061
 0.80923052
  0.8177084
 0.82046108
 0.83570959
 0.83077647
 0.83112523
 0.82978392
 0.83304255
 0.81769234
 0.82338883
 0.82686705
 0.81954508
  0.8134474
 0.82161066
 0.82022056
 0.82404917
 0.81431294
 0.81401197
 0.81865959
 0.81383635
 0.81139311
 0.82578437
 0.81865471
 0.82348425
 0.83627283
 0.83227335
 0.82757828
 0.84561412
 0.85058447
  0.8563674
 0.85443581
 0.85275417
  0.8585182
 0.85213347
 0.85201085
 0.85665761
 0.86273172
 0.86675519
 0.87349647

