0.020182672
0.019116483
0.018813967
0.019137698
0.019163578
0.019126575
0.019331458
0.019318689
0.019385955
0.019469319
0.019642376
0.020249905
0.021382419
0.022413262
 0.01928577
0.019156117
 0.01920455
0.019416376
0.019483933
0.019647054
0.019296918
0.019388773
0.019499918
0.019863098
 0.01985568
 0.02024235
0.020446609
0.020880757
0.021371416
 0.02173209
0.022210434
0.021755961
0.022000549
 0.02196393
0.022163753
0.022037023
0.022485883
0.022662836
0.022706818
0.023111111
0.023468778
0.023664574
0.025337355
0.026282699
0.028063234
0.028769012
0.029892241
0.029854689
0.029841889
0.030557085
 0.03091357
0.031562407
0.032740118
0.033409219
0.035059015
 0.03550333
0.035816259
0.037434414
0.037277068
0.038332694
0.039424064
0.040397436
0.040800082
0.041231809
0.041411917
0.041954463
0.042509723
0.043333887
0.043513564
 0.04277676
0.043365742
0.044378434
0.045943358
 0.04711474
0.047639721
0.048304034
 0.05072205
0.050884644
0.050798065
0.051693664
0.051764593
0.053378943
0.053578091
0.053852929
0.052195054
0.053326473
0.054063419
0.055697279
0.055417183
0.056312824
0.056834564
0.056705539
 0.05859845
0.059598176
0.061427421
0.062053699
0.062279733
0.062448599
0.063784559
 0.06455825
0.065703563
0.068033983
0.067331647
 0.06735338
 0.06715514
0.067928262
 0.06776898
0.067434384
0.067911121
0.068256051
0.068081247
0.067065029
 0.06748422
0.068904171
 0.06953357
0.072560809
0.072865157
0.073977727
0.073560591
0.074408328
0.076520125
0.077603433
0.076877471
0.078171296
0.078026609
0.080371362
0.082153549
0.084393843
0.084969529
0.088022617
 0.08863846
0.089064766
0.089020866
0.090707472
0.093251333
0.096253435
0.098737762
0.096855377
0.097179274
 0.10065086
  0.1033159
 0.10439806
 0.10556478
 0.10591873
 0.10554294
 0.10982648
 0.10807252
 0.11291911
 0.11458908
 0.11479959
 0.11938137
 0.12443629
 0.12914952
 0.13403264
 0.13746006
 0.13776847
 0.13982875
 0.14078939
 0.14334361
 0.14293652
  0.1436634
 0.14478213
 0.14608682
 0.15005231
 0.15068437
 0.15305722
 0.15717941
 0.15661274
 0.15753634
 0.15769867
 0.15859292
 0.16019699
 0.16250907
 0.16658343
 0.16495546
 0.16898046
 0.17082722
 0.17044076
 0.18018065
 0.17777967
  0.1789003
 0.17600086
 0.17588721
 0.17979665
  0.1832881
 0.18378985
 0.18437927
 0.18366421
 0.18226967
 0.18505445
  0.1866675
 0.19051653
 0.19298047
 0.19650978
 0.19764052
 0.19999298
 0.19918211
 0.20292998
 0.20203057
 0.20224623
  0.2003317
 0.20143383
 0.20278135
 0.20296932
 0.20292056
  0.2014488
 0.20159297
 0.20256332
  0.2026358
 0.20258292
 0.20414313
 0.20653408
 0.20565987
 0.21358168
 0.21522568
 0.21843214
 0.21906731
 0.22343618
 0.22549523
 0.22786532
 0.23134461
 0.23375696
 0.23236828
  0.2311457
 0.23109606
 0.23579053
 0.23827959
 0.23689401
 0.23910005
 0.23978269
 0.24256418
 0.23885348
 0.24402496
 0.24270037
 0.24322599
 0.24528727
 0.24437018
 0.24673098
 0.24925949
 0.25317194
 0.25661066
  0.2555064
 0.25837476
 0.25631365
 0.25174071
  0.2538396
 0.25699447
 0.26136848
 0.26236629
 0.26643728
 0.26665865
 0.26881946
 0.27043978
  0.2706222
 0.27066052
 0.27110884
 0.26921476
 0.27248277
 0.27111664
 0.27449808
 0.27345425
 0.27306209
 0.27504212
 0.27913716
 0.27890403
 0.27826798
 0.27674908
 0.27739114
 0.27989085
 0.27924905
 0.27771567
 0.28046408
 0.27776756
  0.2776655
 0.28272256
 0.28120122
 0.28604848
 0.28352105
 0.27960467
  0.2770321
 0.28035703
 0.28466409
 0.28240674
 0.28615204
 0.28319769
 0.28925733
 0.29033087
 0.28755406
 0.28863196
 0.28854399
 0.29675415
 0.29731527
 0.30115189
  0.3040331
 0.30528947
 0.30473207
  0.3067779
 0.30790831
 0.30929673
 0.31574877
 0.31083035
  0.3062125
 0.30878678
  0.3068746
 0.30953783
  0.3054177
 0.30757615
 0.31063027
 0.31763605
  0.3162416
 0.32309567
 0.32234825
 0.32259561
 0.32847007
 0.33590928
 0.33735309
 0.34426669
 0.33617895
 0.34465007
 0.34676415
 0.33840188
 0.34276006
 0.34915929
 0.34759062
 0.35243072
 0.35957044
 0.36249913
 0.36049199
 0.36508153
    0.36217
 0.35956241
 0.35478714
 0.35870285
 0.35745798
  0.3579772
 0.36346654
 0.35984581
  0.3621463
 0.36388459
 0.36230454
 0.36666484
 0.36790419
 0.37051233
 0.36957563
 0.36880605
 0.36950697
 0.37156604
 0.37079584
  0.3694221
 0.37143396
 0.36430729
 0.37022852
 0.37113791
 0.37090285
 0.36869082
 0.37175036
  0.3703964
 0.36985078
  0.3665197
 0.36627134
  0.3690075
  0.3592106
 0.36624575
 0.36629791
 0.37021962
   0.362702
 0.36875909
  0.3714108
 0.38039198
 0.38177165
 0.38774711
 0.38920459
 0.38687808
 0.38137881
 0.38630001
 0.38671075
 0.39349953
  0.3922112
 0.39175447
 0.39727964
 0.40160182
 0.40428982
 0.40403998
 0.40433551
 0.39934915
  0.3982752
 0.39671273
 0.39916726
 0.40354881
 0.40254658
 0.40295735
 0.40638499
 0.40802704
 0.40916367
 0.41280752
 0.40901885
 0.41317013
 0.41241392
 0.40854967
 0.41003376
 0.41228811
 0.40912427
 0.40680739
 0.40778814
 0.40650629
 0.40595816
 0.41436857
 0.41368801
 0.41573052
 0.41360255
 0.42189246
 0.42779359
 0.42894606
 0.42953628
  0.4227817
 0.42562734
   0.429911
 0.42825325
 0.42798801
 0.42810776
 0.41998976
 0.42096942
 0.42307646
 0.42440562
 0.42119483
 0.42227363
 0.42598897
 0.43379697
 0.43350455
 0.43468571
  0.4324797
  0.4285734
 0.43241473
 0.42951972
 0.43564905
 0.43353003
 0.44141111
 0.43860734
 0.44083466
  0.4411398
 0.44082897
 0.44017056
 0.44329898
 0.44201547
 0.44171434
 0.44306558
 0.45095699
 0.45258202
 0.45326297
 0.46134557
 0.46277442
   0.459264
 0.46076976
 0.46208507
 0.46407315
  0.4654766
 0.46348509
 0.45834033
 0.46375064
 0.46967217
  0.4753437
 0.47419251
 0.47880758
 0.47344238
 0.47753651
 0.48674067
 0.48404433
 0.48322326
 0.48418965
 0.48241944
 0.48988554
   0.488513
 0.49622709
 0.49723737
 0.49443076
 0.49252829
 0.49715886
 0.49111653
 0.49710234
  0.4965138
 0.49558289
 0.50051382
 0.51028485
 0.51537074
 0.52471678
 0.53090973
 0.53241766
 0.53271453
 0.52981932
 0.52677312
  0.5273426
 0.52234806
 0.52378852
 0.52194978
 0.52654003
 0.52488062
 0.52039963
 0.52523443
 0.52637952
 0.52718626
 0.52570701
 0.52153177
 0.52389109
 0.52427066
 0.53049534
 0.52576277
 0.52480036
 0.52350915
 0.52631103
 0.52379255
  0.5244785
 0.53056969
 0.52814287
 0.52336387
 0.51829594
 0.52263927
 0.51931267
 0.51581316
 0.51463581
 0.51010415
 0.50903652
 0.51009329
 0.51050668
 0.50924924
 0.51646203
 0.51794457
 0.51836129
 0.51127562
 0.50695115
 0.50535394
 0.50668756
 0.50007215
 0.49357221
 0.48649771
 0.48956926
  0.4914677
  0.4892102
 0.49258432
 0.49989902
 0.50783046
 0.50685508
 0.50528756
 0.50369256
 0.50819273
 0.50418665
 0.51147423
  0.5152612
 0.51408889
 0.51762947
 0.51246029
 0.50936867
 0.50669859
 0.50613516
 0.50531788
 0.51097614
 0.51083172
 0.51265699
 0.51064531
 0.51258296
 0.51207482
 0.52278451
 0.52821059
 0.53062614
 0.53302519
  0.5323176
 0.52539631
 0.53013967
 0.52506597
 0.51761136
 0.51935675
 0.52878099
 0.52823671
 0.53219142
 0.52754366
 0.53829139
 0.53419042
 0.54749554
 0.54661438
 0.55788249
 0.56705821
 0.57762944
 0.58013844
 0.59183569
 0.58707159
 0.58210171
 0.58889596
 0.58594011
 0.58641349
 0.59219193
 0.59647583
 0.59302985
 0.59188293
 0.58997382
 0.59336475
   0.595752
 0.59231785
 0.59504933
 0.59896167
 0.59870432
 0.59849515
 0.60512845
 0.59905321
 0.59585411
 0.59750053
 0.60232988
 0.60142112
 0.60024961
 0.60446457
 0.60583015
 0.59425995
 0.59901472
 0.59779726
 0.60135727
  0.5992672
 0.60306059
  0.6041798
 0.60294241
 0.60565607
 0.59975365
  0.5978409
  0.5978563
 0.59442598
 0.59991756
 0.59580109
 0.60157632
 0.60496638
 0.60653806
 0.60818691
 0.60770103
 0.61000906
 0.61286458
 0.61434665
 0.61006965
 0.60753092
 0.60787383
 0.60373174
 0.60929707
 0.60364814
  0.6035291
 0.60012436
 0.59533792
 0.59687854
 0.59383264
 0.59272235
 0.58766124
 0.59188645
 0.59627125
 0.60348396
 0.60694163
 0.59903006
 0.59657427
 0.59296261
 0.59131977
 0.60265311
 0.60471134
 0.60118641
 0.59057041
 0.59055031
 0.59154558
 0.59129647
  0.5967967
 0.60071607
 0.59844161
 0.60752649
 0.60110476
 0.59815631
 0.60473983
 0.60794285
 0.60918761
 0.60892986
 0.60385909
 0.60561358
 0.59630362
 0.59845804
 0.59563536
 0.58991389
 0.58265187
  0.5788035
 0.58391587
 0.58229741
 0.58291211
 0.58923572
 0.59087575
 0.59812645
 0.59932932
 0.60107586
 0.59756997
 0.59340638
  0.6000096
 0.59357189
 0.59817293
 0.59557059
 0.59854711
 0.60158473
 0.60376247
 0.60439774
 0.60468009
 0.60115101
 0.59626441
 0.59762775
 0.59861987
 0.60137607
 0.60376326
 0.60402202
 0.60536512
 0.61065897
 0.61562919
 0.61396815
 0.61655408
 0.61757128
 0.61592866
 0.62030333
 0.61268141
 0.61229314
 0.61818255
  0.6184533
 0.61564821
 0.61753667
 0.61260661
 0.61665393
 0.61816243
  0.6230428
   0.625221
 0.62540955
 0.62730245
  0.6276044
 0.62778817
 0.62465156
  0.6244341
  0.6220349
 0.61948883
 0.61588703
 0.60565226
 0.60807399
 0.61114748
 0.61391469
 0.61822563
  0.6217715
 0.62481492
 0.62729358
 0.62162847
 0.62167937
 0.61593574
 0.61983935
  0.6221635
 0.62728179
 0.63846314
 0.63777632
 0.63887041
  0.6355399
 0.64575018
 0.64390688
 0.64646125
 0.64336425
 0.63525869
 0.64177777
 0.63846295
 0.64492564
 0.65196124
 0.65185478
 0.66065602
 0.64749123
 0.65256935
 0.65967086
  0.6542241
 0.65137821
 0.65973536
 0.65828217
 0.65659691
 0.66395037
 0.66849791
  0.6678924
 0.67022049
 0.66970733
 0.69100494
 0.69517224
 0.71374768
 0.71391524
 0.71589424
 0.71456295
 0.71729108
 0.71910759
 0.72032869
 0.71883833
 0.72269049
 0.72132408
 0.72872508
 0.72330957
 0.72103229
 0.71130899
  0.7030346
 0.71872754
  0.7268909
 0.72296965
 0.73020309
 0.72831656
  0.7309021
 0.72433931
 0.73488733
 0.73809247
 0.73195179
 0.74171353
 0.73632133
 0.73409495
 0.73100414
 0.73163269
 0.73476689
 0.74102379
 0.74130995
 0.73559692
 0.73475561
 0.73908622
 0.74269533
 0.73130522
 0.73603477
 0.73326566
 0.74419649
 0.73275275
 0.74220616
 0.73770567
   0.745184
 0.74222645
 0.74163186
 0.75077248
 0.74403892
 0.73788005
 0.73940524
 0.73673654
  0.7471188
  0.7388736
 0.75062719
 0.74791919
 0.74870412
 0.74284502
 0.74447738
 0.74697547
 0.74500706
 0.74381518
 0.74023183
 0.73681007
 0.73916076
 0.73011885
 0.73357761
 0.73466044
 0.73751553
 0.73523402
 0.72634774
  0.7328244
 0.73160733
 0.73500935
 0.73686854
 0.73977887
 0.74571651
 0.74467007
 0.74563534
 0.74970635
 0.74615802
 0.73616923
 0.74412102
 0.74520654
 0.73713878
 0.73629013
 0.72821446
  0.7369971
   0.731401
 0.73573947
 0.73749314
 0.73991749
 0.74423536
 0.74485698
  0.7361598
 0.73521888
 0.73556128
 0.74082481
 0.75012218
 0.75434456
 0.75071081
 0.75055462
 0.75171513
 0.75802178
 0.75616869
 0.75483873
 0.75326323
 0.75453479
  0.7475127
  0.7400639
 0.73680432
 0.73853827
  0.7402999
 0.74471753
 0.74799913
  0.7436231
 0.74494541
 0.74024199
 0.74316688
 0.74047694
 0.74025354
 0.73364774
 0.73897273
 0.73825143
 0.72591439
 0.72177551
 0.72281454
 0.73185427
 0.73283759
 0.73753916
 0.74238666
 0.74745508
 0.74865241
 0.75291059
 0.74436905
  0.7457651
 0.74077064
 0.74315062
 0.74662103
 0.74125951
 0.74051369
 0.74070541
   0.737004
 0.74642106
 0.74572157
 0.74223271
 0.74383975
 0.74541042
 0.74571378
 0.75001812
  0.7485238
 0.75036607
 0.75113592
 0.75271389
 0.74547442
  0.7446195
 0.74031213
 0.74143828
 0.73548273
 0.73612301
 0.73846741
 0.73857226
 0.73697976
  0.7384388
 0.73614992
  0.7355017
 0.73362228
 0.73718251
 0.73275805
 0.73662374
 0.73035786
 0.73555611
 0.73188551
 0.73527336
 0.73419669
 0.73499998
 0.73537528
 0.73420998
 0.73676157
 0.74230315
 0.73875996
 0.73978826
 0.74204392
 0.74032084
 0.73644836
 0.73817845
 0.74162588
 0.74140488
 0.74139351
 0.74322481
 0.73173306
  0.7450354
 0.73877932
 0.74132044
 0.74055456
  0.7250588
 0.72930967
  0.7303239
 0.73843145
  0.7304655
 0.72716775
 0.71692907
 0.71982829
 0.72719763
 0.72581394
  0.7263037
 0.73294276
 0.72911544
 0.72851996
 0.72921287
 0.72604084
 0.72651354
 0.72772862
 0.72557604
 0.72724857
  0.7281679
 0.72674946
 0.72916469
 0.73188352
  0.7277779
 0.73255388
 0.72433898
 0.72428873
 0.72296493
 0.72269277
  0.7247551
 0.72687916
 0.72913959
 0.73042717
 0.72864027
 0.72448011
 0.72862916
 0.72093599
 0.73309361
 0.73001937
  0.7311732
 0.73099678
 0.73411063
 0.73160475
 0.73014659
 0.72907364
 0.72070016
 0.72938365
 0.72531586
 0.72351157
 0.72461913
 0.71785799
 0.71160133
 0.71464866
  0.7128556
 0.71281374
 0.70683717
 0.70496308
 0.70258486
 0.70525572
 0.69601242
 0.69394121
 0.69954663
   0.693853
  0.6942708
 0.69882524
 0.69431521
 0.69648107
 0.69986002
 0.69371856
 0.69847383
 0.70950169
 0.69845522
 0.70278276
 0.69372248
 0.68887842
 0.70054084
 0.69943642
  0.7080889
 0.70589876
 0.70679276
  0.7086064
  0.7024617
 0.70347047
 0.70030067
 0.70588893
 0.71303404
 0.71463715
 0.70751261
 0.70463616
 0.70750003
  0.7008468
 0.71105207
 0.70865279
 0.70865841
 0.71063355
 0.70372383
 0.70277368
 0.71359369
 0.71246051
 0.71143296
 0.71134682
 0.71149347
 0.71540046
 0.71091976
 0.71063968
 0.70822132
 0.71305421
 0.71254671
 0.70462501
 0.71095118
 0.71221314
 0.70940678
 0.70595043
 0.70509376
 0.70331926
 0.70061515
 0.69975442
 0.69815597
 0.70818374
 0.70908853
 0.71312066
 0.71474916
 0.71515457
 0.72144637
 0.71901492
 0.72541852
 0.72102077
  0.7235458
 0.71701189
 0.72058494
 0.71021142
 0.71045492
 0.70539565
 0.71636443
 0.71651823
 0.71282855
 0.71480946
 0.70576929
  0.7048562
 0.69814969
 0.69916978
 0.68900984
 0.69899415
 0.69299703
 0.69080681
 0.70276387
 0.70001825
 0.69980517
 0.69857632
 0.70559413
 0.70097211
 0.70619353
  0.7093396
 0.70973954
 0.71181024
 0.71209371
 0.71595539
 0.71007278
  0.7104917
 0.71119888
 0.70644535
 0.71325972
  0.7089461
 0.71579843
 0.72095235
 0.72749178
 0.72693119
 0.72344059
 0.72455878
 0.72665308
 0.71959716
 0.73052725
 0.72906644
 0.74021246
  0.7347463
 0.73728871
 0.73680262
  0.7372416
 0.73808684
  0.7436551
 0.74622572
 0.74843387
 0.74946455
 0.74659248
 0.73942033
 0.73446832
 0.73239371
 0.73875139
 0.74027641
 0.74246515
 0.74305898
  0.7485142
 0.74532301
 0.74753807
 0.75269299
 0.75319982
 0.74837349
  0.7415987
 0.73885524
 0.74146953
 0.74102991
 0.74151362
 0.74193116
 0.73738435
 0.73687543
 0.73670883
 0.74151551
 0.74152598
 0.73838961
 0.73700471
 0.73678751
 0.73699307
  0.7396279
 0.74512237
 0.75189703
 0.75043422
 0.74559668
 0.74272938
 0.74354753
 0.73668487
 0.72659599
 0.72500126
 0.72456425
 0.73939872
 0.73110177
 0.72843988
  0.7383395
 0.74338111
 0.73689818
 0.74288902
 0.74714537
 0.74536282
 0.74628673
 0.74621273
 0.74611902
 0.73811794
  0.7456887
 0.73778495
 0.74109104
 0.73658363
 0.74466741
   0.739474
 0.74550542
   0.748503
 0.74785242
 0.75051187
  0.7543748
 0.75649858
 0.75490641
 0.75646582
 0.76205606
 0.75899241
 0.75957509
 0.75610972
 0.75748676
 0.75083245
 0.75331153
 0.74440055
 0.75092917
 0.75598256
 0.75649545
 0.75066806
 0.74955508
 0.75067867
 0.75423252
 0.75141386
   0.743513
 0.74760563
 0.74940009
 0.74380501
  0.7365118
 0.74303073
  0.7404016
 0.74188869
 0.74812179
 0.74108858
 0.74160673
 0.73674736
 0.74237683
 0.74079223
 0.74332479
 0.73982755
 0.73559984
 0.73601378
 0.73636621
 0.73830268
 0.74169388
 0.74148851
 0.73222243
 0.73212526
 0.73151689
 0.72615247
 0.73261259
 0.73577307
 0.73164683
 0.72967752
 0.73666937
 0.73397912
    0.73292
  0.7373314
 0.73504105
 0.73559154
 0.73388432
 0.73747454
 0.72703725
 0.72428494
 0.72772046
 0.73185548
 0.72548346
   0.735241
 0.72765213
 0.73689207
 0.72673652
 0.72951932
 0.73070156
 0.72937158
 0.73581349
 0.72961283
 0.73491868
 0.73459312
 0.73929381
 0.73458685
 0.74673023
 0.73407932
  0.7440644
 0.73484882
 0.74543441
 0.74182203
 0.73523213
 0.74859228
 0.75482636
 0.74530294
 0.75252661
  0.7516617
 0.74920713
 0.75530181
 0.75378342
 0.75912175
 0.75490731
 0.75722682
 0.75851075
 0.75757896
 0.76038603
 0.76194713
 0.75860193
 0.76018473
 0.76601421
 0.76655006
 0.76976865
 0.76897836
 0.76119332
 0.76058419
 0.76100063
 0.76431661
 0.76642871
 0.77615565
 0.77288821
 0.77390483
 0.77110025
 0.77689331
 0.77097002
  0.7706521
 0.76390473
 0.76069861
 0.76202268
 0.77374855
 0.77065189
 0.77808764
 0.77881231
 0.77824931
 0.77141217
 0.77654431
 0.77208943
  0.7758997
 0.76932302
 0.76942966
 0.76696168
 0.76180088
 0.77296347
 0.77598687
 0.77352812
 0.76927317
 0.76851074
 0.77452439
 0.77402741
 0.77545135
 0.77768766
 0.77536636
 0.77976296
 0.78020826
 0.77917296
 0.77312997
 0.77324861
  0.7710371
  0.7581395
 0.75782126
 0.75990673
  0.7533732
 0.75475119
 0.76203988
 0.75409069
 0.75654137
 0.74985122
 0.75216111
 0.74137623
  0.7461242
 0.75240967
 0.75108183
 0.74932982
 0.74668872
 0.75369811
 0.75933464
 0.75900726
 0.76191108
 0.76227444
 0.76240937
 0.75822323
 0.76341906
 0.75646281
 0.75602258
 0.75548767
 0.76032618
 0.74770744
 0.76001433
 0.75339916
 0.75776488
 0.75873553
 0.75620101
 0.75413451
 0.76057908
 0.76972054
 0.77352449
 0.77412061
 0.77034265
  0.7632237
 0.76418308
 0.76545716
 0.76230834
 0.76679194
 0.76637794
 0.76773232
 0.76950811
 0.76968456
 0.77026023
 0.76675712
 0.77277753
 0.76441947
  0.7615453
 0.76800468
 0.77303473
 0.77093811
 0.77055764
 0.77039567
 0.77647764
 0.77670232
  0.7806646
 0.77626548
 0.78195611
 0.77526168
  0.7802573
 0.77532937
 0.77325291
 0.76714696
 0.77100946
  0.7719863
 0.76956678
 0.76618669
 0.76241545
  0.7563866
 0.75740463
 0.75423177
 0.75371977
 0.75670171
 0.75899869
 0.75698605
 0.75204041
  0.7525532
 0.75135545
 0.75462836
 0.75566013
 0.75902112
 0.75721938
 0.75983534
 0.76384431
 0.76851212
 0.76626883
  0.7655544
 0.76391077
 0.75894531
 0.76440058
 0.76682409
 0.76797705
 0.76006225
  0.7665837
 0.75948151
 0.76114494
 0.76012343
 0.77071578
 0.77084999
  0.7749932
 0.77134833
 0.76654798
 0.76523594
 0.76992264
 0.77781589
 0.77033899
 0.77617085
 0.76833903
 0.77623527
 0.77199214
 0.77373824
  0.7754563
 0.77062938
 0.77356252
 0.77180831
 0.76870642
 0.77360648
 0.77566953
 0.77883623
  0.7774646
 0.77973329
 0.78442767
 0.79303149
  0.7935926
 0.79033487
 0.79181504
 0.79635806
 0.79467394
 0.80274536
 0.80371535
 0.80165349
   0.798344
 0.79735103
 0.80577212
 0.80420483
 0.80374777
 0.80090225
 0.79872714
 0.80704276
  0.8063933
 0.80436544
 0.80259281
 0.80446303
 0.80723858
 0.80617131
  0.8045965
 0.80269795
 0.80138422
 0.79554591
 0.78823567
 0.78398208
 0.78229066
  0.7861027
 0.78688901
 0.79065974
  0.7921792
 0.79880692
 0.79405444
 0.79794163
 0.79538988
 0.79710505
 0.79404096
 0.78872945
 0.78253874
 0.77202982
 0.77106004
 0.77621205
 0.76917916
 0.77907017
 0.78386578
 0.78620685
 0.78328044
 0.77775228
 0.78546741
 0.79058502
 0.78420525
  0.7770976
 0.77103125
 0.77635448
 0.77401772
 0.78118055
 0.78019838
 0.78797338
 0.78575717
 0.78878441
 0.78776177
 0.79145288
 0.78073908
 0.78073278
 0.76963564
 0.76953624
 0.78154073
 0.78219767
 0.78962575
 0.79191029
 0.79432628
 0.78924587
 0.79754544
 0.80206451
  0.8082802
 0.80520489
 0.80882128
 0.81005395
 0.81181275
 0.81101688
 0.81203446
 0.81048414
 0.81554483
 0.81263488
 0.81105193
 0.81281735
 0.80892853
 0.79955976
 0.78890503
 0.78880982
 0.79408906
 0.80070964
 0.79902375
 0.80561379
 0.80034744
 0.80236008
 0.80801572
 0.80268857
 0.80430842
 0.78802799
 0.79293239
 0.77938761
 0.78852969
  0.7927116
 0.79609096
 0.78269398
 0.78915837
 0.78828151
 0.78534342
  0.7812239
 0.78077827
 0.78379677
 0.78297073
 0.78840422
  0.7826999
 0.78556302
 0.77745467
 0.78662822
 0.79089618
 0.79162125
 0.79402189
 0.79868583
 0.79513386
  0.7871264
 0.79413322
 0.78660259
 0.79286407
 0.78539477
 0.78905826
 0.79181362
 0.78429469
 0.79234979
 0.79784596
 0.80138963
 0.79584126
 0.80147028
  0.7975501
 0.80230287
 0.80092657
 0.81165179
 0.80410571
 0.80719462
 0.80674368
 0.81841656
 0.81804972
 0.81870604
 0.81124815
 0.81926361
 0.81613298
 0.81901163
 0.81662974
 0.81924079
 0.81503413
 0.82255204
   0.822589
  0.8225562
 0.82105584
 0.81900297
 0.81767031
 0.81784856
 0.82167879
 0.82184878
 0.82217488
 0.82311661
 0.82160018
 0.82485381
 0.82204403
 0.82271739
  0.8203928
 0.82760386
 0.82652337
 0.83406072
 0.83420917
 0.83314562
 0.83301158
  0.8312376
 0.83088347
 0.83227716
 0.82172114
 0.82841429
 0.82323707
 0.82899479
 0.82402457
 0.82658305
 0.83186469
 0.83101896
 0.82278452
 0.82600838
 0.82172065
   0.819124
  0.8177193
 0.82392588
 0.82392917
 0.82130989
 0.82894528
 0.82775613
 0.82752243
 0.82618909
 0.82611147
 0.82737781
 0.82215064
 0.81543326
 0.81877193
 0.82914844
 0.82587381
  0.8190387
 0.82432483
 0.82282598
   0.821294
 0.82322221
 0.82177004
 0.82161656
 0.82490318
 0.82719747
 0.81970072
 0.81165116
 0.80651891
 0.80029767
 0.78984788
 0.77998239
 0.77965733
 0.78750314
 0.79732115
 0.79122192
  0.7889611
  0.7893792
 0.79111734
 0.79862924
 0.79812602
 0.79753247
 0.80138307
 0.80580211
 0.80821848
  0.8122631
 0.81983102
 0.81512472
  0.8173225
 0.81322447
 0.81791586
 0.81729007
 0.80921418
 0.81229624
 0.80121562
  0.8054412
 0.80890368
 0.80557006
 0.80488586
  0.7996261
 0.79952918
 0.80092009
 0.80199076
 0.80342461
  0.8057902
 0.81260624
 0.80990849
 0.81282628
 0.81036659
 0.81082555
 0.81100342
 0.80485833
 0.80257363
 0.78928371
 0.79358085
 0.79119572
 0.78980094
 0.79108506
 0.79642229
 0.79870009
 0.79162886
 0.80112888
 0.81006952
 0.81940645
 0.82949886
 0.83437938
 0.83647746
 0.83857085
 0.83375003
 0.83227868
 0.82823768
 0.82946816
 0.82319278
 0.82353004
 0.81952843
 0.81698218
 0.82579472
 0.82370222
 0.81951901
  0.8257649
 0.82794767
 0.82934951
 0.83050357
 0.83078726
 0.83471611
 0.83616903
 0.83213889
 0.83904191
 0.83396402
 0.83564661
    0.84117
 0.84099227
 0.83397258
 0.83610702
 0.83222577
 0.82857172
 0.83384608
 0.83837737
 0.84253915
 0.83952558
 0.83738819
 0.84033013
 0.83778506
 0.83924033
 0.83892778
 0.83978611
 0.84111201
 0.84155711
 0.84393922
 0.83674318
 0.83732887
 0.83332166
  0.8358974
 0.83724628
  0.8456821
  0.8404047
 0.83323073
 0.82855756
 0.82097369
 0.82746025
 0.82487514
 0.82865575
 0.83312319
 0.83477594
 0.83487637
 0.82490441
  0.8323713
 0.83615326
 0.83275874
 0.83250051
 0.83560968
 0.83584666
  0.8358097
 0.83305766
 0.83005375
 0.83124058
 0.83340381
 0.83685453
 0.84054081
 0.83836156
 0.84015812
 0.84293359
    0.84564
 0.84871423
 0.84961213
 0.84663661
  0.8435583
 0.84003664
 0.83142123
 0.83402338
 0.82977523
 0.83074357
 0.83176965
  0.8307239
 0.83360898
 0.82939616
 0.83142104
 0.82518425
  0.8148322
 0.81808818
 0.80510488
 0.79839331
 0.80348604
 0.80074753
 0.80486631
 0.81347954
 0.81783184
 0.81826101
   0.826361
 0.81815427
  0.8151867
 0.81739607
 0.82628464
  0.8251583
 0.82828906
 0.82705862
 0.83488289
 0.83010891
 0.83462276
 0.83102235
 0.83911513
 0.84142882
 0.84174803
 0.84233621
 0.83207758
 0.83701451
 0.83464981
 0.83241275
 0.83192706
 0.82564782
  0.8269771
 0.82454223
 0.82869101
 0.83306998
 0.83396445
 0.83646174
 0.83190531
  0.8321102
 0.82660432
  0.8304828
 0.82223928
  0.8246002
 0.83389814
 0.83492499
 0.83172304
 0.82755788
  0.8217361
 0.82451673
 0.82782264
 0.81764458
 0.82065628
 0.81545548
   0.825457
 0.82816792
 0.83117692
 0.82725766
 0.82837257
  0.8239623
 0.82491035
 0.82742093
  0.8282374
 0.82535922
 0.82158916
 0.81626237
 0.81633715
 0.81531681
 0.81598031
 0.81527306
 0.81277517
 0.81567509
 0.81481763
 0.82101403
 0.82536189
 0.82196686
 0.82635211
 0.82309798
 0.83559468
 0.82941243
 0.83017537
 0.82365845
 0.82739723
 0.82509086
 0.82920479
 0.83200758
 0.83218609
 0.83268274
 0.83852083
 0.83618227
 0.83868321
 0.84542217
  0.8368734
 0.84128812
  0.8463691
 0.85119094
 0.84638065
 0.84520604
 0.84371932
 0.85264759
 0.84608054
 0.84472471
 0.85072864
 0.85383282
 0.85485398
 0.85030585
 0.85461957
 0.85427531
 0.84923692
 0.85847781
 0.85241743
 0.85231355
 0.85528573
 0.84761137
  0.8489958
 0.85099148
 0.84705053
 0.84934226
 0.84932782
 0.84296251
 0.85332106
 0.85493416
 0.85106178
 0.84448396
 0.84593835
 0.84886205
 0.84739282
 0.84657627
 0.84699969
 0.84216699
  0.8494805
 0.85580445
 0.85761449
 0.85768691
 0.86023837
 0.85511351
 0.85684156
  0.8648532
 0.86988219
 0.87349168
 0.87359368
 0.87923208
 0.87786211
 0.87306936
 0.87010552
 0.86445236
 0.86507909
 0.86787523
 0.86820569
 0.86772386
 0.86830773
 0.86779296
 0.86748636
 0.86788856
 0.86430702
 0.86166055
 0.86233583
 0.86736572
 0.87234685
  0.8706693
 0.87661714
 0.87707337
 0.88014168
 0.87647525
 0.87104757
 0.87827998
 0.87953302
 0.88162203
 0.88618204
 0.88955889
 0.88822597
 0.88734814
 0.88430236
 0.87768135
 0.88063813
 0.87876465
 0.87381567
 0.87606143
 0.88393345
 0.88734411
 0.88453301
 0.89102556
 0.88852525
 0.88720181
 0.88471459
 0.88590553
 0.88765876
 0.88771776
 0.89071998
 0.89364795
 0.88936212
  0.8884161
 0.88375169
 0.88480211
 0.87911755
 0.87577058
 0.88264264
 0.89029035
 0.89538831
 0.88752073
 0.88641868
 0.88892981
 0.88101832
 0.88569148
  0.8912078
 0.89651443
 0.89891606
 0.90299243
 0.90113174
 0.90313922
 0.90311451
 0.91159762
 0.90840148
  0.9077199
 0.90672061
 0.90037488
 0.89647658
 0.89485026
 0.89165809
  0.8904501
 0.87546123
 0.87477876
 0.88666222
 0.90246345
 0.91181237
 0.91218983
 0.90938644
 0.90724125
 0.89971663
 0.89151996
 0.88552778
 0.88250877
 0.88058704
 0.87995866
 0.87387735
  0.8682071
 0.86582497
 0.87812398
 0.88288338
 0.89522063
 0.89654033
 0.89569062
 0.90485637
 0.91135551
 0.91814215
 0.92132593
 0.91790819
 0.90909891
 0.91043029
 0.91281188
  0.9108303
   0.911854
 0.91105266
 0.90794313
 0.90362575
 0.89698274
 0.89614181
 0.89644885
 0.90225417
 0.89921717
 0.89994887
 0.89849805
 0.89122195
 0.88620908
 0.88366701
 0.87741061
 0.87985321
 0.87255088
 0.87404346
 0.87217321
 0.87061858
 0.87762285
 0.87514704
 0.87916554
 0.87166639
 0.86604024
 0.87109195
 0.87391069
 0.87074952
 0.86968216
 0.86383935
 0.85934691
 0.84703242
 0.85459169
 0.85324025
 0.85209757
 0.84858621
 0.84672206
 0.84915342
 0.85641784
 0.84704263
 0.84044898
 0.83140939
  0.8410337
 0.83886434
 0.83594509
 0.82917489
 0.82331689
 0.82092148
 0.81800119
 0.81449328
 0.81097463
 0.81507771
  0.8149286
   0.828876
 0.82524622
 0.83490349
 0.82675232
 0.82927959
 0.82737366
 0.82908223
 0.82739014
 0.82754338
  0.8288962
 0.83651668
 0.83763653
 0.83670519
 0.83351116
 0.83565086
 0.83522031
  0.8521489
 0.85106119
 0.84713831
 0.85199382
 0.85936912
 0.85339367
  0.8482391
 0.85106392
 0.85822734
 0.86565218
  0.8683716
 0.86263044
 0.85894618
 0.86148675
 0.86302448
 0.86827812
  0.8636616
 0.86476114
 0.86331416
 0.85676715
 0.84615202
 0.85537989
 0.85950784
  0.8567566
 0.85896634
 0.85585345
 0.86301556
 0.86682158
 0.86402963
  0.8644027
 0.86431899
 0.85877011
 0.85699083
 0.86551901
 0.86516563
 0.86160874
 0.85954864
 0.86653426
 0.86163294
 0.86143785
 0.87373669
 0.86005382
 0.86023397
 0.85989124
 0.86395304
 0.86618252
 0.86871837
 0.87567373
 0.87484128
 0.87625837
 0.86829906
 0.86865432
 0.85957561
  0.8491678
 0.84600803
   0.836898
 0.83746063
 0.83804817
 0.83057407
 0.83130305
 0.84734669
  0.8569186
 0.85061891
 0.85335546
   0.858467
 0.85249878
 0.85653407
 0.85495719
 0.85530685
 0.85432471
 0.85660411
 0.86241861
 0.85887203
  0.8591326
 0.85618224
 0.85116537
  0.8446947
 0.84968691
 0.84557218
 0.84977773
 0.85413025
 0.86049189
 0.86007246
 0.85882114
 0.85964103
 0.86803745
 0.87073953
  0.8756624
 0.87613511
 0.87811469
 0.87748945
 0.87046632
 0.86892379
 0.86813683
 0.85976541
 0.85118322
 0.84200323
 0.83865844
 0.83322881
 0.83749466
 0.82930378
 0.83298001
 0.83233209
  0.8396541
 0.83923644
 0.83939919
 0.83813815
 0.83605651
 0.85263934
 0.84961359
 0.85190937
 0.85328024
 0.85450145
  0.8436062
 0.84912648
 0.85159429
 0.86295685
  0.8620731
 0.85495632
 0.85697975
 0.85475169
   0.854751
 0.85232301
 0.85332019
 0.85713707
 0.85400022
 0.85933909
  0.8603511
 0.85655166
  0.8595563
 0.85416802
 0.85432114
 0.85295945
 0.85384269
 0.86589465
 0.86281654
 0.85919576
 0.86108194
 0.86237926
 0.86099424
 0.85756208
 0.85571365
 0.86422313
 0.86909553
 0.86947172
 0.87149696
 0.87278208
 0.87420231
 0.87140831
 0.87032416
 0.87392903
  0.8789483
 0.87485286
 0.87019296
 0.87251944
 0.86562837
 0.86929283
 0.87084495
 0.86897006
  0.8678345
 0.86945389
 0.86928904
   0.880938
 0.87898017
 0.87392625
 0.87549507
 0.88298424
 0.88297657
 0.88545461
  0.8939878
 0.89742316
 0.89482203
 0.89697617
  0.8985716
 0.89477558
 0.90178757
 0.90085484
 0.90451338
 0.90669901
 0.89882221
 0.89746274
 0.88581777
 0.89494823
   0.893179
 0.89636028
 0.89660226
 0.90297936
 0.90012728
 0.89739476
 0.90254215
 0.90707928
 0.89715342
 0.89493493
 0.89965133
  0.8945574
 0.89100095
 0.90118305
 0.89832815
 0.91071318
 0.91529898
 0.91074899
 0.91512066
 0.90499241
 0.90656096
 0.90683984
 0.90786986
 0.90102095
 0.90335165
 0.91529973
 0.91009483
 0.90506026
 0.89824265
 0.89147273
 0.89913481
 0.89928969
 0.89840161
 0.89394162
 0.88738508
 0.89082467
 0.89233295
 0.89365194
 0.89727343
 0.89134369
 0.89048345
 0.88965944
 0.89064851
 0.88965479
 0.88304919
 0.88881754
 0.88358622
 0.87327603
 0.87627532
 0.86420054
 0.86129314
 0.86860218
 0.86208149
 0.86833652
 0.86712994
 0.87164023
 0.87798516
 0.87554505
 0.88239146
 0.88357558
 0.88575491
 0.88815235
 0.87665832
 0.87720469
 0.87682216
  0.8812913
 0.87597828
 0.87932208
 0.88196347
 0.88646186
 0.89043255
 0.88641952
  0.8827685
 0.89438695
  0.8972035
 0.89682382
 0.88967591
 0.88099604
 0.87887827
 0.88064908
 0.87921693
 0.88064987
 0.87636528
 0.87833298
 0.87845397
  0.8774929
 0.87285017
 0.86640819
 0.87504212
 0.87792505
 0.88438596
  0.8821142
 0.88499951
 0.88343951
 0.88163704
  0.8837703
  0.8878766
 0.88859713
 0.88832405
 0.88835283
 0.88007695
 0.88620641
 0.88800238
 0.88365872
 0.88282048
 0.88628186
 0.88155558
 0.88171699
 0.87934597
 0.88515115
 0.88568741
 0.88646182
 0.88957101
 0.88507829
 0.89498118
 0.89760903
  0.8940986
 0.89056043
 0.88718444
 0.88951315
 0.89136622
 0.88749927
 0.88778493
 0.89547737
 0.89375853
 0.89231676
 0.89413971
  0.8948949
 0.89116324
 0.89477438
 0.89315314
 0.89001018
 0.88842581
 0.89467382
 0.89289626
  0.8901153
 0.89247808
 0.89898092
 0.90317987
 0.90200218
 0.90200955
 0.90069739
 0.88546941
 0.88041126
 0.88090975
 0.88560622
   0.895696
 0.89490678
  0.8954085
 0.89036858
 0.89312925
 0.88990987
 0.88310764
 0.89482024
 0.88747269
 0.87340694
 0.88163977
 0.88135292
  0.8789411
  0.8733964
 0.88397458
 0.88693629
  0.8865448
 0.88942468
 0.89005932
 0.88617004
 0.89218608
 0.88680731
 0.89457623
 0.89235542
 0.88650231
 0.89539223
 0.89841813
 0.90721902
 0.90506186
 0.90349737
 0.89956972
 0.89863814
 0.89462145
 0.89827921
 0.89460776
 0.89220027
 0.89604599
 0.88821979
 0.89159351
 0.89622453
 0.90286046
 0.90270348
 0.90805415
  0.9114248
 0.90151233
 0.90096239
 0.89198128
 0.90025981
 0.90651396
 0.90349052
 0.90852936
  0.9179456
 0.90481486
 0.89978646
 0.91398202
 0.91881336
 0.91817919
 0.90980251
 0.90881415
    0.90724
 0.89731254
 0.89701062
 0.88889106
 0.87805544
 0.88835227
 0.89151089
 0.89149627
 0.88784721
  0.8862354
 0.87990867
  0.8813804
 0.87949358
 0.87573238
 0.88192008
 0.88153872
 0.88365418
 0.87662164
   0.877267
 0.88642395
 0.87864752
 0.88692325
 0.89091566
 0.89689725
 0.88657146
 0.89645887
 0.89262194
 0.90485845
 0.89883836
 0.90268068
  0.9049216
 0.90443191
 0.90676725
  0.8994688
 0.89712744
 0.90271627
 0.90772305
 0.90381313
 0.89516198
 0.90443338
 0.91308417
  0.9102199
 0.90998922
 0.91120488
 0.91418385
   0.909571
 0.91788033
   0.927543
 0.92154932
     0.9241
 0.91886359
  0.9225862
 0.92353876
  0.9190609
 0.91846631
 0.90304471
 0.90928719
 0.91721306
 0.91661742
 0.90748528
 0.89969443
 0.90018828
  0.8936592
  0.8897051
 0.90751287
 0.91024764
 0.90352449
 0.90267099
 0.88508999
 0.88538859
  0.8875225
 0.89354339
 0.89072088
 0.88994645
 0.89315157
 0.89528533
 0.87783492
 0.87389747
 0.87088117
 0.87165447
 0.87667988
 0.88014903
 0.88903601
 0.89502942
 0.89033859
  0.8876789
 0.89170045
 0.89148497
 0.89835526
 0.89895982
 0.90280517
 0.90187473
 0.90052849
 0.90159578
 0.90419348
 0.90993033
 0.90836699
 0.90636019
 0.90381889
 0.91374357
 0.91037836
 0.89935275
 0.89535082
 0.89721131
 0.89386871
 0.89470585
 0.88885224
 0.88321504
 0.88389211
 0.88847691
 0.89119291
  0.8933525
 0.89509647
 0.89931985
 0.90102221
 0.89510529
 0.89020525
 0.89850673
 0.89429849
 0.89313925
 0.89012718
  0.8877865
 0.87907686
 0.87774774
 0.87171654
 0.87555268
  0.8758031
 0.87244628
 0.87107597
 0.87041601
 0.87693931
 0.87617931
 0.87552112
 0.87985054
   0.878827
 0.87132185
 0.88377548
 0.88210311
 0.87907555
 0.87993598
 0.88770818
 0.87786387
  0.8802948
 0.88426637
 0.89042015
 0.88951685
  0.8922099
 0.88713139
 0.89483749
 0.88596568
 0.88695108
 0.89015906
 0.89230629
 0.88741276
 0.88887026
 0.88977323
 0.88890763
 0.88864364
 0.88685955
 0.89180672
 0.88280626
 0.88413333
 0.88534003
 0.88824868
 0.88894318
 0.89422564
 0.88878587
 0.89643397
 0.89852413
 0.89832625
  0.8961986
 0.89046832
 0.89551622
  0.8912301
  0.8988732
 0.89488686
 0.88908288
 0.88488458
 0.88708823
 0.88457123
 0.88776312
 0.89365056
 0.88787237
 0.89700796
  0.9018427
 0.90343882
 0.89092413
 0.89784482
 0.90158166
 0.90170369
 0.90140808
 0.90040344
 0.89949597
 0.89573661
 0.89554437
 0.89823667
 0.90306498
 0.89544367
 0.89746984
 0.89143592
 0.89552865
 0.89576875
 0.90336341
 0.90081669
 0.90252372
 0.90485896
 0.90294152
 0.89986599
 0.89230863
 0.89931324
 0.90622884
 0.90889257
 0.90546829
 0.90111319
 0.89951995
 0.88550157
 0.88712381
   0.880866
 0.88265476
 0.88819288
 0.88844724
  0.8894259
 0.88380045
  0.8720392
 0.87577108
 0.88149118
 0.87875268
 0.88451638
 0.88596931
 0.88255633
 0.88351969
  0.8832848
 0.87385325
  0.8680923
 0.87065884
 0.86958718
 0.87929428
  0.8907048
 0.89533958
 0.88772417
 0.89449696
 0.89407997
  0.8885579
 0.88816525
 0.89172583
 0.89039947
 0.89559865
 0.89546465
 0.89618199
 0.89153517
 0.89074485
 0.89693843
 0.89314148
 0.89344103
 0.89431107
  0.8897816
 0.88402808
 0.87894322
  0.8885262
 0.87965977
 0.88134445
  0.8718161
 0.87610952
   0.886597
 0.88924194
 0.89623459
 0.89012853
  0.8944492
 0.89778249
 0.89919852
 0.90279209
   0.893578
  0.8941917
 0.89987991
 0.89705957
  0.8938991
 0.89829865
 0.89843045
 0.89970433
 0.89340564
 0.88952005
 0.88736828
 0.89037867
 0.89626318
 0.89297301
 0.89110665
 0.89010542
 0.88793019
 0.88903099
  0.8867706
 0.88911658
 0.89116466
 0.88490544
 0.88062635
 0.88480908
 0.88338016
 0.88485968
 0.88339645
 0.88650645
  0.8883042
 0.88997873
 0.89112205
 0.88837252
 0.89323463
  0.8934903
 0.89758009
 0.89713056
 0.89691735
 0.89625346
 0.88683926
 0.89128785
 0.88374559
 0.88682676
 0.88586909
 0.88778579
 0.89338343
 0.89205856
 0.89130883
 0.88885969
  0.8881917
 0.89286578
 0.89937203
 0.89884637
 0.89714739
 0.90031893
 0.90238438
 0.89816499
 0.89827012
 0.89564293
 0.89448916
 0.89604837
 0.89048399
 0.88836281
 0.88454516
  0.8846756
 0.88859907
 0.89192238
  0.8875016
  0.8817614
 0.87855368
 0.87543251
 0.86530131
 0.86067772
 0.85568141
 0.85526279
 0.84714095
 0.84212103
 0.84253645
 0.84387561
 0.84325723
 0.84380567
 0.84477536
 0.85195375
 0.84888455
 0.84659037
 0.84580889
 0.84598161
  0.8459359
 0.85520041
 0.86072701
 0.85820487
 0.85371433
 0.85093519
 0.84798413
  0.8458187
 0.84856143
 0.84433557
 0.84146686
 0.84131658
 0.84076372
 0.84461709
 0.84375967
 0.84719197
 0.84194731
 0.84246532
 0.83393464
 0.83011202
 0.82461561
 0.83185621
 0.83815341
 0.84395862
 0.85047641
 0.84897202
 0.85053088
 0.85369389
 0.84448818
   0.832097
 0.82807341
  0.8233611
 0.82374906
 0.83374139
  0.8348161
 0.83277857
 0.83235246
 0.82604299
 0.82851067
 0.82415214
 0.82769444
 0.82757068
 0.82141158
 0.82207128
 0.81505245
 0.81614631
 0.81186975
 0.81140118
 0.80481705
 0.80190682
 0.79626385
 0.79641391
 0.79404267
  0.7918095
 0.79251651
 0.79050849
 0.79368296
 0.79856998
 0.79760273
 0.79471726
 0.79561952
 0.79442167
 0.78947407
 0.78574213
 0.79002717
 0.78717759
 0.78846996
 0.79381986
 0.79494735
 0.79005795
 0.79082666
 0.79001296
 0.78853877
 0.78662518
 0.78603279
 0.78174218
 0.78464033
 0.78906076
 0.79391766
 0.79282396
 0.79450693
 0.79798784
 0.80408994
 0.80779528
 0.80734598
 0.81399101
 0.81204487
  0.8104774
   0.807017
 0.80604318
 0.80167942
 0.80875961
 0.80981692
 0.81814597
 0.81780822
 0.81863899
 0.82593334
 0.82834254
 0.82443632
 0.82429279
 0.82751944
 0.81838033
 0.80792507
 0.79486815
 0.79751565
  0.7987616
 0.77854699
 0.78115017
 0.78707654
 0.78542669
 0.78042032
 0.77338334
 0.77059573
 0.77097373
 0.77389106
 0.77093239
 0.77232266
  0.7792301
  0.7800493
 0.77922493
 0.78264698
 0.78033762
 0.77667278
 0.78491735
 0.77908689
 0.77903865
 0.77272758
 0.77485831
 0.77853867
 0.78241861
 0.78519216
 0.78646322
 0.78578845
 0.78826454
 0.78737613
 0.79044342
 0.78809482
 0.78435374
 0.79145308
 0.79582723
  0.7965568
 0.79811206
 0.79082193
 0.78793255
 0.79421206
 0.80266426
 0.81000591
 0.81090676
  0.8162135
 0.81658051
 0.81938719
 0.81669099
 0.81183967
   0.808527
 0.81009231
 0.81208388
 0.80420116
 0.80785278
 0.81626285
 0.81798914
 0.82067034
 0.82208906
 0.82420654
 0.81670477
 0.82171567
 0.81692966
 0.80910948
 0.81554404
  0.8193416
 0.81753571
 0.81742472
 0.81086208
 0.81576997
 0.81834186
 0.81130061
  0.8048876
 0.80916552
 0.80594962
 0.80880543
  0.8088625
 0.80613084
  0.8045621
 0.80542812
 0.80911508
 0.81444986
 0.81571342
 0.81413786
 0.81134516
 0.80896031
 0.81183593
 0.81174657
 0.81432945
  0.8232976
 0.82583068
 0.82780723
 0.83327605
 0.84202187
 0.84112947
 0.84383882
  0.8411201
 0.84205325
 0.84172542
 0.84532593
 0.84376695
 0.83702633
 0.84134534
 0.83904586
 0.84118409
  0.8445104
 0.84126923
 0.83544452
 0.82984255
 0.83527377
 0.83128053
 0.83758928
 0.83336677
 0.83381504
 0.83150962
  0.8320236
 0.82933372
 0.83737837
 0.84449464
 0.84834462
 0.84617602
 0.84689292
 0.85546492
 0.85423707
  0.8576264
 0.86037989
  0.8632036
 0.85846408
 0.85274189
  0.8522937
   0.853692
 0.85744043
 0.85724329
 0.85186083
 0.84838509
 0.85369403
 0.84753789
 0.85278336
 0.85739773
 0.85339773
  0.8497213
 0.85237886
 0.85298211
 0.86196305
 0.85906831
  0.8584235
 0.85669297
 0.85526866
 0.85514498
 0.86074496
 0.86069151
 0.86288846
 0.86676705
 0.86541947
  0.8647929
 0.87391171
 0.86608089
 0.87454755
 0.87474034
 0.87324345
 0.87665611
 0.87676605
 0.88384905
 0.88573897
 0.88772831
 0.88016338
 0.89381234
 0.89942324
 0.90087147
 0.90291752
 0.90785082
 0.90679865
 0.90458679
 0.90091244
 0.90754344
 0.91737728
 0.91740209
 0.92141679
 0.91978272
  0.9187378
 0.91318292
 0.91208407
  0.9164575
 0.92653458
 0.92592259
 0.92394577
 0.91627492
 0.91829057
 0.91644307
 0.91611919
 0.91677116
 0.92125243
 0.92217829
 0.91726879
 0.92279368
 0.91788407
 0.92206581
  0.9164578
 0.91212266
 0.91231905
 0.91632728
 0.91418537
 0.91736628
 0.90690604
 0.90764269
  0.9010586
 0.89815003
 0.89505391
 0.89405664
 0.89300621
 0.89094931
 0.88987189
 0.89088019
 0.88343752
 0.87345511
 0.87108319
  0.8636719
 0.86516841
 0.86395288
 0.85764913
 0.85291569
 0.84145483
 0.84466073
 0.84302391
 0.84043412
 0.84264442
 0.84679051
 0.84783852
 0.85057694
 0.85151923
 0.85028073
 0.85218069
 0.85569832
 0.85911532
 0.86421505
 0.84955493
  0.8560357
 0.85114946
 0.85208142
 0.85134999
 0.84468137
 0.84475076
 0.84758478
 0.84807992
 0.85392638
 0.84746308
 0.85331462
 0.84991847
 0.84810464
 0.85168361
 0.85466986
 0.85136504
 0.84931668
  0.8485969
 0.84972942
 0.84958197
 0.84829802
 0.85052777
  0.8575853
 0.85536575
 0.85501401
 0.85753676
 0.86100632
 0.86430304
 0.86235293
 0.85795752
 0.85460466
 0.84689541
  0.8475995
 0.84544899
 0.85646676
 0.86315054
 0.86284394
 0.85899314
 0.86221381
 0.86175421
 0.86490315
 0.86350641
 0.86388666
 0.86729897
 0.86885703
 0.87314764
 0.87015829
 0.86980986
 0.86727606
 0.85651174
 0.85508964
 0.84950769
 0.85532632
 0.85805256
 0.85850557
 0.86846422
 0.86274446
 0.85601422
 0.84849195
  0.8532801
 0.85605012
 0.86673242
 0.86968016
  0.8625826
  0.8594926
 0.84983496
 0.85508375
 0.85895849
 0.85623588
 0.86212168
  0.8633155
 0.86275953
 0.86081704
 0.85886736
 0.85682542
  0.8648473
  0.8645649
 0.85261799
 0.86374717
 0.86446983
 0.87334249
 0.87729989
 0.87809604
 0.87525759
 0.87771132
 0.87633096
 0.86976236
 0.87210755
 0.86434735
 0.87046904
 0.87462383
 0.87550788
 0.87592023
 0.86974768
 0.86638858
 0.86544484
 0.86006153
 0.85051512
 0.85017934
 0.83924776
  0.8433986
 0.84320069
 0.83939849
 0.83564129
 0.83870438
 0.84082478
 0.84229337
 0.84429924
 0.84440279
 0.84719425
 0.85914021
 0.85350949
  0.8543339
 0.84806575
 0.84525648
 0.84145016
 0.83695047
 0.82661214
 0.83840073
 0.83795053
 0.83590667
 0.83412152
  0.8315847
 0.84123979
  0.8564089
 0.85757011
 0.85447804
 0.85681661
 0.85379635
 0.85515599
 0.85777775
 0.86066801
 0.86318935
 0.86040472
 0.84996441
 0.85122853
 0.85205864
  0.8511336
 0.85383528
 0.85096409
 0.84853885
 0.84484548
 0.85386861
 0.85691676
 0.85505813
  0.8591795
 0.86207305
 0.85524991
 0.86182727
 0.86629135
 0.87324884
 0.87118496
 0.86357156
   0.864323
  0.8715374
 0.87632575
 0.88010391
 0.88734337
 0.88935734
 0.88684892
 0.87957356
 0.87612704
 0.87679382
 0.87087766
 0.87281878
 0.87420119
 0.87130373
 0.86375391
 0.86057121
 0.85624351
 0.85926228
 0.85541395
  0.8573008
 0.86006673
 0.85806147
 0.86129112
 0.86459144
 0.86261642
  0.8692871
 0.86816691
 0.87454328
 0.87499163
 0.87521953
 0.87885561
 0.87924089
 0.87949201
 0.87811819
 0.87544424
   0.870002
 0.87144687
 0.86832047
 0.86809394
 0.87100234
  0.8677486
 0.86541826
  0.8519669
 0.85980607
 0.86590326
 0.86029663
 0.85850181
 0.85017003
 0.85042026
 0.85506782
 0.86503459
 0.86953642
 0.87020618
  0.8713946
 0.86889975
 0.87079403
 0.87226115
 0.86740824
 0.86937588
 0.86327888
 0.86035899
 0.85851001
 0.84809681
 0.85367819
 0.86405057
 0.87109067
 0.87052847
  0.8666269
 0.86845591
 0.86460242
 0.86359255
 0.86726602
 0.86514411
 0.87101314
 0.87660609
  0.8783926
 0.87410415
 0.87214233
 0.87299627
 0.87218265
 0.87672086
 0.87895606
 0.87958112
 0.88324961
 0.87733134
 0.87819501
 0.88646627
 0.88613608
 0.88530496
 0.88418413
 0.87918315
 0.87408415
 0.87166146
 0.87686429
 0.87335773
 0.87581053
 0.87829242
 0.88019282
 0.87828924
  0.8850753
 0.88232532
 0.88350218
 0.88627849
 0.87736742
 0.87261009
 0.87723725
 0.87721618
 0.87997326
 0.87958044
 0.88663347
 0.89034361
  0.8924023
 0.89245443
 0.89440285
 0.89257475
 0.89318513
 0.89155772
 0.90144359
 0.90109036
 0.89924638
 0.90018422
  0.8962079
 0.90015112
 0.90330092
 0.89837163
 0.89608464
 0.89554543
 0.90158893
 0.89782265
 0.90132194
 0.89976585
 0.89907759
 0.89453884
 0.89813585
 0.89767093
 0.90625449
 0.90447337
 0.90324026
 0.89812762
 0.90188602
 0.90107126
 0.90093282
 0.89767778
  0.9010296
 0.90134106
 0.90343842
  0.9041179
 0.89906231
   0.902043
 0.89648908
 0.90159913
 0.89697706
 0.88718466
 0.89114677
 0.89597809
 0.90160305
 0.89770096
 0.89717739
 0.90620198
 0.90410855
 0.90675653
 0.89568817
 0.90229813
 0.89804192
 0.89720795
 0.88679928
 0.88380047
 0.88421835
 0.87672307
 0.87967007
 0.87990819
 0.88963667
 0.89584512
 0.89944198
 0.89770791
 0.89683479
 0.89924209
 0.90419334
 0.90584155
 0.90202098
 0.89712948
 0.90855668
 0.90698464
 0.90609094
 0.90061979
 0.90468837
 0.89860302
 0.89867732
 0.90405425
 0.90393563
 0.89922598
  0.8870563
 0.88574095
 0.88584111
 0.88195589
 0.88596107
 0.88322626
 0.88634686
 0.88473507
 0.87374711
  0.8639863
 0.85375228
 0.85775515
 0.85457588
 0.85125301
 0.85032736
 0.85560689
 0.86496425
 0.86442689
 0.86140066
 0.85973168
 0.86290509
 0.86343971
 0.86964979
  0.8669882
 0.86915141
 0.86146593
 0.86790154
 0.86049787
  0.8714102
 0.86736756
 0.87056661
 0.87050157
 0.87366045
 0.87350928
 0.86135104
 0.86130729
 0.86238318
 0.85504605
 0.85684921
 0.85045839
 0.85748847
 0.86549354
 0.86894133
 0.87197267
 0.87327026
 0.87203212
 0.87746724
 0.87947744
 0.86811733
 0.87454756
 0.87610148
 0.86558268
 0.86940327
  0.8739358
 0.87152373
 0.87375074
 0.87342763
 0.87762049
 0.86584242
 0.86512839
 0.86984073
 0.86732913
 0.86281486
 0.86400046
 0.85713838
 0.85426455
 0.85062986
 0.84032246
 0.84514368
 0.83985234
 0.84538403
 0.84498676
 0.84793664
 0.85254762
 0.85160715
 0.86459652
 0.86741462
 0.85928031
 0.85885612
 0.85874022
 0.85927706
 0.86094753
 0.86610804
 0.86116435
 0.86467202
 0.86406376
 0.87990261
 0.88392461
 0.88909817
 0.89497828
 0.88372845
 0.88643876
 0.87310188
 0.86830613
 0.86830428
 0.87243424
 0.87161144
 0.86165048
 0.85293537
  0.8392042
 0.81918245
  0.8268011
 0.84074387
  0.8299956
 0.84394849
 0.83931673
 0.83501381
 0.83917045
 0.83891062
 0.83785735
 0.84309505
 0.84028925
 0.84285186
 0.82616727
 0.83413332
 0.83802345
 0.83973233
 0.85161453
 0.85118509
 0.84802481
  0.8450907
 0.85948556
 0.85359391
 0.85063207
 0.84879954
 0.84845877
 0.84565186
 0.84992067
 0.84428794
 0.84509978
 0.83795294
 0.83690999
 0.83117485
    0.83732
 0.83151471
 0.83541783
 0.84213883
 0.84710674
  0.8445252
 0.84768736
 0.84900117
 0.84344375
 0.84261825
 0.84162587
 0.84134912
 0.85101417
 0.84534984
 0.84398849
 0.84934358
 0.84631692
 0.84424536
 0.84981677
 0.84305856
 0.84266144
 0.84434645
 0.84854677
  0.8437151
 0.84700394
 0.84404572
 0.84344951
 0.84463527
  0.8484711
 0.84963231
   0.851511
 0.85236389
 0.85321987
 0.85428884
 0.84280691
 0.85525796
  0.8533936
  0.8505547
 0.85545818
 0.85275521
 0.85196115
 0.85638118
 0.85276055
 0.85462276
  0.8478751
 0.85335662
 0.84401155
 0.85537259
 0.85660467
 0.85714584
 0.85824333
  0.8596751
 0.85897504
 0.85917264
 0.85704192
 0.85447009
 0.84805339
 0.84276844
 0.84249008
 0.84778387
 0.85466619
 0.84808643
 0.84753981
 0.85632782
 0.85163661
 0.86204259
   0.860002
 0.86742933
  0.8641398
 0.86838176
 0.86963305
 0.86820961
 0.86313197
 0.85305274
 0.85613213
 0.84956955
 0.86078639
 0.86820776
  0.8712067
 0.86909443
 0.85956031
 0.86044198
 0.86458136
 0.86619329
 0.86333354
 0.85831993
 0.84793153
 0.85016967
 0.84370155
 0.84418082
 0.85732874
 0.86904003
 0.86268514
 0.85065606
 0.85217453
 0.85190311
 0.85568437
 0.85164236
 0.84291857
 0.84655736
  0.8468112
 0.85404032
 0.84012585
 0.84225429
 0.84748765
 0.85953928
 0.86325937
 0.85772098
 0.85550865
 0.84808812
 0.85182014
 0.84529594
 0.84861918
 0.85532156
 0.85371268
 0.84940881
 0.84813753
 0.84863383
 0.85414865
 0.86981174
 0.86504331
 0.86402452
 0.85016839
 0.85385121
 0.86213173
 0.85924078
 0.86543408
  0.8642203
 0.86445979
 0.86139795
 0.86268262
 0.86276658
 0.86128437
 0.86089249
 0.85463172
 0.86276162
 0.86166826
 0.86049287
 0.86072526
 0.85719553
 0.87023232
 0.86846361
 0.87155619
 0.87083096
 0.85665165
 0.85476815
 0.84885256
    0.84063
 0.84900133
 0.85833244
 0.85423745
 0.85730533
 0.86645811
 0.86854884
 0.87543445
 0.87746812
 0.88689568
 0.88478901
 0.89090822
 0.90237866
 0.89529934
 0.89117581
 0.89297002
 0.89507072
 0.89793345
 0.89446301
 0.89809594
 0.89845771
 0.90287817
 0.90919295
    0.90537
 0.89855155
 0.89436498
 0.88984946
 0.89152142
 0.88513133
 0.88031165
 0.89124553
   0.889833
 0.88181232
 0.88794186
 0.89143016
 0.88356321
 0.88075231
 0.87370127
 0.87308209
 0.87187927
 0.87265981
 0.87102768
 0.87380176
 0.88517941
 0.88490529
 0.88083104
 0.87673282
 0.88274976
 0.88160891
 0.88062757
 0.88315942
 0.88843191
 0.88769751
 0.88521506
 0.89527717
 0.88834483
 0.88896813
 0.88726637
 0.89150645
 0.89062964
 0.88495282
 0.88260533
 0.87855784
 0.87121502
 0.87053323
 0.87740231
 0.88413267
 0.87835456
 0.87357894
 0.87452342
 0.85917203
 0.85529993
  0.8514061
 0.85613562
 0.85663317
 0.85564597
 0.84586069
  0.8487707
 0.83611806
 0.83992116
 0.84806007
 0.84571211
 0.83197725
 0.82942991
 0.82396056
 0.82361917
 0.82167088
 0.81247424
 0.80226382
 0.80083161
 0.81053275
 0.80587865
 0.80923254
 0.81051832
 0.81874202
 0.83298957
 0.83385286
 0.84431351
 0.82973749
 0.83196624
 0.83870938
 0.84067862
 0.83784763
 0.83277981
 0.82981854
 0.83418119
 0.83924672
 0.83910085
 0.83884087
 0.83937744
 0.82952248
 0.83100776
 0.82559133
 0.83683846
 0.83710066
 0.83403243
 0.83855157
 0.84348835
 0.84534716
 0.84184114
 0.85283396
 0.85237511
 0.85268933
 0.85176836
 0.84550767
 0.84137044
 0.84482114
 0.83285152
 0.82873926
 0.82884266
  0.8315729
  0.8262207
  0.8263207
 0.82659097
  0.8302571
 0.83118157
  0.8341838
 0.81684203
 0.82128297
 0.82552523
 0.82834144
 0.83589562
 0.82772148
 0.83006139
  0.8273947
 0.83108529
 0.83557221
 0.84055659
 0.83999685
  0.8324748
 0.83217443
 0.83335143
 0.83158817
 0.81931546
 0.81843194
 0.81311763
 0.82018426
 0.81739529
 0.82018058
 0.81595363
 0.81381176
 0.80867484
 0.81174911
 0.82559008
 0.82379341
  0.8320053
 0.83874577
 0.84134763
 0.83308026
 0.84009992
 0.83915437
 0.82808876
 0.83688866
 0.83002255
  0.8194706
 0.81950825
 0.81834212
 0.81739686
 0.81634514
 0.80364782
 0.81262322
 0.80597264
 0.81322303
 0.81234122
 0.81295863
  0.8239911
 0.81708206
 0.82227757
 0.82262375
 0.83210572
 0.82709125
 0.83539901
 0.83131511
 0.83580691
 0.83566525
 0.83699201
 0.83780814
 0.83733015
 0.83276309
 0.83147789
  0.8216694
 0.82576773
 0.82662359
 0.82858244
   0.833631
  0.8325878
 0.83453358
 0.82875444
   0.825765
  0.8309909
 0.82770273
 0.82651858
 0.82299933
 0.81682864
 0.81999978
 0.83155032
 0.82627835
 0.82861796
 0.83108307
 0.82507185
 0.82613818
 0.82941196
 0.83052178
 0.83869959
 0.84033162
 0.83805966
 0.83919641
 0.83081202
 0.84177919
 0.84232504
 0.83492408
 0.83718757
 0.83157389
 0.83352911
 0.83793721
 0.82763844
 0.81595973
 0.81554176
 0.80180937
 0.80107553
 0.79515596
 0.78301569
 0.78179476
 0.78451494
 0.78628339
  0.7929378
 0.77974136
 0.78526507
 0.79048281
 0.79762637
 0.80165067
 0.79798345
 0.80825084
 0.79902774
 0.79908029
 0.79470436
 0.79044559
 0.79586601
 0.79263297
 0.78741421
 0.77653336
 0.77558199
 0.77300672
 0.77421133
  0.7608649
 0.76106858
 0.77617377
 0.79490557
 0.79168809
   0.793644
 0.79343889
 0.79902898
 0.80146987
 0.80908083
 0.80065301
 0.79350971
 0.80257826
 0.79271396
 0.80699852
 0.80231211
 0.80120931
 0.80230757
 0.78602381
 0.79624639
 0.78800163
 0.78415819
 0.78158936
 0.80204979
 0.80855578
 0.81243399
 0.82581889
  0.8317129
 0.82585344
 0.84766212
  0.8393409
 0.84196954
 0.84144987
 0.83974174
 0.84531964
 0.85492307
 0.85898074
 0.86269983
 0.85256103
 0.84480929
 0.84281692
 0.84882705
 0.85113696
 0.86269166
 0.86616085
 0.87033731
 0.86588575
 0.87174749
 0.86063324
 0.85902314
  0.8537863
 0.85938071
 0.85758703
 0.84397426
 0.84320452
 0.85416976
 0.85926434
 0.86646119
 0.87009345
  0.8616846
  0.8629074
 0.86567285
 0.86318953
 0.86287104
 0.86993789
 0.86586157
 0.86804752
 0.86673099
 0.86725048
 0.86519031
 0.87154182
 0.87860637
 0.87397174
 0.87330211
 0.86972819
  0.8605533
 0.86676927
 0.86744904
 0.86645632
 0.86740051
 0.86489452
 0.86573856
 0.86184428
 0.85613043
 0.85390515
 0.85981532
 0.85252055
 0.85289148
 0.84774154
  0.8543954
 0.86207864
 0.86356459
 0.86598093
 0.86324032
 0.86296231
 0.86492898
 0.85769561
 0.85539516
 0.85802591
 0.86442783
 0.86684367
 0.85952162
 0.85794668
 0.86371605
 0.87653581
 0.88275564
 0.87627279
 0.87471909
 0.87297278
 0.87009719
  0.8728688
 0.86822972
 0.87258888
 0.87876522
 0.88057062
 0.87493765
 0.88667507
 0.88814495
 0.88704234
   0.891738
 0.89072827
 0.89370142
 0.89395012
 0.89356567
 0.89419082
 0.89730135
 0.89886997
 0.89639472
 0.89422145
 0.89278772
 0.89209782
 0.88789268
  0.8887267
 0.88340414
 0.87693158
 0.86776134
 0.86343207
 0.86366185
 0.86951785
  0.8713409
 0.86460483
 0.85841498
 0.86660809
 0.87195087
 0.86976165
 0.86875755
 0.87458874
 0.87384338
 0.87138474
 0.87274593
 0.87484468
 0.86732221
 0.86699609
 0.86107265
 0.85230424
  0.8519914
 0.85231968
 0.84814699
 0.86304873
 0.87148382
 0.86377413
 0.86326248
 0.85831322
 0.84384604
 0.84711592
 0.84147944
 0.84314597
 0.84588753
 0.85011917
 0.84880425
 0.84695168
 0.84623989
 0.84559716
 0.82852695
 0.83452815
 0.84285545
 0.84178582
 0.83705679
 0.84501514
 0.84026683
 0.83777824
 0.83189223
 0.83007896
 0.82249896
 0.82194766
 0.81428206
 0.81915436
  0.8225492
 0.81914189
 0.81822326
 0.81496434
 0.80870941
 0.80389091
 0.79982573
 0.79246181
 0.78551892
 0.78797197
 0.78719739
 0.79044061
 0.79222357
 0.79103114
 0.79647629
 0.80554693
 0.81264095
  0.8163912
  0.8156557
 0.82837882
 0.82253598
 0.83716871
 0.82940345
 0.83025165
 0.84255869
 0.84638722
 0.83743175
 0.83185134
 0.82795115
 0.82977688
 0.83828967
 0.82708537
 0.82697806
 0.83316099
 0.83512921
 0.83457726
 0.83395511
 0.84111438
  0.8373386
 0.84067809
 0.84399116
 0.84529211
 0.83619175
 0.82730967
 0.81452342
 0.81336027
 0.82809125
 0.83313767
 0.82828761
 0.82187933
 0.82414758
 0.81335131
 0.80180226
 0.79526831
 0.77794939
 0.78043621
 0.77002137
 0.77795784
 0.78606337
 0.80100589
 0.80925653
  0.8089859
 0.81608624
 0.82594552
 0.81573607
 0.82969743
 0.84494407
 0.83404336
 0.83723815
  0.8382956
 0.83899825
 0.83708521
 0.84247964
 0.85262536
 0.85391582
 0.86294202
 0.86412081
 0.87529017
 0.87951804
  0.8815878
 0.87189097
 0.86666063
 0.86847969
 0.86931114
 0.87654529
 0.87732648
 0.86814073
 0.87536737
 0.87077961
 0.88103301
 0.88506744
 0.88669303
 0.88456667
 0.89335237
 0.89377917
 0.88889743
  0.8894588
 0.88894492
 0.88907871
 0.88768679
  0.8889464
 0.88640253
 0.88127499
 0.87958276
 0.88027073
 0.87803498
 0.88094997
 0.87655941
  0.8764048
 0.88230583
 0.87836863
 0.88544756
  0.8789381
 0.88298379
 0.88118565
 0.87912226
 0.88210124
 0.88356795
 0.87779874
 0.87645496
 0.87998811
 0.87590848
 0.87677691
 0.88529149
 0.88431952
 0.89107033
  0.8863685
 0.88576671
  0.8821471
 0.87786618
 0.87307745
 0.86919727
 0.86986006
 0.86259622
 0.85603756
 0.86159311
 0.86120082
 0.86561075
 0.87120351
 0.86954151
 0.87428086
 0.87737047
 0.87939333
 0.86985728
 0.88489693
 0.87956137
 0.87888504
 0.87716464
 0.86800191
 0.86825304
 0.87072545
 0.86699669
 0.85949398
 0.86461832
 0.86774537
 0.87249534
 0.86962606
 0.87500572
  0.8747296
 0.88447538
 0.88227279
 0.87723909
 0.87489893
 0.87815567
  0.8783613
 0.87004289
 0.86504079
 0.87129272
 0.88105404
 0.88449537
 0.89483843
 0.89351992
 0.89558963
 0.89506312
 0.89909084
 0.90072045
 0.90043819
 0.90454802
 0.89539707
 0.89755348
 0.89858417
 0.89694807
 0.89812594
 0.89484503
 0.89044363
 0.88425786
 0.88796286
 0.88988435
 0.88762782
 0.89023714
 0.89497306
 0.89384839
 0.88714825
 0.88951202
 0.89769199
 0.90213797
  0.8898538
 0.89209194
 0.88684251
  0.8867963
 0.88741528
 0.87838183
 0.87412673
  0.8725689
  0.8697726
 0.85508529
 0.85973491
 0.86653195
 0.86551001
 0.86140824
 0.85861894
 0.86608698
  0.8680987
 0.86715753
 0.87329829
 0.87399897
 0.87624946
 0.86417687
  0.8750585
 0.87932435
 0.88013044
 0.88156867
 0.87502848
 0.87472963
 0.87355169
  0.8704627
 0.86631731
 0.86201033
 0.85721005
 0.85250499
 0.85454099
 0.85315918
 0.86139775
 0.85843452
 0.86239556
 0.85646228
 0.85947704
 0.86016168
 0.86713911
 0.86064833
 0.85471353
 0.85400863
 0.85214158
 0.85700252
 0.85605697
 0.85691691
 0.85004979
 0.85398062
 0.85107938
  0.8476047
 0.84980286
  0.8482894
 0.84190337
 0.83978282
 0.83060193
 0.83211081
 0.82768989
 0.82632722
 0.83311635
 0.83077856
 0.82100233
 0.81477376
 0.82470741
 0.83092749
 0.82555068
 0.83403906
 0.84160617
 0.83707692
 0.84259262
  0.8362326
 0.82979347
 0.83863595
 0.84171597
 0.82942072
 0.83369133
 0.84940674
 0.83604859
 0.83378591
 0.84911231
 0.84943447
 0.84724817
 0.85289055
 0.85773991
  0.8546218
 0.85101645
 0.84984758
 0.85076948
 0.85316534
 0.85403784
 0.85103079
 0.84953307
 0.85524548
 0.85616904
 0.86160092
 0.86373551
 0.86505024
 0.87292611
  0.8780669
 0.88048796
 0.88515776
 0.87746013
 0.87409961
 0.87415616
 0.87260159
 0.87465645
 0.88573776
 0.88976146
 0.89181055
 0.89304701
 0.89659931
 0.89482379
 0.89171783
 0.88122898
 0.87995142
 0.88012044
 0.87549192
 0.87279482
   0.877338
 0.87612379
 0.87017032
 0.87093635
 0.87334067
 0.87832475
  0.8791599
 0.86904528
 0.87040779
 0.88493743
 0.86994102
 0.87040211
  0.8653822
 0.87069488
 0.88162336
 0.87997861
 0.88263858
 0.88186125
 0.88438018
 0.87758426
 0.87969956
 0.88093526
 0.87789348
 0.88240432
 0.88963787
 0.89170553
 0.89361374
 0.89594301
 0.88947816
 0.88890723
 0.89383325
 0.89837775
 0.89737312
 0.90314622
 0.90406567
 0.89771492
 0.90672752
 0.91275556
 0.91330641
 0.91320135
 0.91741758
 0.91512357
 0.92066386
  0.9128921
 0.91510396
 0.91034953
 0.90748443
  0.9020894
 0.90340789
 0.90435369
 0.90655807
 0.90349267
 0.90283871
 0.90158529
 0.90301152
 0.90047709
 0.90032782
 0.91308925
 0.91630173
 0.91462547
 0.92090609
  0.9153658
 0.90788651
 0.90810296
   0.908221
 0.90985568
 0.91233882
 0.91609378
 0.92322951
 0.92221661
 0.92174849
 0.91488276
   0.911899
  0.9118987
 0.90473146
 0.91151922
 0.91880296
 0.92254895
  0.9265513
 0.92917406
 0.92334877
 0.92294677
 0.92231778
 0.92333849
 0.92280108
 0.91619834
 0.91730339
 0.92273173
  0.9212888
 0.92248634
 0.91927707
 0.91702796
 0.92433855
 0.91637267
  0.9147966
 0.90723824
 0.90441146
 0.89886328
 0.89965901
 0.89501789
 0.89417945
 0.89718879
 0.89985448
 0.90117405
 0.90289752
 0.90480309
 0.89869108
 0.90742945
 0.90808641
 0.90353364
  0.9017918
 0.90226447
 0.89550682
 0.89446972
 0.89419067
 0.88841484
 0.88400324
 0.89398276
 0.89484471
  0.8972959
 0.89472948
 0.88759393
  0.8872912
 0.89351172
 0.89602515
 0.89419773
 0.90304031
 0.90490006
 0.90795935
 0.90512316
 0.90965953
 0.91319164
 0.91382386
 0.91582837
 0.91711634
 0.91451434
 0.91210831
 0.90573111
 0.90750913
 0.88905407
 0.86510733
  0.8658937
 0.87085706
 0.86308032
 0.86591988
 0.87660567
 0.88833468
 0.89479053
 0.88508046
   0.890654
 0.86837342
 0.85762188
 0.85629074
 0.85460005
  0.8523947
 0.85743152
 0.86404912
 0.87124303
 0.86871566
 0.85828233
 0.84647206
 0.83799088
 0.83506167
 0.82031421
 0.82182798
 0.83134035
 0.83572878
 0.82753722
 0.83255837
 0.84233407
 0.82892949
 0.84034263
 0.85399129
 0.85959245
 0.86295577
 0.85975904
 0.86630609
 0.86922295
 0.86172183
 0.87161529
 0.88160056
 0.88034263
 0.87653761
 0.87461764
 0.87589984
 0.88075154
 0.87539565
 0.88301091
 0.88107934
 0.88924033
 0.88193053
 0.88131439
 0.87882194
 0.87542547
 0.87529308
 0.87513094
 0.88081534
 0.88759912
 0.88266988
 0.88573365
 0.88848016
 0.87623248
 0.86994199
 0.86187788
 0.85613618
 0.84931145
 0.84405404
 0.84905534
  0.8506517
 0.84873499
 0.84817502
 0.84318899
 0.83567531
 0.83164406
 0.82996809
 0.82616656
 0.83215345
 0.83334513
 0.82110973
 0.81840149
 0.81908532
 0.81790574
 0.81494694
 0.81280635
 0.80773771
 0.80629567
  0.8047221
 0.80213457
 0.80267144
 0.79150353
  0.7909278
 0.79480366
 0.78455243
 0.79383342
 0.80045453
 0.79430993
 0.79518032
 0.79283757
 0.78037028
 0.78620585
 0.79670483
 0.79863269
 0.80584529
 0.81207272
  0.8154885
 0.82232861
 0.82252043
 0.82880842
 0.82481475
 0.82789935
 0.82549892
 0.81937401
 0.82202582
 0.82495921
 0.82881727
  0.8264859
 0.82392146
 0.82240848
 0.81867548
 0.82510561
 0.81941081
 0.81554423
 0.81920574
 0.81415584
 0.81693008
 0.81646691
 0.81976861
 0.82092865
 0.81926499
 0.81348249
  0.8072155
 0.80872336
 0.81222274
 0.80642812
 0.80803445
 0.81110829
 0.81261041
 0.81670549
 0.82452633
 0.82811264
 0.82249938
 0.82623189
 0.83075722
 0.83411785
 0.83456777
 0.83711798
 0.83431542
 0.83169562
 0.83655099
 0.83320561
  0.8417753
 0.84093255
 0.83813626
 0.83779874
 0.83484471
 0.83185633
 0.82748655
 0.82629218
 0.82250782
 0.82421568
 0.82876327
 0.82256007
 0.82567009
 0.82211731
 0.81179662
 0.81113938
 0.81448041
 0.81644557
 0.81243874
 0.80569635
 0.80333179
 0.81022599
 0.80585324
 0.80160332
  0.8064834
 0.79729142
 0.79885858
  0.8119855
 0.81175139
 0.81531397
 0.81010226
 0.81016053
 0.81040865
 0.80755718
 0.81096246
  0.8108118
 0.81428849
 0.82136474
 0.82405761
 0.82800453
 0.82914975
 0.83287548
 0.83564917
 0.83760198
  0.8389289
 0.83450833
 0.83507317
 0.83120299
 0.83169446
  0.8266834
 0.81968132
 0.82545408
 0.83061186
 0.83769159
 0.83803781
 0.83082969
 0.82118735
 0.82418867
 0.82769553
 0.82818279
 0.83048464
 0.83460516
 0.83162624
  0.8303763
 0.83230216
 0.82988669
 0.83419127
 0.83051747
 0.83799796
 0.84095379
 0.84441705
 0.83946993
 0.84492502
 0.84142322
 0.85049374
 0.84713023
 0.84647604
 0.84155727
 0.83713717
 0.83478616
 0.82461512
 0.82547494
 0.82327809
 0.82805659
 0.83642009
 0.84631094
 0.85013384
 0.84857864
 0.85453925
  0.8615745
 0.86739851
 0.86586931
 0.86385824
 0.85232687
 0.85644583
 0.85559434
 0.86326657
 0.86079436
  0.8687988
 0.87668891
 0.87458912
 0.87970045
  0.8696173
 0.87335618
 0.87285771
 0.87649086
 0.87103502
 0.87256854
 0.86733593
 0.87525652
 0.86550195
 0.86259317
 0.85659144
 0.86295259
 0.86118254
 0.86390862
 0.86806982
 0.86853016
 0.86838117
 0.86195447
 0.87177925
 0.87668705
 0.87994393
 0.88277489
 0.88009993
 0.86736309
  0.8701218
 0.87189563
 0.87328483
 0.87327251
 0.87727773
 0.87428096
 0.87455191
 0.87613904
 0.87020422
 0.87788927
 0.88091627
 0.87631888
 0.87057213
  0.8762245
 0.87686744
 0.86614854
 0.87252484
 0.86683183
 0.86482342
 0.87318537
 0.87812437
 0.87390249
 0.87526244
 0.86642985
 0.86927394
 0.87433497
 0.87385194
 0.87336654
 0.87179776
 0.86302361
 0.86792279
 0.86224394
 0.85774679
 0.86386734
 0.85892454
 0.86606483
 0.87433066
  0.8693542
 0.86979467
 0.87896317
 0.87432257
  0.8768316
 0.87014373
 0.86754511
 0.87369342
 0.87255624
 0.87480938
  0.8697628
  0.8693123
 0.87447667
 0.86856513
 0.86969654
 0.86701224
 0.86804794
 0.86945481
 0.86401338
  0.8650854
 0.86710053
  0.8591112
 0.85605175
  0.8630756
 0.87034492
 0.86828029
 0.85852533
 0.85975126
 0.85734414
 0.86293451
 0.86376161
 0.85911085
 0.86283541
 0.85336368
 0.85330727
 0.85691593
 0.85572841
 0.85881265
 0.86171569
 0.86199878
 0.85969573
 0.86222273
 0.86019431
 0.85556315
 0.85307839
 0.85628393
 0.85089205
 0.84725621
 0.84989684
 0.85201944
 0.85529642
 0.85637838
 0.85547332
 0.85471112
 0.86108972
 0.86200531
 0.85981986
 0.85766412
 0.85716532
 0.85372608
  0.8516474
 0.85180241
 0.84999886
 0.84647352
 0.85247664
 0.84365728
 0.85030738
 0.85068936
 0.85917804
 0.85869958
 0.85933856
  0.8610497
 0.85836301
 0.84792457
 0.85045391
 0.85269509
 0.85858557
 0.85969628
 0.86695838
 0.86441768
 0.86960752
 0.86988656
 0.86811147
 0.86015994
 0.85709236
 0.85803137
 0.85943365
 0.85978648
  0.8624868
  0.8653307
 0.86191275
 0.85755145
 0.86023036
 0.86150009
 0.85725621
  0.8463018
 0.84489833
 0.83383704
 0.84106692
 0.84891319
 0.84725562
 0.85089819
  0.8508399
 0.85269659
 0.84850302
 0.84872356
 0.84304206
 0.84733189
 0.84694196
 0.84771086
 0.84544786
 0.84456595
 0.85448271
 0.85261727
 0.85122683
 0.85548731
 0.85725793
 0.84764411
 0.84722051
 0.84427268
 0.84497902
 0.84707566
 0.84386421
 0.84483628
 0.84639698
 0.84576259
 0.84586016
 0.85024559
 0.85080171
 0.85446989
 0.85647913
 0.85168656
 0.85614453
   0.856064
 0.85765839
  0.8593769
 0.86171675
 0.86094161
 0.86041635
  0.8564015
 0.85635778
 0.85668795
 0.85045917
 0.84980224
 0.84001852
 0.84270243
 0.84076329
 0.85319929
 0.84653061
 0.84258247
 0.84348027
 0.83755714
 0.83848223
 0.83752477
 0.84974888
 0.84927757
  0.8540923
 0.84779268
 0.84934588
 0.85611442
 0.85392553
 0.85741541
 0.85666724
 0.85667613
 0.85865022
 0.85521359
  0.8454059
  0.8407078
 0.84446628
  0.8583849
 0.85791676
 0.85636703
    0.86132
 0.85992073
 0.86097641
 0.85733068
 0.86293013
 0.86098318
 0.85896872
 0.85522005
 0.85500631
 0.85337882
 0.85204109
 0.85126033
 0.85722473
  0.8621997
 0.85812994
 0.85533316
 0.85165153
 0.85013151
 0.84723494
  0.8434944
 0.85160854
 0.85656884
 0.84745749
 0.84229686
  0.8519521
 0.85699341
 0.85532934
 0.84765747
  0.8515685
 0.85287664
 0.85492671
 0.85480638
 0.85665055
  0.8651655
 0.86061972
 0.86537739
 0.87089096
 0.86805881
 0.87208006
  0.8790984
 0.87529932
 0.87781906
 0.87673707
 0.87305996
 0.87651467
 0.87900163
 0.88261607
 0.87552367
 0.87223419
 0.86885427
 0.86646106
 0.86359775
 0.86609248
 0.86501309
  0.8667519
 0.85851178
 0.85816643
 0.85464396
 0.85650041
 0.85934502
 0.85809255
 0.86531563
 0.85898252
 0.85981512
 0.86461908
 0.86827648
 0.86590936
 0.87054731
 0.87294036
 0.86519182
 0.86249738
 0.85582997
 0.85317761
 0.84208491
 0.82700555
 0.83199342
 0.82463448
 0.82794069
 0.82993588
 0.83623222
 0.83749862
   0.834696
 0.82677597
 0.82985293
 0.82769163
 0.82814745
 0.82795561
   0.821575
 0.81859725
  0.8205983
 0.82288997
 0.82426439
 0.82340692
 0.82987643
 0.83253614
 0.84098594
 0.84320339
 0.83606558
 0.83355608
  0.8347181
 0.83237775
 0.83530529
 0.83204376
 0.82703788
 0.83251475
 0.83332289
 0.82974862
 0.83122489
 0.83215969
 0.82288074
 0.81880494
 0.81002349
  0.8107599
 0.81277602
 0.81113415
 0.81595739
 0.81987102
 0.81843679
 0.82611906
 0.83460231
  0.8421924
 0.84368838
 0.84210225
 0.83944596
 0.83465716
 0.83007196
 0.83409077
 0.83062731
 0.84280319
 0.83797095
   0.835695
 0.83647328
 0.84202449
 0.83694239
 0.83277942
 0.83064618
 0.82877382
 0.83100318
 0.82319592
  0.8261679
 0.82441399
 0.82597714
 0.83422707
 0.82757071
  0.8281664
 0.83311449
  0.8345878
  0.8256939
 0.82431586
 0.82698636
 0.81875973
 0.82091825
 0.81328543
  0.8134695
  0.8023624
 0.81121385
 0.81098143
 0.81809713
 0.80715178
  0.8174626
 0.81853476
 0.82228201
 0.81543701
 0.81273383
 0.80582212
 0.80091372
 0.79270255
 0.79709823
 0.79468647
 0.79371407
 0.79097849
  0.8020157
 0.81007915
 0.80997881
 0.80931213
 0.81365167
 0.81506575
 0.81966403
 0.82455466
 0.82327822
 0.82016966
 0.82865225
 0.83823573
 0.83859088
 0.83722685
 0.82867002
 0.82922513
  0.8280847
 0.83267979
 0.82952331
 0.83120546
 0.83633062
 0.83623302
 0.83659697
 0.83972793
 0.83692166
 0.83393322
 0.83394206
 0.83017792
 0.83034022
 0.82384579
 0.82859921
 0.82972364
  0.8307864
 0.83275491
 0.83727837
 0.83978741
 0.83815956
 0.83250199
 0.83096462
 0.83226625
 0.83107834
  0.8362867
 0.83745965
 0.83491893
 0.83352736
 0.83267786
 0.83151972
 0.82887831
  0.8289552
 0.83392587
 0.84000983
 0.83836849
 0.83955035
 0.83887621
 0.84730928
 0.84808618
 0.84769198
 0.84033079
 0.84084038
 0.84050296
 0.83704665
 0.83133454
 0.83244779
 0.83371419
 0.84360688
 0.84454479
 0.83890424
 0.84119454
 0.85123162
 0.85486119
 0.85600458
 0.85610467
 0.86686626
 0.86200177
 0.86585991
 0.86857912
 0.86692399
 0.86543186
  0.8667516
  0.8648876
 0.87204743
 0.86800743
 0.86474358
 0.86479403
 0.87208225
 0.88326295
 0.87867387
 0.88248908
 0.88268813
 0.88230354
 0.87964419
 0.87724701
 0.88007504
  0.8847123
 0.88437573
 0.88833662
 0.88312562
 0.87743015
 0.87876702
 0.88639612
 0.88766275
 0.89028302
 0.89750462
 0.89551021
 0.89088509
 0.88128332
 0.87858771
 0.87838049
 0.87788599
 0.88161414
 0.87596793
 0.87056065
 0.87082712
 0.87570643
 0.87549559
 0.87122397
 0.87240977
 0.87156163
 0.87294925
 0.86599796
 0.86970623
 0.86413714
 0.87354247
 0.88066981
 0.88150649
 0.87700975
 0.87985669
 0.88212427
 0.87679581
 0.88046021
  0.8800125
 0.88207175
 0.87215346
 0.87637383
 0.87390443
 0.86886352
 0.86323778
 0.86848402
 0.87411464
 0.87092061
 0.86438423
 0.85448101
 0.85431835
 0.85050443
  0.8605824
 0.86280769
  0.8621353
 0.86205309
 0.86552253
 0.85650224
 0.84962348
 0.86074471
 0.86160076
  0.8611031
 0.85953386
 0.86585093
 0.86798047
 0.86288389
 0.87677563
 0.86858914
 0.88431481
 0.88024107
 0.88361967
 0.87088345
 0.87104832
 0.87620953
 0.87943839
 0.87861332
 0.88069409
 0.88240911
 0.87954359
 0.87371143
  0.8802121
 0.87944248
 0.87423416
 0.87378373
 0.86644582
 0.85516856
 0.85094945
 0.84284293
 0.85628881
 0.85226911
 0.85645269
 0.85340988
 0.85994893
 0.86032458
 0.85500877
 0.85053653
 0.85900067
 0.86192688
 0.85975535
 0.85890404
 0.85840862
 0.85864246
 0.86218481
 0.86107914
 0.86465711
  0.8654408
 0.86438734
 0.87066373
  0.8755624
 0.87574192
 0.87495951
   0.869033
 0.86473399
 0.86961575
 0.87808347
 0.87783679
  0.8724603
  0.8681294
 0.87616705
 0.87650171
 0.87646994
 0.87754811
 0.87419015
 0.87620728
 0.87276394
 0.87257768
 0.87113473
 0.86757616
 0.86553747
 0.86805329
 0.86993939
 0.87063211
 0.87264923
 0.87732226
 0.87734197
 0.88293211
 0.88348428
 0.88591969
 0.88960224
 0.88952957
 0.88764776
 0.87705405
 0.88149994
 0.88602256
 0.88581502
 0.88176952
  0.8850102
 0.88455652
  0.8779688
 0.87511065
 0.88046087
 0.87935243
 0.88594084
 0.87796445
 0.87220369
 0.86750163
 0.86031891
 0.86220553
 0.86181768
 0.86714896
 0.87110928
 0.87363427
 0.86585666
 0.86527585
 0.86738943
 0.86486057
 0.86448967
 0.85418097
 0.85435495
 0.85626046
 0.85932088
 0.85586789
 0.86153382
 0.86130435
 0.85970917
 0.86100639
 0.87043718
 0.87334222
  0.8709932
   0.870262
 0.87337647
 0.87677131
 0.87577643
  0.8774122
 0.88021535
 0.88497792
 0.88388626
 0.88736592
 0.88510008
 0.88883968
 0.89648895
 0.89116429
 0.89330819
 0.89916077
 0.90462463
 0.91342216
  0.9107122
  0.9043279
 0.90178188
 0.89936013
 0.89682409
 0.89409659
 0.89530484
  0.8954863
  0.8947268
 0.89420164
 0.89047065
 0.88859763
 0.88976376
 0.88873557
  0.8885067
  0.8922738
 0.89298578
 0.88627256
 0.88278284
 0.88665276
 0.89233035
 0.89743264
 0.89786404
 0.90065984
 0.89968888
 0.89548241
 0.89273372
 0.89564776
 0.89213626
 0.90633078
  0.9066142
 0.90522015
 0.90258241
 0.89781909
 0.89186213
  0.8974228
 0.88408195
 0.87977106
  0.8832543
 0.88529565
 0.88519789
 0.88811244
 0.88881468
 0.88811905
 0.87735545
 0.87182128
 0.88176462
 0.87849678
 0.87323811
 0.87537576
 0.87833026
 0.88054865
 0.87768335
  0.8704426
 0.87115685
 0.86891142
 0.86496028
 0.86198266
 0.87022736
 0.87094977
 0.87234004
 0.87565984
 0.87550338
 0.87913012
 0.88066486
 0.87253736
 0.86719603
 0.86882151
 0.86960829
 0.87393235
 0.87668696
 0.88247463
 0.87006038
 0.87931016
 0.88412684
 0.88672086
 0.88918464
 0.89246791
 0.89783881
 0.89347332
 0.89197959
 0.89558984
 0.90278129
 0.90660366
 0.90723165
 0.90689305
 0.89888263
 0.90219012
 0.89874536
 0.89401922
 0.89517257
  0.8971307
 0.89507914
  0.8935669
 0.88965767
 0.89102845
 0.89528972
 0.89303514
 0.89502271
 0.89952535
 0.89072692
 0.88666313
 0.88761414
 0.88994237
  0.8883891
 0.88627234
 0.89268621
 0.89930635
 0.89598777
 0.89901783
 0.90252103
 0.89726803
 0.90010951
 0.90523541
 0.90729348
 0.90289391
 0.89577153
 0.89314587
 0.89261685
 0.89854606
 0.88319408
 0.88420531
 0.88133362
 0.87883128
 0.88001067
 0.87591967
 0.87795514
 0.87720884
 0.87689748
 0.87957999
  0.8851565
 0.89124046
 0.89289205
 0.88601151
 0.89224402
  0.8930876
 0.89501247
 0.89865331
 0.89861885
 0.90157418
 0.90639272
 0.89892621
 0.90663961
 0.90033557
 0.90206263
 0.90334136
 0.90581874
 0.90872991
 0.91084118
 0.91242531
 0.91923672
 0.92300733
 0.92115221
 0.91995217
 0.91637971
 0.91169726
 0.91621295
 0.90844372
 0.90698563
 0.90049877
  0.9116942
 0.91424319
 0.91091971
 0.90697936
 0.90368249
 0.90363909
 0.90596344
 0.90388003
 0.89591163
 0.89212998
 0.89944377
 0.89333503
 0.89614899
 0.90577327
 0.90597026
  0.9062997
  0.9032176
 0.90467366
 0.90430234
   0.914214
 0.91796617
 0.91081847
 0.90619575
 0.90625363
 0.89905727
 0.90284197
 0.89926457
 0.90543063
 0.90193902
 0.89535418
  0.8993618
 0.90251535
 0.88808497
 0.89968258
 0.89500485
 0.89486533
 0.89036078
 0.88566117
 0.88399775
 0.88964245
 0.89057281
 0.89003821
 0.88795602
 0.89923754
  0.8933219
 0.88164361
  0.8750286
 0.87815615
 0.87548231
 0.87776014
 0.85951514
  0.8764216
 0.87291261
 0.87642039
  0.8854661
 0.89387062
 0.89567613
 0.88964635
 0.89841062
  0.9032228
 0.89922108
 0.89801852
 0.89437636
 0.88847016
 0.88762556
 0.87992554
 0.88169057
 0.88502229
  0.8934364
 0.89813223
 0.89335718
 0.89026705
 0.88584964
  0.8909616
 0.89379731
 0.89379252
  0.8931281
 0.88761036
 0.88792852
 0.88851011
 0.89331896
 0.89078566
 0.88510551
 0.88708745
 0.88880136
 0.88437706
 0.89369308
 0.89204028
  0.8880832
 0.88686103
 0.88381489
 0.88177358
 0.88433114
  0.8862654
 0.88604824
 0.88587873
 0.87975153
 0.88411136
 0.88236413
  0.8792031
 0.87301559
 0.87547036
 0.87137139
 0.86610447
  0.8667957
 0.86471158
 0.85408306
 0.87081828
 0.87536604
 0.87474492
 0.87390154
 0.88236134
 0.88404459
 0.88236832
 0.87661094
 0.87741824
 0.87302225
 0.87118443
 0.86578595
 0.86370707
 0.84713088
 0.85573941
 0.85958979
 0.85325474
 0.85399581
 0.86459674
 0.86914261
 0.87007162
 0.86508752
 0.86093694
  0.8640331
 0.86573509
 0.86377472
 0.87222048
 0.86917144
 0.86905364
 0.87765175
 0.87578276
 0.87911985
 0.87424599
  0.8726283
 0.87335981
 0.87960465
 0.87338223
 0.87556111
   0.875576
 0.87825103
 0.87615361
  0.8719033
 0.87308859
 0.86166322
  0.8542419
 0.85787715
 0.85711498
 0.86146197
 0.85637838
 0.86117622
 0.86178224
 0.86621068
 0.85804391
 0.85436799
 0.84694146
 0.83868819
 0.84383335
 0.84239705
 0.84476672
 0.85868012
 0.85445701
 0.85920461
  0.8541276
 0.84813807
 0.85260248
 0.85423829
 0.85727977
 0.86324565
 0.86068538
 0.86364473
 0.84198577
 0.83792694
 0.82892725
 0.83010595
  0.8378856
 0.83156473
 0.84172169
 0.83718131
 0.83722222
 0.83541618
 0.83947935
 0.83916188
 0.83347468
 0.84588308
 0.83642328
 0.84148359
 0.83303484
 0.82915338
  0.8316143
 0.83709617
 0.84879383
 0.84206736
 0.84199093
 0.84096497
 0.83835984
 0.84243188
 0.84110773
 0.84134888
  0.8385193
 0.84064477
 0.84490775
  0.8402464
 0.84131371
 0.83816792
 0.83293241
 0.82478989
 0.82683434
 0.81345277
 0.82160676
 0.81301083
 0.81018391
 0.81007827
 0.80797277
  0.8052635
 0.80004605
 0.80183515
 0.80606326
 0.80075444
 0.79694272
 0.79378667
 0.78374747
 0.77930483
 0.75820939
 0.74948167
 0.74812828
 0.74522507
 0.73166466
 0.71430864
 0.72223536
 0.72518476
 0.72918061
 0.73264407
 0.73496517
 0.74310564
 0.75036528
 0.74206557
 0.75620972
 0.75692049
 0.75900764
 0.75030279
 0.74318819
 0.74000508
 0.73632213
 0.73102912
 0.73534251
  0.7367102
 0.74021338
 0.73389202
 0.72325122
 0.72405702
 0.72164612
 0.71316891
 0.70490081
 0.69989402
 0.68978391
 0.69296647
 0.68579404
 0.69071209
  0.6878278
 0.68886291
 0.68295935
 0.68781557
 0.69666568
 0.70239076
 0.69700043
  0.7002366
 0.70384705
 0.70159628
 0.70602546
 0.71042205
 0.70549079
 0.69560754
 0.69107421
 0.69345149
 0.68648354
 0.68057325
 0.68209741
 0.68343106
 0.69222448
 0.69406193
 0.69531391
 0.70238798
 0.69592206
 0.70875792
 0.70905344
 0.71326647
  0.7068933
 0.70337641
 0.70147153
 0.70249503
 0.69874551
 0.70516055
 0.70334508
 0.71407362
 0.70612069
 0.70574313
 0.70104569
 0.70613964
 0.70803225
 0.71111943
 0.71149974
 0.70757037
 0.70086202
 0.71011002
 0.71277038
 0.71180401
 0.70610392
 0.71084893
 0.71415361
 0.71273737
 0.70973386
 0.71165176
 0.71596566
 0.71314538
 0.71292106
 0.71459735
 0.70434996
 0.71399017
 0.72018934
 0.71689901
 0.70896997
 0.70545404
 0.70122954
 0.70552078
 0.71605323
  0.7145718
 0.72016684
 0.71240652
 0.71671582
 0.71413884
 0.71213315
 0.71112811
 0.70856504
 0.70859418
 0.71143621
 0.71667604
 0.71375747
 0.71021601
 0.71479798
 0.71055583
 0.70626829
 0.70592667
 0.70365635
 0.70750032
 0.70971145
  0.7141173
  0.7169807
 0.71444023
 0.71893798
 0.72590343
 0.73080917
  0.7274011
 0.73117487
 0.72562336
  0.7230285
 0.71996843
 0.71450762
 0.71542373
 0.71400727
 0.72231212
 0.71873037
  0.7201873
 0.71094442
 0.70840084
 0.70282916
 0.69748046
 0.69817495
  0.6894896
 0.68546397
 0.68197487
 0.67682979
 0.67377265
 0.66427675
 0.65524113
 0.64611476
 0.64788381
 0.65183746
  0.6585909
 0.66366828
  0.6581923
 0.65897175
 0.67065124
 0.66475889
 0.66016594
 0.67517417
 0.66877848
 0.67046907
  0.6844538
 0.67843337
 0.67748775
   0.669838
 0.67194753
 0.67310771
 0.67650609
 0.67546558
 0.67472166
 0.67354546
   0.677994
 0.68154877
 0.68260923
  0.6759501
 0.67218061
 0.67152131
 0.67262992
 0.67842475
 0.68573624
 0.69017293
  0.6987865
 0.70169061
  0.6994636
  0.7009001
 0.69465236
 0.70024733
 0.69794327
 0.70215892
 0.69447709
 0.68398372
 0.68601017
 0.69332088
 0.69155374
  0.6911054
 0.68771267
 0.68694811
  0.6846245
 0.68913403
 0.68349209
 0.69454635
 0.69169167
 0.68618604
 0.70108699
 0.70241501
 0.70396535
 0.70114118
 0.70550513
  0.7045164
  0.6987308
 0.69552526
 0.68940889
 0.69078025
 0.68821335
 0.68971645
 0.68943692
 0.68547096
 0.69367176
 0.69172374
 0.68820313
 0.69159221
 0.68933083
 0.68746666
 0.68753822
 0.69158442
 0.69156346
  0.6906203
 0.69145774
 0.69070756
 0.69277744
 0.69246798
 0.69170782
 0.69112553
  0.6929954
 0.68939218
 0.68824447
 0.69043941
 0.69427027
 0.69085263
 0.69778907
 0.69812458
 0.69935883
 0.69698426
 0.69997063
 0.70857232
 0.71156032
 0.71121022
  0.7095534
 0.71159584
 0.71331951
 0.71157468
 0.70898028
 0.70828683
 0.71743031
 0.71886894
 0.72558924
 0.72711935
 0.72582587
 0.71348518
 0.71033198
 0.71108989
 0.71472319
 0.71074846
 0.70654918
 0.70999258
 0.70677896
 0.71171499
 0.71543128
 0.71817702
 0.71827321
 0.72551811
 0.72478192
 0.71826855
 0.71581871
 0.71559703
 0.71770738
 0.71846843
 0.72040568
 0.72913434
 0.72311997
 0.72232553
 0.71880425
 0.72656848
 0.73542014
 0.74246501
 0.73147744
 0.73978921
 0.73350065
 0.73742593
 0.72902378
 0.73524258
 0.73409154
 0.74045715
 0.73510715
 0.74752283
 0.74852453
 0.75239245
 0.75390688
 0.75205515
 0.74924223
  0.7500244
 0.75200547
 0.75177251
  0.7605292
 0.75332451
 0.74922063
 0.75430249
 0.75509058
  0.7571726
 0.75307645
 0.75124909
 0.75178301
  0.7495444
  0.7538954
 0.76132712
 0.75354133
 0.75697333
 0.76337534
  0.7648097
 0.77112189
 0.76204196
 0.76136711
 0.76440547
 0.77231703
 0.77370568
 0.77267723
 0.77635704
 0.77460002
 0.77638199
 0.77745791
 0.77973267
 0.77566576
 0.77633486
 0.78158121
 0.78237372
 0.78141994
 0.77408186
 0.77680324
 0.77196016
 0.77915464
   0.780704
 0.77040254
 0.77514247
 0.77690334
 0.78011622
 0.78035422
 0.78453445
  0.7897643
 0.79106147
 0.77839053
 0.77427067
 0.77758225
 0.77223432
 0.77065071
 0.76323827
 0.76913903
 0.76985438
 0.78199196
 0.78909889
 0.79154182
 0.78642828
 0.78667386
 0.78108348
 0.77892319
 0.77728785
 0.77836296
 0.78177852
 0.78354248
  0.7883038
 0.78913827
 0.78722116
 0.78453369
  0.7744082
   0.771686
 0.77548096
 0.78029566
 0.77627697
 0.78131671
 0.78654215
 0.78514619
 0.78571355
 0.78665067
 0.77840218
 0.77873488
 0.78399997
 0.77950909
 0.78128275
 0.77901398
 0.78077925
 0.77706302
 0.77660216
 0.77934543
 0.78007144
 0.77786433
 0.77318237
  0.7719723
 0.77969603
 0.77797854
 0.77937185
 0.77859479
 0.77879727
 0.77554717
 0.78012698
 0.78014831
 0.78643216
 0.78540265
 0.78324782
 0.78448957
 0.78666642
 0.78627739
 0.78416033
 0.78164095
 0.78774836
 0.78817169
 0.78461998
 0.78364715
 0.78277734
 0.77201092
 0.76406353
 0.75918795
  0.7569091
  0.7498363
 0.75013666
 0.75305129
 0.75368296
 0.75980279
 0.75873917
 0.75902601
  0.7640751
 0.76660475
 0.76226459
 0.76197124
 0.77195486
 0.77731318
 0.77705744
 0.78049334
 0.78034664
 0.78479395
 0.78010836
 0.78050586
 0.77551555
 0.77660906
 0.78035378
 0.78186419
  0.7787751
 0.77672982
 0.77837868
 0.77723327
 0.78189883
 0.78559817
 0.78343663
 0.78780115
 0.78691664
 0.77972256
 0.77182366
 0.76932186
 0.76786187
 0.76882914
  0.7627569
  0.7563926
 0.76288097
 0.76717082
 0.77419615
  0.7768353
 0.78014125
 0.77698282
 0.77403046
 0.78087118
 0.78394373
 0.78531192
 0.78306435
 0.78409508
 0.78940183
 0.78612975
 0.78892137
 0.77835915
 0.78453269
 0.77404517
 0.76498953
 0.76323008
 0.76111013
  0.7521154
 0.74976844
 0.74675971
 0.74854999
 0.75766319
 0.75411802
 0.75199077
 0.75740373
 0.75620889
 0.75696751
 0.76199151
 0.76835539
 0.76152484
 0.76748512
 0.76526704
 0.76041165
 0.75312624
 0.74763707
 0.76176159
 0.77140224
 0.77032997
 0.77711767
 0.78654922
 0.79223113
 0.79602416
 0.79637054
 0.78958778
 0.78994775
 0.79847745
 0.79121442
 0.79155162
 0.78782208
 0.79559886
 0.79597442
 0.80308238
 0.80075457
 0.80567456
 0.80751125
  0.8069165
 0.79413813
 0.79726838
 0.78699554
 0.78535916
 0.79682443
 0.79726155
 0.80461301
 0.81237664
 0.81942339
 0.82601683
 0.82565418
 0.81822873
  0.8084611
 0.81313912
 0.81482261
 0.82085774
 0.82339614
 0.82431901
 0.83046117
 0.83262641
 0.83354834
 0.83062896
 0.82811309
 0.82488423
 0.83771572
 0.83445318
 0.83721273
 0.83748784
 0.82543833
 0.82678092
 0.83863834
 0.83796513
  0.8392027
 0.83704235
 0.84246933
 0.83692551
 0.82698368
 0.82283875
 0.81613419
 0.81116388
 0.81156961
 0.81234064
 0.81268689
  0.8227088
 0.82554569
 0.81925401
  0.8218094
 0.82645993
 0.82644417
 0.83530115
  0.8251823
 0.82288529
 0.82750738
 0.81943966
  0.8292917
 0.83064141
  0.8355889
 0.84155389
 0.84750447
  0.8391525
 0.83788087
 0.83559008
 0.82807093
 0.83188416
 0.82327995
 0.82689051
 0.82178225
 0.82822046
 0.82806726
  0.8395217
 0.84047477
 0.84043533
 0.83345037
 0.83659976
 0.83038161
  0.8319385
 0.83614199
 0.83751391
 0.83936268
 0.83830203
 0.83812462
 0.83617059
 0.84197706
 0.83424929
 0.83369201
 0.83334812
 0.83038065
 0.82206843
 0.83083524
 0.82668483
 0.82931654
 0.82357383
 0.81365763
 0.81900837
 0.82004147
  0.8223416
  0.8245653
 0.82109409
  0.8202016
 0.81715471
 0.81538892
   0.820196
   0.824133
 0.82089418
 0.81682375
 0.81594319
 0.81517037
 0.81583982
 0.81261413
  0.8120041
 0.81757154
  0.8193464
 0.81073966
 0.80854885
  0.8056173
 0.81028938
 0.81296531
 0.80307446
 0.80281604
 0.78588398
 0.78666055
 0.79977095
 0.80435164
 0.80142193
 0.81345745
 0.81335652
 0.81400458
 0.81258074
 0.81066908
 0.80705019
 0.80369732
 0.81078014
 0.80966043
 0.80871574
 0.81159838
 0.82000975
 0.81393303
  0.8086775
  0.8103472
 0.80756178
 0.81417555
 0.80903356
 0.80365241
 0.79758071
 0.79657241
 0.79228882
 0.80266943
 0.80589444
 0.80422451
 0.80028252
 0.80122252
 0.80183128
 0.79797159
 0.79415634
 0.79498222
 0.80081399
 0.79979818
 0.80148617
 0.79810142
 0.79341164
 0.78810487
 0.78794354
 0.79138009
 0.78099222
 0.78792494
 0.79261598
 0.79147626
 0.79833389
 0.80821569
 0.80858888
 0.81335118
 0.80904227
  0.8135091
 0.80935153
 0.81448054
 0.81699941
 0.81910027
 0.81655995
 0.81416607
 0.82353258
 0.82006713
 0.81811573
 0.81799863
 0.82039855
 0.82552006
 0.81945598
 0.81380652
 0.80697481
 0.80270287
 0.80526008
 0.81218443
 0.80775614
 0.80088503
 0.80062635
 0.80706683
 0.80757947
 0.80484436
 0.80767574
 0.80380907
 0.80584181
 0.80477759
 0.80760036
 0.81054519
 0.81146519
 0.80951653
 0.80639225
 0.80491098
 0.80265091
 0.80057163
  0.7941309
 0.79446262
 0.79731534
  0.7998989
 0.80451882
 0.81163781
 0.81131141
 0.81103865
 0.80672948
 0.80676145
 0.80340988
 0.80069571
 0.80988063
 0.80517175
   0.809452
   0.805298
 0.81345104
  0.8091327
 0.81705061
  0.8207153
 0.82265707
 0.82307663
 0.82743679
 0.82800708
 0.83515293
 0.83771541
 0.84094823
 0.84156088
 0.84360734
 0.84361014
 0.83805843
 0.84578715
 0.84410391
 0.84924303
 0.84740553
 0.85063284
 0.84596767
 0.84103212
 0.83904049
 0.84401143
 0.84298988
 0.84690483
 0.84107272
 0.83563845
 0.83576706
 0.83889653
 0.83399322
 0.82791647
 0.82922282
 0.82673261
 0.83118351
 0.83171457
 0.83014622
 0.83700233
 0.83369965
 0.83196711
 0.83827138
  0.8360435
 0.82933551
 0.83325824
 0.83828142
 0.84690942
 0.84752122
 0.84688106
 0.84806072
 0.84556496
 0.84928513
 0.85359147
 0.85700895
 0.84942254
 0.84846003
 0.84156473
 0.84609165
 0.83920106
 0.83847762
 0.84166368
  0.8487579
 0.84586756
 0.85088306
 0.85114909
 0.84811912
 0.85917775
 0.85202697
 0.84774403
 0.85550103
 0.86309386
 0.86042913
 0.86133717
 0.86631755
 0.86911574
 0.87112279
 0.87463027
  0.8676337
 0.87337659
 0.87930273
  0.8892483
 0.88554749
 0.88838662
 0.88939502
 0.88541549
 0.88865664
 0.88615634
 0.88749986
 0.88800516
 0.88186009
 0.88260819
 0.88549152
  0.8799249
 0.87632667
 0.87385402
  0.8735036
 0.87176743
 0.86645503
 0.86980463
 0.86437433
  0.8592635
 0.86479563
 0.85777244
 0.85228337
 0.86952059
 0.87481678
 0.87051962
 0.86753555
 0.86637346
 0.86728152
 0.86737833
 0.86641935
 0.86667042
 0.87074868
 0.86284831
 0.86298645
 0.87264764
 0.87321404
 0.87508687
 0.87341546
 0.87038896
 0.87398641
 0.87995003
 0.87515027
 0.87359613
 0.86494039
 0.86833442
 0.86746442
 0.86901993
 0.86889844
 0.86297045
 0.86379981
 0.86651104
 0.86337293
 0.86381552
 0.85743415
  0.8429813
 0.83903769
 0.83727152
 0.82688783
 0.82864642
   0.826538
 0.82443938
 0.82662254
 0.82140739
 0.81752665
 0.81972907
 0.81879483
 0.81883936
  0.8156119
 0.81584325
 0.82285489
 0.83293414
 0.83165157
 0.82652501
 0.83082514
 0.82546427
 0.83132562
 0.83764354
 0.84393359
 0.84985283
 0.85114554
 0.84845896
 0.84536008
 0.84138141
 0.84081289
 0.83825997
 0.84061308
 0.85091247
 0.85338833
 0.84933842
 0.84600401
 0.84793234
 0.84839422
 0.84780763
 0.85692761
 0.85932941
 0.86891803
 0.86724419
 0.87255464
 0.87504407
 0.88511025
  0.8843641
 0.87853631
 0.88116926
 0.88103117
 0.88114209
 0.89281507
 0.90163994
 0.89931568
 0.89239423
 0.88678396
  0.8849785
 0.88581091
 0.89448018
 0.89864919
 0.89276807
 0.89222917
  0.8993669
 0.89306897
 0.90142737
 0.90242059
 0.90356774
 0.90422001
 0.90244003
 0.89363775
 0.89881626
 0.89350685
 0.89926483
 0.88994063
 0.89586107
 0.89748015
 0.89587131
 0.89959476
 0.90174326
 0.89719574
  0.9008299
 0.90874489
 0.91205169
 0.90970357
 0.91148918
 0.91352749
 0.90955352
 0.90916303
 0.90613222
  0.9085073
 0.90504841
 0.90390229
 0.89996247
 0.90920218
 0.91193758
 0.90676634
 0.90917738
 0.91630314
 0.91511759
  0.9117565
 0.91481509
 0.91175266
 0.90922123
 0.91264544
 0.90607349
 0.89644971
 0.90232858
 0.90174074
 0.89522951
 0.89893396
 0.89248306
 0.90189922
 0.89326691
 0.90036909
 0.90080132
 0.91023336
 0.90856048
 0.91112929
 0.91326665
 0.89895862
  0.9076415
 0.91098807
 0.91350745
 0.91833636
 0.91383278
  0.9076212
 0.90639528
 0.90108459
 0.89688475
 0.89591119
 0.89451605
 0.90063773
  0.8973091
 0.89471561
  0.9102432
  0.9035861
 0.90010415
 0.89732038
 0.90181208
 0.90263713
 0.90534751
 0.90447087
    0.90559
 0.90102217
 0.89759871
 0.89875067
 0.89136841
 0.88981655
 0.89527543
 0.89605806
 0.89878214
 0.89642255
 0.89058438
 0.89129404
 0.88577771
 0.88442605
 0.88233426
  0.8776406
 0.87658887
 0.87465797
  0.8700172
 0.87085913
  0.8718192
 0.87479538
 0.87191717
 0.87332291
 0.87310008
 0.86963588
 0.87484597
 0.87424882
 0.87490512
 0.86897534
 0.87656693
 0.88289936
  0.8778999
 0.87846568
 0.87665266
 0.87363824
 0.87941817
 0.87782586
  0.8852536
 0.88282202
 0.88732523
 0.89038343
 0.89247303
 0.88764042
 0.88824285
 0.88806188
 0.88499792
  0.8877241
 0.89322566
 0.89093059
 0.88983099
 0.89366942
 0.89109665
 0.89486512
 0.88820665
 0.87613126
 0.87983628
  0.8840653
  0.8795204
 0.88100132
  0.8847495
 0.87740198
 0.87556398
 0.87858572
 0.88228709
 0.87599582
 0.86692616
 0.86569422
  0.8739942
 0.87438235
 0.87672627
 0.87357325
 0.87478927
 0.88098031
 0.87699079
 0.87165448
 0.86702704
 0.86869823
 0.86499128
 0.85618736
 0.85198148
 0.85288939
 0.85376795
 0.85545987
 0.85854184
 0.87229334
 0.87691679
  0.8770263
 0.87522303
 0.86056803
 0.86760583
 0.86974585
  0.8757736
 0.86715476
 0.86804622
 0.87780094
 0.88203623
 0.88275671
 0.87187005
 0.86774376
 0.87274859
  0.8778338
 0.88684882
 0.88733398
 0.88883107
 0.89605718
 0.89835532
 0.89487184
 0.89274236
 0.88730893
 0.88925742
  0.8989304
 0.89958302
  0.9055605
 0.90393229
 0.89989136
 0.90068438
 0.90714067
 0.90803986
 0.91110581
 0.90245191
 0.90984461
  0.9112316
 0.91306582
 0.90881898
  0.9215796
   0.918556
 0.91800972
 0.91352424
 0.91106409
 0.91660444
 0.92794033
 0.92054931
 0.92993746
  0.9378296
 0.93894895
 0.93889168
 0.94280921
 0.93766797
 0.93630093
 0.93667631
 0.92827416
  0.9305066
 0.93619892
 0.93810842
 0.93603389
 0.93831318
 0.93945799
 0.93872142
 0.93662031
 0.93163656
 0.93103382
  0.9305888
 0.93097459
 0.93667036
 0.93269858
 0.92982251
 0.93799948
  0.9382875
 0.93950998
  0.9421136
 0.93150272
 0.94434222
 0.93667907
  0.9398309
 0.93034395
 0.93862699
 0.94067543
 0.93916066
 0.94016918
 0.93269275
 0.92966969
 0.91824822
  0.9211055
 0.91560214
 0.91636813
 0.91792606
 0.90979472
 0.91002806
 0.91686526
 0.91847112
 0.92720518
 0.92255248
 0.92480864
  0.9250255
 0.92554549
 0.92736278
 0.93231773
 0.93836451
  0.9367859
 0.92979092
 0.94004964
 0.94156685
  0.9371424
 0.93725384
 0.92782932
   0.920585
 0.91922393
 0.92279521
 0.91873397
 0.91689753
 0.91860994
 0.91815029
 0.90978222
  0.9059648
 0.91290638
 0.90583613
 0.91005417
 0.90708702
 0.89155494
 0.88867656
 0.89449741
 0.90531372
 0.90260392
 0.90603263
 0.90022405
 0.90030198
 0.89930037
 0.90336328
 0.89562758
 0.90708251
 0.90988561
 0.91521247
 0.91700576
 0.91053818
 0.91047437
 0.90683821
 0.91004916
 0.90013583
 0.88822949
 0.88606601
 0.88222827
  0.8725335
 0.88024525
 0.87362147
 0.85704604
 0.83838358
  0.8393807
 0.84829801
  0.8431966
 0.84363253
 0.84900718
 0.85025742
 0.85736095
 0.85927753
  0.8630843
 0.86858237
 0.86170884
 0.86206516
 0.86439963
 0.86238605
 0.86416788
 0.85517243
  0.8489844
 0.85760204
 0.85552622
 0.85695245
 0.85636694
 0.86339526
 0.85651134
 0.85436335
 0.85365675
  0.8535189
 0.85367534
 0.84860411
 0.84662803
 0.84940974
 0.84574504
 0.86743901
  0.8567022
 0.86141725
 0.85993233
 0.87039732
   0.871588
 0.87104518
 0.86485923
 0.86724791
  0.8667639
 0.86758534
 0.87095899
 0.86962735
 0.86848776
  0.8799129
 0.88024334
 0.88266353
  0.8814119
 0.87425889
 0.87046021
  0.8780318
 0.89258164
 0.89383279
 0.89679748
 0.89661107
 0.89230068
 0.89449125
 0.89242216
 0.89183421
 0.90275657
 0.90646126
 0.90995731
 0.91368174
 0.91230613
 0.91599554
 0.91776484
 0.91567994
 0.91843873
 0.91962683
 0.91609534
 0.91481858
 0.91549383
 0.92306091
 0.92018497
 0.92161734
 0.92412672
 0.92089416
 0.92856452
  0.9303517
 0.92372063
 0.92193224
 0.92155833
 0.92338983
 0.92485701
 0.92366269
 0.91947492
 0.91572639
 0.91075644
 0.90902642
 0.89967256
 0.90245157
 0.90973726
 0.90308506
 0.91128744
 0.92117128
  0.9150318
 0.90656173
 0.90088515
 0.90252307
 0.89808518
 0.90480158
 0.90888215
  0.9164625
   0.917455
 0.91105381
 0.90593913
 0.91881093
 0.92752173
 0.93536284
 0.93692897
 0.93938383
 0.94292784
 0.93635617
 0.93073961
 0.92912424
 0.91315004
 0.91250011
 0.91073167
 0.90474444
  0.9004718
 0.90335323
 0.89326943
 0.89995364
 0.89916132
 0.90313005
 0.90736221
 0.90706517
 0.89904006
 0.90811292
 0.90562174
 0.90018168
 0.89716995
 0.89562293
 0.89820305
 0.90059186
 0.89748463
 0.90855829
 0.90303131
 0.90400217
 0.90240499
 0.90374662
  0.9044423
  0.8863244
 0.89082981
 0.90152206
  0.9019774
 0.89648832
 0.89622551
 0.89342717
 0.88101956
 0.88582059
 0.88634493
 0.89134325
  0.8942628
 0.88658664
 0.89373014
 0.89689712
 0.89893142
  0.8928793
 0.89381653
 0.89158775
 0.88522285
 0.88016083
 0.87885299
 0.86645422
 0.86758695
 0.87553232
 0.88193435
 0.89411387
 0.89570321
 0.88943424
 0.88934091
 0.88663287
 0.88406077
 0.88530317
 0.88489386
 0.89700731
 0.90934927
 0.91151489
 0.91514968
 0.91240746
 0.91088783
 0.90447962
 0.90678501
  0.9110277
 0.91219824
 0.91514974
 0.91727857
 0.91898336
 0.92142572
  0.9255859
 0.91572493
 0.91614123
 0.91694275
 0.90174417
 0.90392815
   0.904599
 0.90265464
 0.89822849
 0.89749979
 0.89849453
 0.89936623
 0.89966649
 0.90194005
 0.90694391
 0.91137489
 0.91366661
 0.91862231
 0.92385377
 0.92818785
 0.92433394
  0.9216076
 0.91727081
 0.91080474
 0.90170819
  0.8931068
 0.89671394
 0.89509522
 0.89984326
 0.89414375
 0.88236205
 0.88470529
 0.88538707
  0.8952701
 0.90056973
 0.89324683
 0.89468848
 0.89074382
 0.88811578
 0.88512294
 0.89152582
 0.88244093
 0.88231573
 0.88864126
 0.89234314
 0.88857257
  0.8826197
 0.88173285
 0.87507504
 0.87747386
  0.8787608
  0.8814178
 0.88961073
 0.89187439
 0.90040051
 0.90726682
 0.91423235
 0.91712812
 0.90902125
 0.91463918
  0.9215573
 0.91702862
 0.91226914
 0.90782946
   0.917876
 0.91290244
 0.91170461
 0.90594123
 0.90532182
  0.9107399
 0.90740262
 0.90460289
 0.90810473
  0.9138337
 0.91934428
 0.92657073
 0.92399362
 0.92133016
 0.91808095
 0.91445424
 0.91277632
 0.91469669
 0.90805683
 0.90000598
 0.89243602
 0.89461271
 0.89560323
 0.89848658
 0.89743987
 0.90166034
 0.90835001
 0.90983693
 0.91286724
 0.91247043
 0.91591171
 0.90819869
 0.91099621
 0.90527342
 0.91053865
 0.91532133
 0.91306478
 0.91448493
 0.91063252
  0.9063651
 0.91332042
 0.92038735
 0.92218967
 0.92130971
 0.92108752
 0.91151488
 0.90248494
 0.90198484
 0.89744913
 0.89927334
 0.89616651
 0.87984976
 0.86599563
 0.86446806
 0.85040056
 0.84119789
 0.84145466
 0.86198021
 0.85331821
 0.85404145
 0.84913359
 0.84491389
 0.84988987
 0.85628813
 0.85887171
 0.85938576
 0.85383431
 0.85613384
 0.84574084
 0.84837112
 0.84211863
  0.8448911
  0.8514853
 0.85165777
 0.86087528
 0.86265843
 0.85262464
 0.84737283
 0.84535739
  0.8571937
  0.8677004
 0.86170717
 0.87354742
 0.88054911
 0.87475973
 0.86792139
 0.86270228
 0.86292895
 0.86430749
 0.84946306
 0.85392806
 0.85487795
 0.84834027
 0.85041805
 0.84476639
 0.84227683
 0.84404444
 0.84520479
 0.84662787
 0.84589969
  0.8422353
 0.84318367
 0.83797745
 0.84033384
 0.83525022
 0.84258586
 0.84494496
 0.84508111
 0.84645639
 0.85367888
  0.8577891
 0.85909155
 0.85245541
 0.85522903
 0.85450535
 0.85778703
 0.86470128
 0.86561311
 0.86249372
 0.86251001
 0.86284344
  0.8612924
 0.86238121
 0.85953503
 0.85719998
 0.84469553
 0.84735354
 0.84175143
 0.84170273
 0.84191081
 0.83220963
 0.83751394
 0.83998259
 0.83189623
 0.83174384
 0.82980779
 0.82059453
 0.81502148
 0.81843523
 0.81838942
  0.8274828
 0.83298382
 0.83761993
 0.84253625
 0.84378122
 0.84717812
 0.84832052
 0.84809097
 0.84862585
  0.8478658
   0.850311
 0.85305148
 0.85484256
 0.85563582
 0.85557233
 0.85783215
 0.85540628
 0.85231213
 0.85134104
 0.85816801
 0.85696499
 0.85675781
 0.86183614
 0.86722713
 0.87046075
 0.87199416
 0.86624527
 0.86844736
 0.86682334
 0.86784566
 0.87040292
 0.87104127
 0.86845074
 0.86708945
  0.8621473
 0.85836314
 0.84298617
 0.84261746
 0.84156263
 0.85424589
 0.85102392
 0.85219984
 0.85747893
 0.85815104
  0.8676354
 0.87242827
 0.86972654
 0.86990748
 0.86702949
 0.85680626
 0.85672535
 0.86237797
 0.86484893
 0.86256783
 0.86777927
 0.86829601
 0.86941635
 0.86943383
 0.87428122
 0.87299181
 0.86771423
 0.86748857
 0.85920728
 0.86084937
 0.86852083
 0.87067522
 0.86700883
 0.86776384
 0.87729632
 0.88888612
 0.88572925
 0.88326447
 0.88207637
 0.87522694
 0.87433896
 0.87069891
 0.86087384
 0.86016611
 0.87233259
 0.86855834
 0.85923541
 0.85130659
 0.86131951
 0.86019241
 0.86587704
 0.85183317
 0.86253071
 0.87328381
 0.87930729
 0.87889269
  0.8792559
 0.87622647
 0.87833726
 0.88228367
   0.879298
 0.88007505
 0.88158112
 0.87454153
  0.8678032
 0.86548156
 0.86464447
 0.86053178
 0.85442279
 0.85426469
  0.8449494
 0.84789786
 0.85560258
 0.85102524
 0.85399551
 0.84208807
  0.8493726
 0.85086373
 0.85892872
 0.85816736
 0.85665156
 0.85011032
 0.85500145
  0.8560235
 0.86018409
 0.85652029
 0.85966365
 0.86575192
 0.86786984
 0.87255436
 0.88026699
 0.88537861
 0.88134514
 0.88253465
 0.88487657
 0.88810839
 0.88835798
 0.88640654
 0.88805278
 0.88401234
 0.88645501
  0.8865592
 0.88571467
 0.88305875
  0.8871125
 0.89081109
 0.89515312
 0.89251426
 0.89497384
 0.89213359
  0.8909402
 0.88872773
 0.88326471
 0.88539865
 0.88038945
 0.88294857
 0.87744027
 0.87175136
 0.87209687
 0.86897267
 0.87079189
 0.87106727
 0.86753624
 0.85722042
   0.856045
 0.85691667
 0.85874911
 0.86608199
 0.85679237
 0.86018439
 0.85512413
 0.85131525
  0.8521746
 0.85462909
  0.8486987
 0.85430805
 0.85988836
 0.85269265
 0.85509678
 0.85048371
 0.84460945
 0.83413296
 0.82833119
 0.82275593
 0.82411307
 0.81999958
 0.81773728
 0.82485521
 0.82850882
 0.82858816
  0.8210593
  0.8169853
 0.81013846
 0.81130133
 0.80235954
 0.80506879
  0.8126272
 0.82081309
 0.82299469
 0.82029513
 0.82207622
  0.8223641
 0.82534623
 0.83253493
 0.82694935
  0.8202971
 0.82559869
 0.82070056
 0.82806264
 0.82554443
 0.82781831
 0.82684749
 0.82477183
 0.82142955
 0.82208119
  0.8270393
 0.82986113

