0.014872108
0.013981854
0.014137794
0.013992805
0.014087885
0.014114594
0.014061633
 0.01392029
0.014006055
0.014223678
0.014097525
0.014192331
0.014224998
0.013954077
0.013838441
0.013885044
0.013861325
0.013897565
0.013936399
0.013895121
0.013798575
0.013899828
0.014050588
0.014087958
0.014080653
0.014164052
0.014498189
0.014571871
0.014613738
0.014870014
0.014684992
0.015178744
0.015596218
0.015662138
0.015945518
 0.01601256
0.016009528
0.016351174
0.016827758
0.016860035
0.016933604
0.017112169
0.016991458
0.017262955
0.017623732
 0.01797326
0.018800504
0.018582573
0.018726237
0.019294952
0.019503829
0.019851834
0.020279422
0.020547783
0.020856294
 0.02215285
0.022864865
0.023414182
0.024369873
0.024896653
0.024538741
0.024627858
0.024792088
0.025451157
0.025946022
0.026292069
0.027105861
0.026895686
0.027442094
0.027734157
0.028625795
0.029356156
0.029870767
0.030317619
0.030204883
0.030950677
0.031934447
0.033094184
0.034524569
0.035986424
0.036793509
0.037419336
0.038590649
0.038019388
0.037679561
0.039706796
 0.04023682
0.041203038
0.041317745
0.042424774
0.042477803
0.043099149
 0.04337115
 0.04445331
 0.04407933
0.045928683
0.046394456
0.045966513
0.048207242
 0.04988291
0.050179815
0.050067246
0.050764197
0.051572589
0.051650583
 0.05262595
0.053463939
0.053557122
0.053457471
0.053895245
0.055526191
0.055788199
  0.0554545
0.055690374
0.057253759
0.058564482
 0.05922109
0.060745362
0.061025302
0.061448154
0.062670546
0.063081902
0.062376194
0.061628901
0.062500581
0.063421057
0.065346388
0.065778048
0.065174756
0.066816699
0.065674122
0.068682396
0.070675926
0.070562636
0.075022842
0.076025055
0.080188401
0.081635902
0.085088695
0.091281925
0.094367801
0.095838812
  0.1002298
 0.10374333
 0.10376635
 0.10406301
 0.10599384
  0.1074231
 0.10930596
 0.10930432
 0.11026566
 0.11042706
  0.1107268
 0.10998657
 0.11271039
 0.11377697
 0.11819707
 0.11664853
 0.11673858
 0.12111586
 0.12193594
 0.12231292
 0.12379496
 0.12298481
 0.12421472
 0.12507837
 0.12221683
 0.12439084
 0.12488157
 0.12762173
 0.12780705
 0.13039022
 0.13103748
 0.13103558
 0.13187121
 0.12967365
 0.13027138
 0.12699289
  0.1289294
 0.12999221
 0.13024714
 0.13180654
 0.13419151
 0.13628334
 0.13775179
 0.13763797
 0.13785477
  0.1385998
 0.13896878
 0.13872576
 0.14140743
  0.1419943
  0.1407508
 0.14102623
 0.14286372
 0.14396002
 0.14562886
 0.14311151
 0.14218798
 0.14481418
  0.1441204
 0.14574676
 0.14700484
 0.14899733
 0.15204596
 0.15162705
 0.15528701
 0.15741357
 0.16119874
 0.16671954
 0.16689543
 0.17038666
 0.17298593
 0.17274051
 0.17479612
 0.17846479
 0.17984531
 0.18563719
 0.19024376
 0.19466362
 0.20083352
 0.20187016
 0.20529135
 0.21002431
 0.21124192
 0.21687944
 0.21162185
 0.21493751
  0.2156972
 0.21706852
 0.21901816
 0.22256512
 0.22662973
 0.22737386
 0.22674393
 0.22819387
 0.23295702
 0.23336095
 0.23140492
 0.23311018
 0.23813203
 0.23632725
 0.23942492
 0.23683264
 0.23614358
 0.23924545
 0.23923742
 0.23996787
 0.24212041
 0.24256482
 0.24292295
 0.24326492
 0.24333134
 0.24055731
 0.24200619
 0.23979872
 0.23714532
 0.24201271
 0.24167553
 0.24165507
 0.24314798
  0.2433449
 0.24346301
 0.24680617
 0.25144172
 0.25260126
 0.24702336
 0.24894602
 0.25187061
  0.2521578
  0.2513964
 0.25778085
  0.2579644
 0.25950605
 0.25676678
 0.25950578
 0.26286829
 0.26493787
 0.26458603
 0.26414319
 0.26557643
  0.2702284
 0.26838062
 0.27013647
 0.27073746
 0.26896902
 0.26715721
 0.26612877
 0.26402677
 0.26556792
 0.27091896
 0.27176997
 0.26871567
 0.27168712
  0.2732546
 0.27338881
 0.27311698
 0.27295512
 0.27283227
 0.27441889
 0.27193945
 0.27522073
 0.27179593
 0.27608445
 0.27996042
 0.28496723
 0.28870961
 0.28862912
 0.28783065
 0.28991433
 0.29759436
  0.2959268
 0.29735269
 0.30008961
 0.30444675
 0.30431634
 0.30582892
  0.3035464
 0.30597264
 0.30664611
 0.30384199
 0.30566315
 0.30723105
 0.31055317
 0.31226343
 0.31169019
 0.31385791
  0.3147181
 0.31423713
 0.31335262
  0.3126542
  0.3154349
  0.3152485
  0.3183243
 0.31807268
 0.31621758
 0.31428157
 0.31502102
 0.31694238
 0.31774921
 0.31901771
 0.31996125
  0.3191544
 0.32097976
 0.31915754
 0.32084115
 0.32070519
 0.31588018
 0.31216199
  0.3140235
 0.31700585
  0.3188413
 0.32434384
 0.32374129
 0.32488205
 0.32632363
 0.32096227
 0.32187764
 0.32257847
 0.32337772
 0.32617679
  0.3272461
 0.32529262
 0.32518884
 0.32777594
 0.32517478
  0.3231926
 0.32730285
 0.32758792
 0.32807654
 0.32725065
 0.32440687
 0.32647712
 0.32740749
 0.32794653
 0.32429603
 0.32522948
 0.32381912
 0.32236013
  0.3245624
 0.32327638
 0.32656955
 0.32723814
 0.32635192
 0.33218796
 0.32213374
 0.31966942
 0.32665484
 0.32044391
 0.31933288
  0.3199619
 0.31129652
 0.31214474
 0.31268633
 0.31152802
 0.31645691
 0.32039173
  0.3229911
  0.3270198
 0.32914075
 0.33142556
 0.33686261
 0.33657569
 0.34180215
 0.34296323
 0.34321965
 0.34678924
 0.34621135
 0.35330838
 0.35510338
 0.35441881
 0.35140389
  0.3585165
 0.36011172
 0.35998003
 0.35991899
 0.36645769
 0.36305972
 0.36755207
 0.36713154
 0.36869466
 0.36909262
 0.36507501
 0.37075571
 0.37121829
 0.36932179
 0.36883695
 0.36631353
 0.36977479
 0.36315223
 0.36618465
 0.36596678
 0.36251001
 0.35815285
 0.35976999
 0.35774923
  0.3570721
 0.35899155
 0.35325428
 0.35233545
 0.35848861
  0.3554277
 0.35334567
 0.36076755
 0.35727341
 0.35841357
  0.3587488
 0.35695262
 0.35921749
 0.35204795
 0.34986924
 0.35182418
 0.35355319
 0.35418115
 0.36087431
 0.35513591
 0.35871929
 0.35444868
 0.35723019
 0.35869277
 0.35149317
 0.35668043
 0.35953878
 0.35781117
 0.35799671
 0.35872594
  0.3598883
 0.36414792
 0.36305391
 0.37300038
 0.36585538
 0.36538431
 0.36815405
 0.37574124
 0.37594473
 0.37668554
 0.37257937
 0.37141689
 0.37495275
  0.3752822
 0.37928834
 0.38124212
  0.3916796
 0.40154979
 0.39409953
 0.40135616
 0.40812836
 0.41760145
 0.41391832
 0.42812622
 0.43064241
 0.43327681
 0.43762732
 0.44155612
 0.43577479
 0.43150158
 0.43346258
 0.43366317
 0.42815819
 0.42595438
 0.42580467
 0.42360657
 0.41928486
 0.42743097
 0.43110879
 0.43035576
 0.42379168
 0.42577109
 0.43119858
 0.44109462
 0.44722164
 0.44267347
 0.44761375
 0.44585205
 0.45283628
 0.45312018
 0.45149058
 0.45668669
 0.46193077
 0.45431344
 0.45808529
 0.46208682
 0.45591132
 0.45629957
 0.46288155
 0.46489206
 0.46588485
 0.46839645
 0.47153004
 0.47292991
 0.47042046
 0.46969725
 0.47016572
 0.46936212
 0.47209558
 0.47060191
 0.47037873
 0.47248231
 0.47394758
 0.47800784
 0.48098856
 0.48125284
 0.48024416
 0.48391327
 0.48420094
 0.48938895
 0.48923851
 0.48910278
 0.49387383
 0.49079857
 0.49127012
 0.49400187
 0.49342969
 0.49547354
 0.49781644
 0.49517314
 0.49950731
  0.4949204
 0.49408891
 0.49110879
 0.49467448
 0.49121208
 0.49422155
 0.49708341
 0.49922294
 0.50392657
 0.50402397
 0.50370822
 0.50831382
 0.50575604
 0.50362356
 0.50138094
 0.51131472
 0.50772789
 0.51332724
 0.51247685
 0.51106113
 0.51551453
  0.5166925
 0.51552976
 0.51692224
 0.51562141
 0.52031893
 0.51973166
 0.52010241
 0.52043423
 0.52013991
  0.5190354
 0.51515288
 0.51738424
 0.51222604
 0.51136921
 0.51372819
 0.51070791
  0.5109859
 0.51126082
   0.511869
  0.5166517
 0.51292032
  0.5089652
 0.50742461
 0.51031658
 0.50935878
 0.49789981
 0.49835735
  0.4962217
 0.49638261
 0.49399791
 0.49609875
 0.49384315
  0.4979943
 0.50149367
  0.5023104
 0.50683032
 0.51065683
 0.51289431
 0.51198361
 0.51363279
 0.51649538
 0.51208376
 0.51104423
 0.52025095
 0.51981603
 0.51879193
 0.51983838
 0.52007203
 0.52035388
 0.51844452
 0.52280684
 0.52329907
 0.52584268
 0.52345516
 0.53430939
 0.54005442
 0.53616353
 0.53879959
 0.53850268
 0.54314167
  0.5405041
 0.54848987
 0.54527855
 0.55737291
 0.55347667
 0.55839824
 0.56093387
 0.55901767
  0.5634352
 0.56493873
 0.56655517
 0.56826176
 0.56186159
 0.56090081
  0.5605632
 0.56388237
  0.5667607
 0.56376317
 0.56286997
 0.56179295
 0.55923395
  0.5527472
 0.55585966
 0.55350323
 0.55671941
 0.55796144
  0.5588005
 0.54962066
  0.5491114
  0.5577352
 0.56175445
  0.5624665
 0.56103179
  0.5640435
 0.56637256
  0.5641239
 0.56024285
 0.56087878
  0.5589022
 0.55950291
 0.56373433
 0.56496109
 0.57262162
 0.57112137
 0.56860392
 0.57138799
 0.57063599
 0.57075828
 0.56749406
 0.56053213
  0.5602208
 0.56161204
 0.56076561
 0.56331986
 0.56879866
 0.56799327
 0.56754363
 0.56136062
  0.5634945
 0.56259063
 0.56066486
 0.55457533
 0.55999253
 0.56847865
 0.57104126
 0.57329546
 0.57488915
 0.57963016
 0.57399033
 0.57323751
  0.5687613
 0.56901766
 0.56288705
 0.56876222
 0.57111896
 0.57050652
 0.57945107
  0.5790127
 0.58904999
 0.59210496
 0.59545945
 0.60145685
 0.59770595
 0.59967643
 0.60050924
  0.5993824
 0.60029451
 0.60586188
 0.61316692
 0.61378188
 0.61641045
 0.62117439
 0.62681211
 0.62467371
 0.62786156
 0.63020814
 0.62607789
 0.63560362
 0.63486885
 0.63257019
 0.62745862
 0.62680419
 0.62418997
 0.62116571
 0.62704837
 0.62615865
 0.62891096
  0.6318515
  0.6323661
  0.6347729
 0.63221041
 0.63273192
 0.63222623
 0.62701906
 0.62608158
 0.62521095
 0.63167368
 0.62620032
 0.62797556
 0.62220195
 0.62243296
 0.62732692
 0.62528955
 0.62372609
 0.62154243
 0.61697979
 0.61512135
 0.61666791
 0.62382514
 0.62579112
 0.62771325
 0.62558467
 0.62690761
 0.62555535
 0.62852837
 0.62279115
 0.61854263
 0.62373827
 0.62531128
 0.62293764
 0.62535732
   0.626882
 0.62008118
 0.62686042
  0.6355678
 0.63667112
 0.64289317
 0.64964287
 0.65291458
  0.6603613
 0.66868476
 0.67929608
 0.67780827
 0.67671209
  0.6781681
 0.68811357
 0.68920658
 0.69897238
 0.70611791
 0.70576149
 0.71630117
 0.71952547
 0.71563095
 0.70941362
 0.71853194
 0.72237245
 0.71769997
 0.72146917
 0.71877709
 0.72314043
 0.71702845
 0.71867517
 0.71824841
 0.70919403
 0.71114357
 0.71797329
 0.72562335
 0.72762159
 0.72589288
 0.73159418
 0.72371439
 0.72873876
  0.7313177
 0.73055599
 0.72847555
 0.72923272
 0.72661797
  0.7249623
 0.72762172
 0.72199199
 0.72665826
 0.72159146
   0.725305
 0.72802352
 0.73152148
 0.72419557
 0.72736705
 0.73417432
 0.73096905
 0.73095863
 0.73668871
 0.73392881
 0.72556406
 0.73307211
 0.72933585
 0.73666121
 0.73702629
 0.73576866
 0.73364328
 0.72736258
 0.72924528
 0.72560977
 0.72406027
 0.72399149
 0.72000296
 0.72404483
 0.72341769
 0.72522832
 0.73211586
 0.72403787
  0.7242325
 0.73012909
 0.73737184
 0.75048726
 0.74162747
 0.74160496
 0.72917108
 0.72498156
 0.74415838
 0.74123241
 0.74905737
 0.74486273
 0.74465765
  0.7466047
 0.74019872
 0.74809922
 0.74884142
 0.74471033
  0.7367057
 0.73840578
 0.73555665
 0.74057698
 0.73902573
 0.73948607
 0.73448386
 0.74511613
 0.74180374
  0.7446436
 0.74063529
 0.73580583
 0.73939836
  0.7364817
 0.73550721
 0.73811311
 0.73470444
 0.73993703
 0.74473081
 0.74297097
  0.7455868
 0.74740495
    0.74678
 0.74539412
 0.74862585
 0.74949282
 0.74229226
 0.74572393
 0.73960893
 0.73849091
 0.74389302
 0.74422106
 0.74325346
 0.74772837
  0.7500512
 0.74650211
 0.74448877
 0.74746411
 0.74248834
 0.74387675
 0.73676292
 0.74048406
 0.73953219
 0.73582506
 0.73619715
 0.72802479
 0.72351721
 0.73319939
 0.73685393
 0.73847182
 0.73316638
 0.73054417
 0.73223162
 0.73068532
 0.73150639
 0.73255932
 0.73211159
 0.72680423
 0.72826747
 0.72501897
 0.72127816
 0.72376353
 0.72341526
 0.72714329
 0.72403919
 0.72174357
 0.72230602
 0.72086753
  0.7261109
 0.72866605
 0.73478384
 0.73453809
 0.73111801
 0.73831532
 0.73783276
 0.74415588
 0.74394532
 0.74984038
 0.75100697
  0.7512141
 0.75287296
 0.75023244
 0.74917136
 0.74640064
 0.74467285
 0.74467763
  0.7414626
  0.7449292
 0.74078914
  0.7461494
 0.74438478
 0.74511862
 0.73546034
  0.7379515
 0.73325745
 0.72983462
 0.73267625
 0.72601096
  0.7210631
 0.72490971
 0.72477384
 0.72157218
  0.7194438
 0.71991903
  0.7267293
 0.73930129
 0.73908499
 0.73365666
 0.73083566
 0.72603566
 0.72929676
 0.72538591
 0.73076286
  0.7353868
 0.74022582
 0.73125489
 0.73800957
 0.73572778
 0.73241878
 0.73470111
 0.73121148
    0.73162
 0.72774767
 0.73802818
 0.74071451
 0.73833244
 0.73363378
 0.73606547
  0.7397856
 0.73458812
 0.73953775
 0.74280492
  0.7430897
 0.73414453
 0.72367089
 0.72626531
 0.72748664
 0.72335682
 0.71750875
  0.7317391
 0.72959973
 0.72616163
 0.73152232
 0.74225894
 0.73884328
 0.73838747
 0.74100734
 0.75013691
 0.74634485
 0.75012552
 0.75137239
 0.75424303
 0.75000295
 0.75019436
 0.74845772
 0.74778666
 0.75420461
 0.75018256
 0.75260177
 0.75311428
  0.7522417
 0.74859401
 0.74811238
 0.75573044
 0.75500802
 0.75511948
 0.75419602
 0.75881881
 0.76087273
 0.76227009
  0.7621136
 0.76324183
 0.76593211
 0.76502333
 0.76714869
 0.76948959
 0.77244095
 0.77308315
 0.77138055
 0.76595447
 0.77257937
 0.77449341
 0.77161966
  0.7776596
  0.7746334
 0.78176047
 0.77891956
 0.77752451
 0.77776268
 0.77076308
 0.78584591
  0.7773618
 0.77728134
 0.77848797
 0.77790141
 0.78402971
 0.78205039
 0.78345422
 0.78047773
 0.77748969
 0.77831268
 0.78399162
 0.77925976
   0.788049
 0.79467477
 0.79358828
 0.79547084
 0.79524822
 0.79212673
 0.79648932
 0.79582568
 0.79504012
 0.79353339
 0.79680143
 0.79173251
 0.80051189
 0.80063181
 0.79986624
 0.79700391
 0.79716205
 0.80257483
 0.79626883
 0.79812132
 0.79724116
 0.79485755
 0.79068372
 0.79416799
 0.79431749
 0.79721578
  0.7952198
 0.79555822
 0.78988065
 0.79592192
 0.79710413
 0.78938157
 0.79504417
 0.80241472
 0.80419051
 0.80362227
 0.80478403
 0.81274278
 0.81254565
 0.80912973
 0.81204779
 0.80630019
 0.81311196
 0.81633912
 0.81898309
  0.8159006
 0.81360808
 0.81427544
 0.81437013
 0.81624362
 0.81837998
 0.81716178
  0.8118307
 0.82011304
 0.82079228
 0.81618501
 0.81649218
 0.81980874
 0.81840064
 0.81044746
 0.80770251
 0.80351551
 0.80079405
 0.79902384
 0.79981518
 0.80366029
 0.79512156
 0.78685504
 0.79816437
 0.78763605
 0.79149951
 0.78627418
 0.79472556
 0.79139094
 0.79788111
 0.79491486
 0.80016711
 0.80174565
  0.7945719
 0.79024513
 0.78889096
 0.79521804
 0.78742904
 0.78743028
 0.78241675
 0.78421032
 0.78402686
 0.78603955
   0.790306
 0.78928069
 0.78752844
 0.79051955
 0.79426553
 0.79938888
 0.79756651
 0.80312488
  0.8043432
  0.8025036
 0.80304906
 0.80812211
 0.80468883
 0.80610544
 0.80026904
  0.7981701
 0.79706501
  0.7934487
  0.7891387
 0.79078059
 0.79049775
 0.79753265
 0.79807473
 0.80044083
 0.79784328
 0.79834542
 0.80157907
 0.79878695
 0.79972327
 0.79478625
 0.79810508
 0.79835898
 0.79447961
 0.79658663
 0.80363895
 0.80019297
 0.79354339
 0.79937863
 0.79078964
 0.80264908
 0.80270931
 0.80899031
 0.80785112
  0.8126737
 0.81519615
 0.81704018
 0.81319343
 0.81184647
 0.81099137
 0.81733962
 0.81349824
 0.81600547
 0.81198393
 0.81621286
  0.8171786
 0.82134833
  0.8220329
 0.82183221
 0.82640161
 0.82958058
  0.8317152
 0.83170875
 0.83804371
 0.83420731
 0.83207836
 0.83021099
 0.83425949
 0.83524897
 0.83607783
 0.83115795
 0.83426382
 0.83279901
  0.8285287
 0.83147095
 0.83520289
 0.83206929
 0.82879054
 0.83057203
 0.80935384
 0.81515493
  0.8114732
  0.8151413
 0.80199248
  0.8116027
 0.80464711
  0.7952993
 0.80162474
 0.80608322
 0.80887357
 0.79219731
 0.79660663
 0.80420168
 0.81278985
 0.81497092
 0.81516308
 0.80030306
 0.79424405
 0.79970309
 0.80348001
 0.80372992
 0.80087983
 0.79963669
 0.80648799
 0.80624824
 0.80751252
 0.80851613
 0.81040603
 0.80754124
 0.80347102
 0.80965915
 0.80371213
 0.78694594
 0.80343562
 0.79670738
 0.78900125
 0.78197827
 0.78365834
  0.7813559
 0.78492992
 0.79083681
 0.79152386
 0.79400972
 0.78751772
 0.78438299
 0.78630058
 0.78638551
 0.78193689
 0.77838833
 0.78108829
  0.7796117
 0.77930478
 0.77337572
 0.78080474
 0.78263771
 0.78743333
 0.78367418
 0.78157137
 0.77427046
 0.77804538
 0.77446963
 0.78237238
 0.77642178
 0.77675769
 0.78051384
 0.77332459
 0.77409256
 0.78356536
 0.78618536
 0.78319717
 0.78657262
 0.79045432
 0.79262964
 0.79899101
 0.79889167
  0.7978993
 0.79633124
 0.79327782
 0.79259299
 0.79469631
  0.7960945
  0.7910673
 0.78208233
 0.78711919
 0.78138149
  0.7859739
 0.77956311
 0.78230451
 0.78550027
 0.79563024
 0.80001037
 0.80554231
 0.80346755
 0.79980653
  0.8036457
 0.80483911
 0.80443037
 0.80623777
 0.80549027
 0.80266832
 0.79662654
 0.79227417
 0.78584639
 0.78629657
 0.78950844
 0.79191562
 0.78902466
 0.79477763
  0.7941713
   0.788379
 0.78664848
 0.77786096
 0.78009343
 0.78140001
 0.78572813
 0.78273316
 0.78332862
 0.77496054
 0.77629667
 0.77776004
 0.77833691
 0.77719124
 0.78237658
 0.77258775
 0.76523036
 0.75849938
 0.76973493
 0.77281723
 0.77333722
    0.77298
  0.7821343
 0.77381873
 0.76998982
 0.76786733
 0.76703783
 0.77357463
 0.77182451
 0.77395141
   0.778776
 0.78169586
 0.78414237
 0.78848524
 0.79551087
 0.80293881
 0.80092865
 0.79312408
 0.79417895
 0.79383999
  0.7952806
 0.79684313
 0.78972734
 0.79931052
 0.80050418
  0.7963581
 0.79874863
 0.80453516
 0.81106405
 0.80564244
 0.80316944
 0.80180402
 0.81025995
 0.81221216
  0.8115745
  0.8114649
 0.81050014
 0.80980919
 0.81346845
 0.81363665
 0.81343979
 0.81550413
 0.80891541
 0.80241736
 0.79817619
  0.8053493
 0.80593494
 0.80978778
 0.81046252
 0.80870741
 0.81382579
 0.81057868
 0.81241626
 0.81101852
  0.8127555
 0.81656194
 0.81626312
 0.81434371
   0.811683
 0.81312846
 0.81684619
 0.81242319
 0.80838229
 0.81386353
 0.81824708
 0.81365071
 0.81725144
 0.81725539
 0.81889363
 0.81594866
 0.81437226
 0.81802042
 0.81753932
 0.81563211
 0.81417988
 0.81791289
 0.81485183
 0.80933041
 0.80428892
 0.80807839
 0.80774028
 0.81011074
  0.8104119
 0.80679517
 0.80497223
  0.8100774
 0.80854767
 0.80649062
 0.80858512
 0.81070759
 0.81441409
 0.81201095
 0.81213838
  0.8101981
  0.8091354
  0.8133563
 0.81708433
 0.81791992
 0.81646247
 0.81929126
  0.8171474
 0.81943884
 0.82029803
  0.8211636
 0.82273736
  0.8229098
 0.82025148
 0.82359734
 0.82240937
 0.82022941
 0.81356726
 0.81347818
 0.81467584
  0.8170938
 0.81275422
 0.80770933
 0.81477789
 0.82306906
 0.82275261
  0.8230351
 0.81858699
  0.8165256
 0.82376965
 0.82199747
  0.8213636
  0.8233336
 0.82155952
 0.82082115
    0.82407
 0.82617826
 0.82299586
 0.82605681
 0.82964266
 0.82830602
 0.82362517
 0.81756171
 0.82490058
 0.83211175
 0.83381015
 0.83603997
 0.83390789
 0.82820138
 0.82251442
 0.82770662
 0.82621163
 0.81820188
 0.80944498
 0.81233048
 0.81299737
 0.82094608
 0.81705045
 0.82060582
 0.81324038
 0.80458109
 0.80345433
  0.7970963
 0.79261772
 0.79930456
 0.80269956
 0.79943924
  0.7960624
 0.79739641
 0.79336139
 0.79189488
 0.79667325
 0.80594952
  0.8080493
 0.80489539
 0.81030437
 0.81215926
 0.80910816
 0.80605553
 0.81413021
 0.81873595
 0.82042773
 0.81898555
 0.81749866
  0.8175752
 0.81528428
 0.80853421
 0.80219522
 0.80642997
 0.81616484
 0.82027742
 0.81679948
 0.81441869
 0.81131125
 0.81377987
 0.81281342
 0.81376125
 0.81970799
 0.82555294
 0.82515272
 0.82032636
 0.82400153
 0.82094337
 0.82428112
 0.82207067
 0.82352663
 0.82289594
 0.82895603
  0.8302123
 0.83111297
 0.83621679
 0.83134518
 0.82649169
 0.83314461
 0.82762986
 0.83240778
  0.8330031
 0.83258795
 0.83037316
 0.81763008
 0.81931244
 0.82095536
 0.83144202
 0.83389181
 0.82800088
 0.82773355
  0.8238438
 0.81873924
 0.80722677
 0.81002405
 0.81039304
 0.80603326
  0.8077836
 0.81500334
 0.81065715
 0.80962037
 0.81723766
 0.81574615
 0.81567523
  0.8099231
 0.81354947
 0.81051818
 0.80976708
 0.81560243
 0.81254898
 0.81061702
 0.81533891
 0.81314385
 0.81451723
 0.81894072
 0.82044063
 0.82482288
 0.82574811
 0.82688627
 0.82333232
  0.8257187
 0.82477347
 0.81785873
  0.8190714
 0.80735515
 0.80780803
 0.80904642
  0.8176362
  0.8159128
 0.81152852
 0.81461556
 0.81265798
 0.80233466
 0.80627158
 0.81045119
 0.81207406
 0.81696328
 0.81726158
 0.81228607
 0.81993472
 0.81576404
 0.81911829
 0.81632237
  0.8148889
 0.81349958
 0.81615768
 0.81904739
 0.82005192
  0.8211825
 0.82085843
  0.8184959
 0.81845201
 0.81809454
 0.82204917
 0.82242924
 0.82377635
 0.82808311
 0.82495945
 0.82202909
 0.82388762
 0.82628771
 0.82487665
 0.82830623
 0.82841969
 0.83355319
 0.82996264
 0.82853468
 0.83059985
 0.82983064
 0.81787459
 0.82046324
 0.81689237
 0.81550658
 0.81926445
 0.81369348
 0.81423054
 0.81563906
 0.81534712
 0.81341842
 0.82046444
  0.8230342
 0.82552835
 0.82749872
 0.82467807
 0.82415701
  0.8240701
 0.82422281
 0.82697282
 0.82501126
 0.82536453
 0.82561743
 0.82614424
 0.82713328
 0.82883932
 0.83335381
 0.82780717
 0.81885569
 0.81752938
  0.8107053
 0.81450027
 0.81673275
 0.81545169
  0.8121025
 0.80934869
 0.80360503
 0.80585877
 0.81007682
 0.80767266
 0.80740171
 0.79965945
  0.8032593
  0.8034693
 0.79816058
 0.80093369
 0.78789558
 0.79372538
 0.79629727
 0.80474243
 0.80686255
 0.80577655
 0.80822847
  0.8165436
  0.8181028
 0.82038979
 0.81945115
 0.82400114
 0.82432644
 0.82622942
  0.8224404
 0.82385112
 0.82196949
 0.82325834
 0.81925694
 0.82167597
 0.81466527
 0.81072845
 0.80272768
 0.80982391
 0.80816559
 0.80330689
 0.80403831
 0.80756613
  0.8053656
 0.81350205
 0.81765923
 0.81197594
 0.81058072
 0.80620623
 0.80118667
 0.80377255
 0.80388311
 0.80714669
 0.81631485
 0.81903796
  0.8189957
 0.81310191
 0.82064263
 0.81840277
  0.8111637
  0.8105669
  0.8045588
 0.80807115
 0.81486153
  0.8139459
 0.81494597
 0.81038796
 0.81476393
 0.81782232
 0.81249626
 0.81087653
 0.81536947
 0.82060131
 0.82156248
 0.81712719
 0.81085199
 0.81198855
 0.81881546
 0.81063197
 0.81270665
 0.81683531
 0.82005431
 0.81707309
 0.82000277
  0.8205528
 0.82191507
 0.82716915
  0.8310854
 0.83055669
 0.83217779
 0.83397628
 0.83000866
 0.82305256
 0.82224194
  0.8250907
 0.82852658
 0.82769276
 0.82495229
 0.82388721
 0.82174909
 0.81732391
 0.81386994
 0.81611198
 0.81259159
 0.81226939
 0.81330744
 0.80806724
  0.8126474
  0.8134423
 0.81814472
 0.81580783
 0.81353933
 0.81460382
 0.81566136
 0.81608672
 0.82071194
 0.83108379
 0.83229435
 0.84108924
 0.83434128
 0.83730663
 0.84004621
 0.83300364
 0.83277544
 0.83220793
  0.8318934
 0.83458772
 0.83529913
 0.82929723
 0.83300962
 0.83443367
 0.83274587
  0.8332432
 0.83964252
 0.84312237
 0.84972467
  0.8476065
 0.85323043
 0.85545322
 0.85236174
 0.84990218
 0.84893402
 0.85070947
 0.85273479
 0.85669958
 0.85396224
 0.85154909
 0.84409468
 0.84551208
 0.84382118
 0.84525119
 0.84940784
 0.85872936
 0.85604807
 0.85659657
 0.85771814
 0.85368355
   0.857199
 0.85136188
 0.85057447
 0.84726144
 0.84873026
 0.84446125
 0.84394992
 0.84697289
 0.84497071
 0.84565992
 0.84586212
 0.84496774
 0.84700609
 0.84411163
 0.84422796
 0.84466263
 0.84244127
 0.84262244
 0.84486021
 0.84014518
 0.84603814
 0.84674969
 0.85117788
 0.84569624
  0.8489588
 0.85130508
 0.84708222
 0.84239423
 0.85679042
 0.85166468
 0.84727647
 0.84674892
 0.84995304
 0.84613867
 0.85155158
 0.85389592
 0.85682068
 0.85916431
 0.86134211
 0.85815535
  0.8550562
 0.85980073
 0.85878886
 0.85951457
 0.86056429
 0.86666576
 0.86623081
 0.86128424
 0.86136727
 0.86467428
 0.86141805
 0.86085017
  0.8523233
 0.85800863
 0.85991695
  0.8560648
 0.84987465
 0.84529631
 0.84858686
 0.85603952
 0.85838668
 0.85903688
 0.84975145
 0.84761406
 0.85080334
 0.85598045
 0.86191838
  0.8678819
 0.86488755
 0.86449217
  0.8556951
 0.86240795
 0.86608376
 0.86020713
 0.85853571
 0.86307634
  0.8646833
 0.86718867
 0.86868081
 0.85548413
  0.8608126
 0.86317513
 0.86392445
 0.86796944
 0.86854921
 0.86877825
 0.87502658
 0.87575954
 0.87509329
 0.86856129
 0.85317722
 0.85647669
 0.85299083
 0.86201767
 0.86178328
 0.85286233
 0.86824822
 0.87237089
 0.86904383
  0.8687575
 0.87332423
 0.87785106
 0.88079831
 0.87169385
 0.87872009
 0.87627953
 0.87270751
 0.87329329
 0.86368791
  0.8612613
 0.86218466
 0.84671138
 0.84347925
  0.8330306
 0.83575259
 0.84285988
 0.84911678
  0.8390069
 0.83411613
 0.84183631
 0.84536456
 0.84544137
 0.84577371
 0.84581265
 0.84390368
 0.84844409
 0.84657691
 0.85898992
 0.86028987
 0.86590027
 0.85699498
 0.85587638
   0.860363
  0.8517323
 0.85246716
 0.85861446
  0.8454305
 0.84807789
 0.85129396
 0.84910442
 0.85039645
 0.84842987
 0.85794768
 0.85263288
 0.86221173
 0.85757406
 0.86189447
 0.86099806
 0.85515012
 0.85479608
 0.85268831
 0.85998703
 0.85998235
 0.85969708
  0.8621797
  0.8656939
 0.86717738
 0.86305436
  0.8475597
 0.83979442
 0.84581574
 0.84454406
 0.84520134
 0.84477327
 0.84724235
 0.84922563
 0.83903375
 0.84188971
 0.84065455
 0.84508257
 0.83962605
 0.83600753
 0.83896854
 0.85061161
 0.85481231
 0.85116117
 0.84331303
 0.84716988
 0.85380723
 0.85892696
  0.8493266
 0.85121963
 0.84927121
  0.8501779
 0.83881793
 0.84305095
 0.83838752
 0.84458295
 0.84672957
 0.85511457
 0.86255536
 0.86321701
 0.85426962
 0.84971155
 0.84642443
 0.84406278
 0.83082712
 0.83688836
  0.8419931
 0.83892037
  0.8295892
  0.8227928
 0.83313931
 0.83656322
 0.85754836
   0.860213
 0.86724843
 0.86065029
 0.85743605
 0.85461338
 0.85041931
 0.85085661
 0.84939282
 0.83929189
 0.85581404
 0.86249653
 0.86170725
 0.85594826
 0.85679464
  0.8605826
 0.85184199
  0.8619237
 0.85265688
    0.84465
 0.84615868
 0.84128725
 0.84983233
 0.84138113
 0.83516472
 0.84245873
 0.83525221
 0.83409366
 0.83880428
 0.83108599
 0.83023482
 0.81365992
 0.81536201
  0.8166886
 0.81514211
 0.81995551
  0.8222218
 0.83049282
 0.82374948
 0.82336511
 0.82099186
 0.83537755
 0.82605464
 0.82692276
 0.82540546
 0.82540796
 0.82489254
 0.82382211
 0.82084845
 0.82518592
 0.82751696
 0.82724169
 0.82443433
 0.82651342
 0.81824075
 0.80725799
 0.79692905
 0.80934179
 0.81073105
 0.80555746
 0.80781396
 0.80944001
 0.81538989
 0.80832245
 0.81032667
 0.81023315
 0.80725441
  0.8057546
 0.81069253
 0.81005811
 0.81579319
 0.81660677
  0.8049465
 0.80678243
 0.80599799
 0.80978496
  0.8127632
 0.81695846
 0.81386381
 0.81154396
 0.81497524
 0.82112031
 0.81769653
 0.81701904
 0.81749107
 0.81608155
 0.81324541
 0.81231887
 0.81837564
 0.82115505
 0.81990895
 0.81802919
 0.81975223
 0.82039715
 0.81783772
 0.81944468
 0.81015707
 0.81315801
 0.81445434
 0.81917633
 0.82050783
 0.82706283
 0.82469583
 0.83055313
 0.82277802
 0.82147591
 0.81651291
 0.81759241
 0.81857743
 0.80365334
 0.80587454
 0.80351176
 0.81097433
  0.8144815
 0.81155702
 0.81565611
 0.80715826
   0.808051
 0.81318305
 0.81686241
   0.813164
 0.81795423
 0.81806638
 0.81367345
 0.81698072
 0.81161768
 0.81007869
 0.80386084
 0.80473916
 0.80829877
 0.80385462
 0.80795056
  0.8095049
 0.80146184
 0.80462989
 0.80919901
 0.80614415
 0.80051283
 0.80110717
 0.80714108
 0.81141154
 0.81488415
 0.81513503
 0.81705153
 0.81523692
  0.8127927
 0.81572735
 0.81745681
 0.81546226
 0.81192791
  0.8116292
  0.8194773
 0.82360827
 0.82494756
 0.82832232
 0.82383786
 0.81889321
 0.81796445
 0.81817826
 0.82128213
 0.82144829
 0.82714412
 0.82458208
 0.81784084
 0.81660306
  0.8138707
 0.81244911
 0.81910986
 0.81960614
 0.81401861
 0.80922099
 0.80746512
 0.80649096
 0.80109198
 0.79557929
 0.79854099
 0.79331483
 0.79414339
 0.79610266
 0.79760508
  0.7925895
  0.7888281
 0.79782597
 0.77972616
 0.78831382
 0.77234097
 0.77534781
 0.78515269
 0.78800277
 0.79635303
 0.79121385
 0.79299758
 0.79257568
 0.79474007
 0.78858647
  0.7982255
 0.78837714
 0.79090903
 0.78861621
 0.78414887
 0.79537067
 0.78694301
 0.78966872
 0.78812854
 0.78975885
 0.78705617
 0.79161053
 0.79564871
 0.79539984
 0.80500535
 0.80261629
 0.80414883
 0.79960012
 0.80041471
 0.80254455
 0.80332998
 0.80888275
 0.80413424
 0.80639843
 0.81375336
 0.81926916
 0.82103126
  0.8167975
 0.81570699
 0.81359507
 0.81386262
 0.81208875
 0.81231128
 0.81568039
  0.8135359
 0.82170212
 0.82132486
 0.81960895
 0.81382665
 0.80971697
 0.80699147
   0.808133
  0.8112529
  0.8093554
 0.79134665
 0.77252887
 0.78163782
 0.79297774
 0.80149888
 0.80140031
 0.80025538
 0.79424162
 0.79850753
 0.79628216
 0.79610338
 0.78786255
 0.78073626
 0.78320692
 0.78931993
 0.79275295
 0.79460439
 0.79312568
 0.79105286
 0.79102102
 0.77966977
 0.78408188
 0.77855525
 0.77706577
 0.78024663
 0.78849818
 0.79538774
 0.80058556
 0.80533574
 0.79909621
 0.79998981
 0.80303581
 0.79837079
 0.79800853
 0.79287874
 0.79524506
 0.79298491
 0.79242427
 0.78924304
 0.79018058
 0.78898983
  0.7908725
 0.79627429
 0.79828396
  0.7979305
 0.80076089
 0.79739478
 0.79729532
 0.78876932
 0.79637907
 0.80073828
 0.80413394
 0.80296817
 0.80299275
 0.79995742
 0.79728045
 0.80290982
 0.80572465
 0.80448961
 0.80723021
 0.81221166
 0.80966887
 0.80505583
 0.80891668
 0.80531469
 0.80767897
 0.80944296
  0.8065941
 0.80273876
 0.80897132
 0.80761958
 0.80357515
 0.80399276
 0.79826518
 0.80154792
 0.79670735
 0.80928343
   0.809923
 0.80814044
 0.81229506
 0.81161539
 0.80438689
 0.80864526
 0.81303842
  0.8149232
 0.81438922
 0.81855874
 0.81703367
 0.81095426
 0.81461315
 0.81626223
 0.81740591
 0.81600695
 0.82094738
 0.81940317
 0.81613297
 0.81771835
  0.8164483
  0.8064042
 0.80765467
 0.80523825
 0.80630574
 0.80432209
 0.80617877
 0.79783142
 0.80271896
 0.80088726
 0.80500328
 0.80277996
 0.80681143
 0.80538058
  0.8075142
 0.81007907
 0.81116747
  0.8103077
 0.80984376
  0.8073948
 0.80344831
 0.79706549
 0.79700266
 0.79650561
 0.80049478
 0.79270046
 0.79484872
 0.79456389
 0.79107067
 0.79075658
 0.78653294
 0.78312794
  0.7844078
 0.78935225
 0.79720235
 0.79935453
 0.79749904
 0.79640598
 0.77857824
 0.77807279
 0.77253475
 0.77281543
 0.76456789
 0.77069111
 0.76897398
 0.77685657
 0.77325619
 0.77669409
 0.77650708
 0.78675546
 0.78533761
 0.79345207
 0.78793828
   0.791421
 0.79412814
 0.79731769
 0.80504914
 0.80079895
 0.80368847
 0.80402369
 0.80449358
  0.8047436
 0.80312251
 0.80155355
 0.80268062
 0.80839973
 0.79866467
 0.80146577
  0.8014104
 0.81001569
 0.81675643
 0.82346997
 0.82209856
 0.81404733
 0.82033738
 0.81982149
 0.81812342
 0.81994357
  0.8195479
 0.81978525
   0.817567
  0.8191495
 0.81548197
 0.81548276
 0.81598485
 0.81760625
 0.82068849
 0.82306342
 0.82819718
 0.83182311
 0.83022658
  0.8303795
 0.82910386
 0.82753936
  0.8250596
  0.8223236
 0.81994204
   0.829479
 0.82406301
 0.82538115
 0.82273226
 0.83063386
 0.82905457
 0.82842223
 0.82515548
 0.82240751
 0.82721132
 0.82739185
 0.81275533
 0.81828649
  0.8208333
 0.82180425
 0.81785862
 0.82086877
 0.82111864
 0.81832497
 0.82142312
 0.82349647
  0.8279433
 0.83322583
 0.83322911
 0.83890985
 0.84329206
 0.84632008
 0.84501385
 0.84094929
 0.83522658
 0.83510216
 0.84219997
 0.84200398
 0.84358974
  0.8369175
 0.83901543
 0.83875508
 0.83580857
 0.83765585
 0.83977161
 0.83664675
 0.83670368
  0.8305247
 0.83001188
 0.83058757
  0.8301448
 0.83956322
 0.83448701
 0.83462426
 0.83504224
 0.82707232
 0.83714001
  0.8332188
 0.83868337
 0.83816947
 0.83793947
 0.84173866
  0.8412317
 0.84233593
 0.83931553
 0.83237437
 0.82925027
 0.82505273
 0.82127652
 0.81740528
 0.82295847
  0.8228313
 0.82148503
 0.83054311
 0.83459665
 0.83565138
 0.83760699
 0.84169258
 0.84324321
 0.84164475
 0.83799607
 0.83205857
 0.83047725
 0.81971773
 0.82295253
 0.82851655
 0.83642908
 0.81985717
   0.822464
 0.80784784
 0.81217977
  0.8071645
 0.81581182
 0.80955653
 0.81384501
 0.81644555
 0.82643918
 0.80925216
 0.79961788
 0.81808114
 0.80970589
 0.81583574
 0.82130292
 0.82547593
 0.81994515
 0.81909031
 0.81633615
 0.81084919
 0.81194122
 0.80423726
 0.79727883
 0.78764158
  0.7918979
 0.79123632
 0.79597864
 0.79619075
 0.80368758
 0.80431558
 0.81008687
 0.80769088
 0.80654746
  0.8075781
  0.8067775
 0.80909895
 0.81310427
 0.81329665
 0.80929263
 0.81205558
 0.81065764
 0.81009634
 0.80820655
 0.80549677
 0.80184587
 0.80813157
 0.81449663
 0.82427287
 0.82160463
 0.82114677
 0.80874896
 0.80561228
 0.80679898
 0.80529531
 0.79923234
 0.79882433
 0.81135892
 0.82491098
 0.82414145
 0.82690233
 0.83599179
 0.82900231
 0.83189917
 0.83334861
 0.83042016
 0.83198481
 0.83256767
 0.82810178
  0.8275122
 0.82824642
 0.82190385
 0.82053035
 0.81536837
 0.81852765
  0.8129016
 0.82489651
 0.83012327
 0.83217524
 0.83120413
 0.83635218
 0.83226922
 0.83416459
 0.83164391
 0.83159423
 0.83446921
 0.83857562
   0.841401
  0.8382984
 0.83649277
 0.84201652
 0.83201643
 0.82988767
 0.83408503
  0.8333924
 0.83338395
 0.83672709
 0.83606285
 0.83307891
 0.83036257
 0.83105327
 0.82684029
 0.82558267
  0.8218184
 0.82027327
 0.81513069
 0.81796312
 0.81827533
 0.81993917
 0.81967849
 0.80432837
 0.81095711
 0.80954149
 0.81994741
 0.81980253
  0.8168171
 0.82064422
 0.80486537
 0.80227528
 0.80867944
  0.8025982
 0.80224989
 0.80740535
 0.81117594
 0.81348878
 0.80504798
 0.80517368
 0.81501756
 0.81114843
 0.80630136
 0.80425423
 0.80545354
 0.80061765
 0.80202836
  0.8078482
 0.80899068
 0.81027003
 0.79187322
 0.79445898
 0.79256587
 0.78634842
 0.78583786
 0.77856706
 0.78101444
 0.79050836
 0.78338868
 0.78426333
 0.77692339
  0.7765162
  0.7747837
 0.77346258
 0.76848341
 0.76972752
 0.76197475
 0.76313796
 0.76725946
  0.7677347
 0.76733271
 0.76480131
 0.77326868
 0.77948714
 0.78198916
 0.78529445
 0.77023382
 0.77390442
 0.77086536
 0.77208013
 0.77697036
 0.77976812
 0.78845645
 0.78687518
 0.78890421
 0.79656767
 0.80515517
 0.79498134
 0.80201587
 0.79113958
 0.79671259
 0.79555011
 0.79857445
 0.79888845
 0.79470844
 0.79517716
 0.79102115
 0.78867593
 0.78781677
 0.79276924
 0.79656154
 0.79447034
 0.78560899
 0.78528364
 0.78195705
 0.78675029
 0.78726402
 0.79287731
 0.79928571
 0.80306048
 0.80201623
 0.80641009
 0.80728881
  0.8103068
 0.80912023
 0.80610779
 0.81194437
 0.80711778
 0.79572818
 0.80075494
 0.80347266
 0.80959902
 0.81858239
 0.81107906
 0.81255029
 0.81213459
 0.81055916
 0.80390857
  0.8034047
 0.80788189
 0.80937357
 0.80637005
 0.80448102
 0.80656959
 0.81091354
 0.81369119
  0.8082931
 0.81349244
 0.81099585
 0.81726052
 0.81773027
 0.81387172
 0.81802717
 0.81745601
 0.81664247
 0.81829194
 0.82048023
 0.82344697
 0.82496056
 0.82925755
 0.82220205
 0.82618763
 0.82386179
 0.81562413
 0.81874766
 0.81693827
 0.81737224
 0.81979355
 0.80765893
 0.81499717
 0.81178312
 0.81242304
 0.80744553
 0.80597841
 0.80148424
 0.80995164
 0.80101342
 0.80296362
 0.80331684
 0.79427229
 0.78008651
 0.76758921
 0.77031629
 0.76644993
 0.76505914
 0.77341525
 0.79037401
  0.7904935
 0.78906669
  0.7870472
 0.78255058
  0.7835326
 0.77799237
 0.78043611
 0.76909242
 0.77431765
 0.78231732
 0.77334334
 0.76953779
 0.75548855
 0.74880671
 0.75837038
 0.76793572
 0.77464979
 0.77936604
 0.78009496
 0.78043813
 0.77726667
 0.76984922
 0.76381037
 0.77150345
 0.76954068
 0.77650826
 0.77355518
  0.7681866
  0.7803624
 0.78715824
 0.78382636
 0.77876048
 0.77343424
 0.77182301
 0.77531252
 0.77532294
 0.78095164
 0.78079644
 0.77313017
  0.7776053
 0.78047577
 0.79330691
 0.79592679
  0.8007607
 0.79948225
 0.80198404
 0.79920573
 0.79696791
  0.7990428
 0.78030968
 0.77782257
 0.77027179
 0.76701226
 0.77421888
  0.7822349
 0.78909178
 0.78713694
 0.78207002
  0.7823679
 0.77587954
 0.78009351
 0.77048156
 0.76757101
 0.77754307
 0.77392606
 0.77307719
 0.79126628
   0.793725
 0.80081717
 0.79283476
 0.80070557
 0.80096704
 0.81152555
 0.81491529
 0.81718108
  0.8174258
 0.81709716
 0.81265517
 0.81590632
 0.81437529
 0.80968289
 0.81355289
  0.8125522
 0.80922763
 0.80549707
 0.80337559
 0.80824234
 0.81193391
 0.80349511
 0.81324781
 0.81050958
 0.80539075
  0.7976893
 0.79916488
 0.78921922
 0.80169841
 0.80531738
 0.80670492
 0.80281713
  0.8130752
 0.80760083
 0.81053677
 0.81118748
 0.81045846
  0.8133092
 0.80239684
 0.80623969
 0.80604814
 0.80711641
   0.807962
 0.80806926
 0.81086252
 0.81023127
 0.80375883
 0.80138219
  0.8093519
 0.81484584
 0.81625511
 0.81377861
 0.81260433
 0.81200012
 0.81081624
 0.81155293
 0.80373769
 0.79761688
 0.79696196
 0.79880173
 0.79662127
 0.79736012
 0.80069448
 0.80147454
 0.79963556
 0.79905705
 0.80309367
 0.80597033
 0.81001474
 0.80994123
 0.80759286
 0.80984748
 0.80166406
 0.80146754
 0.79239676
 0.78882878
 0.78594215
 0.78899263
 0.78978973
  0.7848745
 0.78154605
 0.78287979
  0.7838754
 0.78169917
 0.77616871
 0.77662002
 0.78376081
 0.78474474
 0.79242527
 0.78991919
 0.78749942
 0.78736306
 0.79277593
 0.80076136
 0.78983292
 0.79647248
 0.79460431
 0.79831235
  0.7924115
 0.80021753
 0.80669177
 0.80499131
 0.80290976
 0.80237058
 0.79543435
 0.79587985
 0.79351902
 0.79504807
  0.7967634
 0.79146994
 0.78995367
 0.79276479
 0.79130302
 0.78837945
 0.78782167
 0.78861338
 0.78676766
 0.78371853
 0.78779057
 0.78735918
 0.80125433
 0.80311642
 0.80688969
  0.8037462
 0.80330676
 0.80189918
  0.7991677
 0.80681585
 0.80658557
 0.80368331
 0.80369737
 0.79925646
 0.79104027
 0.79045316
  0.7829754
 0.78689023
 0.79396558
 0.79959185
 0.80310362
  0.8001668
 0.80653767
  0.8078058
 0.81385173
 0.81486872
 0.81842538
 0.81827353
 0.81709269
 0.81873138
 0.81255779
 0.81371846
 0.81616687
 0.81154761
 0.81539407
 0.81933429
 0.82038087
 0.81777315
 0.81746254
 0.81758023
 0.81428398
 0.80982024
 0.80277594
 0.80341672
 0.80402029
 0.79643413
 0.79542459
 0.79062063
 0.79469891
 0.80075029
 0.79799943
 0.80549939
 0.80328208
 0.80375257
 0.80089587
 0.80393266
 0.79651463
 0.78826848
 0.79367216
 0.79963521
 0.80286111
 0.80281146
 0.80115796
 0.79968488
 0.79678268
 0.79836047
 0.79313024
 0.79508116
 0.79364763
 0.79786162
 0.79967923
 0.79561401
 0.79097747
  0.7931272
 0.78933704
  0.7888814
 0.79335781
  0.8008682
  0.8108949
 0.80968326
 0.81032465
 0.81514643
 0.82173839
 0.82258493
 0.82244232
 0.82532981
 0.82129083
 0.82408485
 0.82829143
 0.82298391
 0.81763016
 0.81630691
 0.81901377
 0.82749374
 0.83338309
 0.83505384
 0.83613543
 0.82493683
 0.81567816
 0.82380459
  0.8130421
 0.81465744
 0.81552137
  0.7967292
 0.80961118
 0.81595669
 0.81225874
 0.81321779
 0.82781826
 0.82334953
  0.8245475
  0.8255601
 0.81477915
 0.82406585
 0.83176243
 0.83444724
 0.83072469
 0.83643986
 0.83623504
 0.83703561
  0.8311046
  0.8247801
 0.82723988
 0.83582567
 0.83459802
  0.8339646
 0.83261022
 0.83392034
 0.83288137
 0.84373028
 0.84884727
 0.84684058
 0.85658244
 0.85438551
 0.85540761
 0.85780372
 0.85550292
 0.85558662
 0.86062413
 0.85117417
  0.8463462
 0.84482294
 0.85035521
  0.8510736
 0.84691691
 0.84607505
 0.84445042
 0.84748911
 0.84868132
 0.84807063
 0.84997916
 0.84629572
 0.85402245
 0.85743494
 0.86081476
 0.86143543
 0.85689683
 0.85210252
 0.85290747
  0.8518788
 0.85384789
 0.85477584
 0.85048704
 0.85539346
 0.85679725
 0.85595268
 0.86271531
 0.85939493
 0.85887177
  0.8642052
 0.86444778
 0.86212746
 0.86104435
 0.86551719
 0.86110378
 0.84746295
 0.85265797
 0.85469594
 0.86565128
 0.87206483
 0.87973645
 0.88237195
 0.88396249
 0.88452945
 0.88134188
 0.87695472
 0.87420002
 0.87383158
 0.87247298
 0.87221824
 0.86049716
 0.86373365
 0.85977116
  0.8608723
 0.85289084
 0.85241158
 0.83927761
 0.83969529
 0.83673898
 0.84872675
  0.8497846
 0.85419013
 0.85766651
  0.8567349
 0.85031551
 0.85545478
 0.86070189
  0.8628427
 0.86411063
  0.8685859
 0.86182883
 0.85922927
 0.86808627
 0.86641248
 0.86769495
 0.87628802
 0.87493624
 0.86655872
 0.86206641
 0.85206771
 0.83461182
 0.83205213
 0.84329705
 0.85837691
 0.85822687
  0.8472149
 0.83859319
 0.82790892
 0.82936101
  0.8311914
 0.82044646
 0.81800627
 0.82867107
 0.82765589
 0.81955392
  0.8106543
 0.82260834
 0.81950734
 0.82092347
 0.82181884
  0.8248766
 0.81787582
 0.81474017
 0.80101983
 0.80904302
  0.8152104
 0.82150693
 0.82530934
 0.81315998
 0.80748055
 0.81206632
 0.80618494
 0.81512794
 0.81171825
 0.81569739
 0.81399504
 0.80651476
 0.80611528
 0.81304068
 0.81748939
 0.82040659
 0.81287339
  0.8275021
 0.83157871
 0.83000467
 0.83194731
 0.83369973
 0.83154023
 0.83432934
 0.83697857
 0.82819306
 0.82515955
 0.81719048
 0.82613474
 0.82461335
 0.82557425
 0.83028861
 0.82383152
 0.83451686
 0.83264379
  0.8358323
 0.83746649
 0.84179913
 0.83610277
 0.83695349
 0.83406104
  0.8315756
 0.83007834
 0.83049946
 0.83047875
 0.82538801
  0.8187315
   0.829682
 0.82706053
 0.83417292
 0.83217687
 0.83197694
 0.82195987
 0.81119007
 0.81532405
 0.82030324
 0.81591754
 0.82014392
 0.83478589
 0.83352928
 0.82791632
 0.82700469
  0.8365846
 0.84003036
  0.8357803
 0.83119774
 0.83000042
 0.83253089
 0.82843974
 0.83876838
 0.84974185
 0.84321797
 0.84434046
 0.84431229
 0.84126575
 0.83994621
 0.83493731
 0.82921231
 0.82602872
 0.82353403
 0.82233956
 0.81774684
 0.82071421
 0.80496951
 0.80506446
 0.81278458
 0.81146302
 0.81014226
 0.80735324
 0.81367679
  0.8138961
 0.80816487
 0.80753417
 0.81143671
 0.80960118
 0.80232074
 0.80684162
 0.81149219
  0.8145274
 0.81245597
 0.80463355
 0.80963565
 0.80478299
 0.80447435
 0.80624788
 0.80701046
 0.79893494
 0.79484308
 0.79863299
 0.80468437
  0.7905001
 0.77375968
 0.76793487
 0.78200379
 0.78920773
 0.78942689
 0.80339555
 0.80181772
 0.80282684
 0.80003975
 0.79954238
 0.80632674
 0.81746906
 0.81820581
 0.81911093
 0.82641694
 0.81978973
 0.81708548
 0.81528432
 0.81688746
 0.81870827
 0.81464163
 0.81763939
  0.8179043
  0.8189044
 0.81572195
 0.80553005
  0.8005438
 0.80174602
 0.79634119
   0.793989
 0.79813042
 0.79778461
 0.80351094
 0.79876439
 0.79606607
 0.79473333
 0.79430371
  0.7929739
 0.77890805
 0.78562983
 0.77659932
   0.773963
 0.77448653
 0.77455649
 0.77620826
 0.77869115
 0.77840284
 0.77176442
 0.77438235
 0.77049026
 0.77134847
 0.78421362
 0.78734173
 0.77917517
 0.78538136
 0.78812856
 0.78200626
 0.78478931
 0.77884257
 0.78047773
 0.77811019
 0.78086507
 0.78538224
 0.78285559
 0.79445954
 0.78698492
 0.79879143
 0.79607104
 0.79944213
 0.80134942
 0.80966596
 0.80624401
 0.80838816
 0.81463933
 0.79931572
  0.8013679
 0.80996991
 0.82007895
 0.81774502
 0.81295307
 0.81179452
 0.80785095
 0.80976668
 0.80584891
 0.80466191
 0.80536994
 0.80712562
 0.80350099
  0.7991805
 0.80509294
 0.80662121
 0.80207242
 0.79328188
 0.78948912
 0.78956859
 0.79052547
 0.79707359
 0.79240419
 0.78035835
 0.77388573
 0.77963967
 0.77959382
 0.79112739
 0.78133042
 0.77917084
 0.77452693
 0.78353818
 0.77683984
 0.77462732
 0.77178771
 0.77584976
 0.78232072
 0.78503318
   0.777431
 0.78265732
 0.77460204
 0.77681355
 0.77959671
 0.78813751
 0.78347959
 0.78377003
 0.79019252
 0.79039229
 0.78186275
 0.78611618
 0.78614891
 0.79452134
 0.79345007
 0.79752172
 0.78928727
 0.78917578
 0.79365692
 0.78704768
 0.78356895
 0.77810098
 0.78834018
 0.79054942
  0.7883857
 0.79229341
 0.79971109
 0.79416583
 0.79781758
 0.77937668
 0.79058373
 0.78027772
 0.77831455
 0.78165383
 0.78431993
 0.78438204
 0.77417195
 0.78166377
 0.78063615
 0.79043684
  0.7759257
 0.77843866
 0.76673104
  0.7702302
 0.78074922
 0.78643624
 0.78197376
 0.77735012
 0.76425435
 0.76711567
 0.75431633
 0.75367858
 0.74695599
 0.72971398
 0.74228944
 0.73769326
 0.74111194
 0.75375681
 0.75735265
 0.75473316
 0.75951691
 0.76780845
 0.75596791
 0.75633428
 0.77588954
 0.76121904
 0.75403164
 0.75940447
 0.75859784
 0.76068568
 0.75524415
 0.75472453
 0.75439597
 0.76277345
 0.75645095
 0.75183162
 0.76090692
 0.75829875
 0.76545965
 0.76174271
 0.77187249
 0.75863284
 0.75466149
  0.7544872
 0.74770899
 0.75517041
 0.75769772
 0.76228388
 0.76829815
 0.77442704
 0.77155466
 0.76463415
 0.75911169
 0.77504114
 0.78579469
 0.78703511
 0.78797133
 0.78798763
 0.79289018
   0.778317
 0.79168465
 0.77661434
 0.78010255
  0.7789266
 0.78256502
 0.78141477
  0.7890362
 0.79212494
 0.79243371
 0.79889823
 0.79903295
 0.79872594
 0.80317076
 0.80817255
 0.80926503
 0.80553195
 0.80019407
 0.80942383
 0.81235107
 0.81445055
 0.81342649
 0.81785214
 0.81911562
 0.81935695
 0.81310051
 0.81334823
 0.81336525
 0.80926356
 0.81230956
 0.81483015
 0.81521755
 0.81312081
 0.81299688
  0.8111739
 0.81280839
 0.81227598
 0.81322482
 0.81757793
 0.82167323
 0.82043013
 0.81037795
 0.81335919
  0.8182495
 0.81744605
 0.81805407
 0.82144912
  0.8152725
 0.81391353
 0.80990983
  0.8080703
 0.80225013
 0.80471423
 0.80101803
 0.80246786
 0.80204462
 0.80236545
  0.8008877
 0.80323675
 0.79885392
 0.80037544
 0.80104541
 0.79796251
 0.79079168
 0.79734963
 0.79968806
 0.80305846
 0.80275917
   0.803507
 0.80020324
 0.79673545
 0.79617944
 0.79888756
    0.80634
 0.80304034
 0.80126258
 0.79911993
 0.80216322
 0.80573468
 0.80356949
 0.80441465
 0.80108788
 0.79545973
 0.79559108
 0.79691883
 0.79415527
 0.79382542
  0.7960356
 0.80160479
 0.80016716
 0.80082362
 0.79829512
 0.79099834
 0.78741889
 0.78537731
 0.79139835
 0.79579701
 0.79924813
 0.80155584
 0.79584087
 0.80323347
 0.80116997
 0.80091343
 0.80284158
 0.80193158
 0.80392737
 0.80180575
  0.8016998
 0.80427193
 0.80322654
 0.80173045
 0.79756241
 0.79576549
 0.79259998
  0.7942038
 0.79408293
 0.79310839
 0.78789064
 0.78415446
 0.77989109
 0.77928054
 0.77757614
 0.77507951
 0.76337921
 0.77038106
 0.77470197
 0.78349236
 0.78713472
 0.78801512
 0.78662118
 0.78075812
 0.77683658
 0.77789679
 0.78767561
 0.79346658
 0.79084931
 0.78901363
 0.78788476
 0.78668068
 0.78609294
 0.79361263
 0.79774788
 0.79688398
 0.79913422
 0.79826411
 0.79573229
 0.79513793
 0.79003638
 0.78552979
 0.78809348
 0.77660162
 0.77448693
 0.77980724
 0.78075119
 0.78772311
 0.78778475
 0.78906811
 0.79093488
 0.79309017
 0.79210012
 0.79019366
 0.79043738
 0.79164977
  0.7935596
 0.79574292
 0.80238964
 0.79916942
 0.79394217
  0.8008713
 0.80025666
 0.79903198
 0.80169512
 0.79997297
 0.79648984
 0.80085081
 0.79619245
 0.78940919
 0.79310046
 0.79518332
 0.79749909
 0.80202318
 0.80303906
 0.80302762
 0.79821317
 0.80089713
 0.80236993
 0.79951234
 0.80120329
 0.79978832
 0.80037944
 0.79979772
  0.8055013
 0.80847602
 0.81574848
 0.81949505
 0.82206956
 0.82190367
 0.82509823
 0.82393998
 0.82559354
  0.8241913
 0.82886795
 0.82681459
 0.82053612
 0.82122629
 0.82287638
 0.82078427
    0.82167
 0.82300753
 0.82128243
 0.82134918
 0.82318587
 0.81873171
 0.81277684
 0.81298752
 0.81370097
 0.81199079
   0.815892
 0.80939315
 0.81456618
 0.81332289
 0.82267084
 0.82102818
 0.81580503
  0.8134353
 0.81167256
  0.8097965
 0.80068574
 0.80274953
 0.80210331
 0.80428335
 0.80402851
 0.80269903
 0.80608958
 0.81145595
 0.81165039
 0.81018062
 0.81851925
 0.82310594
 0.82457152
 0.82685335
 0.82197853
 0.81689716
  0.8144071
 0.80110263
 0.80480668
 0.80411998
 0.80159096
 0.79950349
  0.7997904
 0.80924963
 0.81883382
 0.81463926
  0.8229061
 0.82719971
 0.82467463
 0.83505807
 0.84036457
  0.8472079
 0.84189852
 0.85255162
 0.85417272
 0.86170534
 0.85874869
 0.86157042
 0.85585313
 0.85233505
 0.85198505
 0.83369887
 0.83843171
 0.83509217
 0.83608907
 0.83699907
 0.83104644
 0.83031128
 0.82885412
 0.83458665
 0.83241781
 0.83049345
 0.82885419
 0.83250345
  0.8329877
 0.83058305
 0.82904336
 0.82280939
 0.82377475
 0.82550666
 0.82327898
 0.81834054
 0.82132098
 0.80673571
 0.82011012
 0.81281878
 0.80979201
 0.81100571
 0.81698483
 0.80413926
 0.79080421
 0.77611893
 0.76728954
 0.77258983
 0.76579734
 0.77165344
 0.77068521
 0.76898775
 0.77319112
 0.78685915
 0.77785169
 0.78692794
 0.78850042
 0.78893654
 0.79141931
 0.79388843
  0.7955632
 0.79842058
 0.79879987
  0.7982654
 0.79781498
 0.79737488
 0.79620147
 0.79514014
  0.7968932
 0.79355269
 0.79467726
 0.79401591
 0.78705078
 0.79708907
 0.79443364
 0.79919107
 0.79901543
 0.79716518
 0.79735544
 0.79577563
 0.79605071
 0.79365008
 0.79145414
  0.7868085
 0.78847958
 0.78543023
 0.79366893
 0.79181058
 0.79097788
 0.79159554
 0.78943737
   0.793792
 0.79628486
 0.80020343
 0.80098139
 0.79780917
 0.79037411
 0.78909591
 0.79048357
 0.78164566
 0.78899014
 0.78759976
 0.78606027
 0.78018909
 0.78535142
 0.78687847
 0.79179346
 0.79012143
 0.78826456
 0.78517585
 0.78865103
 0.78850078
 0.78827333
 0.78916201
 0.79285317
 0.79338184
 0.79425967
 0.79299444
 0.79550548
 0.79839516
 0.79715526
 0.79066362
 0.79258325
 0.79439109
 0.79094779
 0.78605721
 0.78734288
 0.78556897
 0.78554186
 0.78266393
   0.781872
 0.77852176
 0.77951158
 0.77681707
 0.78042018
 0.78019487
 0.77932029
 0.78401279
 0.77683475
 0.78216686
 0.77961989
 0.78509967
 0.78439984
  0.7858572
 0.78993145
 0.79277353
 0.79431926
  0.7938506
 0.79356196
 0.79672779
 0.79961444
 0.79690143
 0.79924786
 0.79937677
 0.79220996
 0.78675798
 0.79133199
 0.79216132
 0.79039493
 0.78490039
 0.78405723
 0.78632001
 0.77759542
 0.77989538
 0.78136746
 0.78334072
 0.78004508
 0.78187234
 0.77980199
 0.78068589
 0.77698734
 0.77861201
 0.77881448
 0.77741132
 0.77719589
 0.77366263
 0.77002836
 0.77048983
 0.76888303
 0.76619207
 0.75916111
 0.76973376
 0.77405658
 0.77205711
 0.77211524
 0.75763217
 0.75531019
 0.76568604
 0.76315977
 0.75390232
 0.74959693
  0.7615386
 0.76076806
 0.76097557
 0.76939028
 0.76672144
  0.7684461
 0.77212678
 0.77450303
 0.78027908
 0.77532582
 0.78675058
 0.78446181
 0.79580325
 0.79434144
 0.79757328
 0.79872108
 0.79538728
 0.79336214
 0.79409982
 0.79593783
 0.79319213
 0.79131257
  0.7942089
 0.79953171
  0.8021571
 0.80919514
 0.80990779
 0.81154432
 0.82666502
 0.82396184
 0.82517709
 0.83022619
 0.82423287
 0.82163568
 0.81969721
 0.81722845
 0.81450176
 0.81287793
 0.81395942
 0.81864797
 0.81535913
 0.82212631
 0.81535409
 0.81529892
 0.81196649
 0.81017426
 0.80996121
 0.81440787
  0.8103572
 0.81215219
 0.80918033
 0.80296532
  0.8017911
 0.80742018
 0.81234571
 0.82062204
 0.82248148
 0.82341023
 0.82513099
 0.83227851
 0.83058381
 0.83214515
  0.8256914
 0.82882027
 0.83059382
 0.82917745
 0.82783953
 0.82591162
 0.82587203
 0.82717271
 0.82951928
 0.82550683
 0.82699486
 0.82651304
 0.83284113
 0.83335738
 0.83449551
 0.84148859
 0.84188174
 0.84339118
 0.84523126
 0.84181334
 0.84425491
 0.84089225
 0.83609139
 0.84217821
     0.8478
 0.84794097
 0.84255538
 0.84206021
 0.83898023
 0.83845162
 0.84207385
 0.83838665
 0.83743976
 0.83519539
 0.83452063
 0.83542427
 0.83557509
 0.83190338
  0.8314159
 0.83686138
 0.83699858
 0.82717519
 0.83120373
 0.83337771
 0.83511894
 0.83383296
 0.82823777
 0.82880378
 0.82817658
 0.82921018
 0.82873076
 0.82501324
  0.8302673
 0.83025025
 0.82632144
 0.82660002
  0.8308823
 0.83190408
 0.83160169
   0.835101
 0.83007823
 0.82714983
  0.8341501
 0.83567534
 0.83977066
 0.83592399
 0.83783454
  0.8392055
 0.83698553
 0.84448395
  0.8462851
 0.84431185
 0.83845465
 0.83990595
 0.83705905
 0.82560814
 0.82325311
 0.83608813
 0.84038441
 0.83768722
 0.83740255
 0.83339558
 0.83322492
 0.83471776
 0.83908926
 0.83508802
 0.83691263
 0.83041775
 0.82934158
 0.83040114
 0.82708733
  0.8368181
 0.83253265
 0.82675846
 0.82441762
 0.82031627
 0.82009229
 0.81542492
 0.80869671
 0.81192557
 0.81365883
 0.80925153
 0.79760202
 0.80271563
 0.80827802
 0.80284225
 0.79601446
 0.78547914
 0.78425919
 0.78691072
 0.79666829
 0.79319107
 0.79078501
  0.7929561
 0.78893234
 0.79601935
 0.80125022
 0.78869215
 0.78634429
 0.78906178
 0.79209132
 0.80449835
 0.80889497
 0.81124712
 0.81518663
  0.8110624
 0.80557959
 0.79203777
 0.79121147
 0.78855481
 0.78483105
 0.78593275
 0.79980333
  0.7838751
 0.79798888
 0.79713054
 0.79600374
 0.79379994
 0.79331404
 0.78284713
 0.77562223
  0.7719009
  0.7639347
 0.76021913
 0.76337683
 0.75926515
 0.76016397
 0.75834239
 0.75508344
 0.77336212
 0.77135386
 0.77537474
 0.77253875
 0.77073194
 0.78070599
 0.79159973
 0.79439819
 0.78697887
  0.7912343
 0.78969623
 0.78841269
 0.78960647
 0.79171715
 0.78859618
 0.79563388
 0.79103926
 0.79033091
 0.79363233
 0.79023567
 0.78889562
 0.78525692
 0.77987578
 0.77675695
 0.78533833
 0.77920776
 0.77644156
   0.780781
 0.78293372
  0.7777488
 0.77818651
 0.78011077
 0.77142815
  0.7658969
 0.76869356
  0.7656417
 0.77215431
  0.7686358
  0.7637345
 0.76711707
 0.76835551
 0.78026147
 0.77851415
 0.77013433
 0.76711815
 0.77029213
 0.77781061
  0.7708351
 0.76708046
 0.76344915
 0.76765515
 0.77235383
 0.77024993
 0.76501529
  0.7694172
 0.76793235
 0.76054937
 0.76090004
 0.76621803
 0.76671386
 0.76793419
 0.76841862
 0.77114547
 0.76772107
 0.77123233
  0.7735747
 0.77373422
 0.77083601
 0.76124026
 0.76675844
 0.76630969
 0.76609014
 0.75502473
  0.7500176
 0.75874394
 0.74862922
 0.74938613
 0.74529028
 0.74661148
 0.73314771
 0.72600469
 0.72535948
 0.73507405
  0.7451252
 0.75486134
 0.76576166
 0.76582949
 0.76786832
 0.77357781
 0.78061724
 0.77744899
   0.780499
 0.78680615
 0.79274823
 0.78956668
 0.79037758
  0.7934687
 0.78907415
 0.78642992
 0.78034401
 0.78380415
  0.7818541
 0.78291555
 0.78365506
  0.7801389
 0.77760739
 0.78204072
 0.78726575
 0.78527383
   0.786123
 0.78353842
 0.78396004
 0.78188939
  0.7823087
 0.78787399
 0.79189091
 0.78995354
  0.7893383
 0.78037025
 0.78301838
 0.79108597
 0.78596975
 0.78354188
 0.78914189
 0.78523985
 0.78253256
 0.77907069
   0.783365
 0.78624378
 0.78843632
 0.79022279
 0.78823263
 0.79326745
   0.793233
 0.79432706
 0.79839739
 0.79608839
 0.79113733
 0.80011529
 0.81202507
 0.81991811
 0.82569394
 0.83152403
 0.83039249
 0.83119508
 0.83337129
 0.83492003
 0.84565796
 0.85990135
 0.86263328
 0.86009361
 0.87126589
 0.86490107
 0.86282888
 0.86731168
 0.86751237
 0.87739954
 0.88088451
 0.87981031
 0.86915823
  0.8737744
 0.87573469
  0.8774757
 0.89235982
 0.89094609
 0.88257781
 0.87873334
  0.8713505
 0.87578676
 0.88061679
 0.88509945
 0.88539987
 0.89399471
 0.89993935
 0.90563217
  0.9050298
 0.90560824
 0.90393555
 0.90725945
 0.91260475
 0.91792123
 0.91795918
 0.90875163
 0.91006473
 0.91268566
 0.90807693
 0.89542407
 0.89429244
 0.90504832
 0.90589965
 0.90567883
 0.90987796
 0.90951895
 0.91004123
 0.90388541
 0.89582533
 0.90152826
 0.91201087
  0.9065202
 0.90452369
  0.8996182
 0.89877245
 0.90395128
 0.90319412
 0.90647592
 0.90094928
 0.90043293
 0.89184232
 0.89231038
 0.90291352
 0.91086724
 0.91558791
 0.91498018
 0.91503363
 0.90543816
  0.8998164
 0.89673371
 0.89083562
 0.88499696
 0.88867659
 0.89272129
 0.89675707
  0.9041373
 0.90606852
 0.90487921
 0.90691877
 0.91222678
 0.90082905
 0.90182637
 0.90125603
   0.900279
 0.89572056
 0.89088593
 0.89954738
 0.90286444
 0.90446029
 0.91075173
 0.89975174
 0.90792093
 0.90694193
 0.91341325
 0.91758599
 0.92383384
 0.91588584
 0.91314688
 0.91416311
 0.90837097
 0.90681355
    0.90691
 0.91265393
 0.91049461
 0.91512836
  0.9067581
 0.91262988
 0.92047721
 0.91733125
 0.91131313
 0.90650702
 0.90224924
 0.90134407
 0.90671169
  0.9037195
 0.91025312
 0.90347891
 0.91017761
 0.90537304
 0.91280617
 0.91035867
  0.9039081
 0.90305833
 0.91806145
 0.91484814
 0.91484233
 0.91379456
 0.91907641
  0.9172155
 0.91051235
 0.90948472
 0.90433238
 0.89744276
 0.88622144
 0.89013133
 0.89818357
 0.90188087
 0.90003906
 0.90430671
 0.90155505
 0.90043417
 0.89612133
 0.88514961
 0.87595567
 0.86524363
 0.87533147
  0.8768115
 0.87868053
 0.87363454
 0.87801052
 0.88513423
 0.88638712
 0.88383189
 0.88320252
 0.88648976
 0.88741677
 0.88480774
 0.88884429
 0.88115141
 0.87333531
 0.87279579
 0.87439356
 0.88291995
 0.88779172
 0.89265808
 0.89108449
 0.89053318
 0.89289558
 0.89110066
 0.89031931
 0.89282871
 0.89247665
 0.89183341
 0.88850061
 0.89268721
 0.89616328
 0.89194089
 0.88880604
 0.88915975
  0.8942058
 0.89962333
 0.89473715
 0.88803252
 0.88814183
 0.88972115
 0.89054574
 0.88607647
 0.87764594
 0.87609264
 0.87247658
 0.87808752
 0.87838164
 0.88137823
 0.88378981
 0.88248234
 0.88322155
 0.87307854
 0.87863262
 0.87885746
 0.87226073
 0.87113189
  0.8755879
 0.87456855
 0.87946942
 0.88433253
 0.88359503
 0.88279076
 0.87935964
 0.87760475
 0.87194344
 0.87265149
 0.85901507
  0.8660672
 0.86892045
 0.86904794
 0.86348096
 0.85874359
 0.85428747
  0.8493065
 0.84969214
 0.85536432
 0.85265038
 0.85495085
 0.85044173
 0.83906919
  0.8464354
 0.84275692
 0.84387164
 0.85150019
 0.86834532
 0.87124039
 0.86519449
 0.86304022
 0.86694787
 0.86877124
 0.86590319
 0.86077177
   0.865337
 0.87132871
 0.87414808
 0.87129493
 0.87025417
 0.86858412
 0.87080467
 0.89059244
 0.89650978
 0.91189412
 0.91572925
 0.91578399
 0.92259686
 0.93212879
 0.93416593
 0.92770434
 0.92420548
 0.92987486
 0.92996184
 0.93492652
 0.93528232
 0.93045545
 0.93333312
 0.93773425
 0.93790228
 0.93244009
 0.93171665
 0.93666652
 0.93764482
 0.93072389
 0.92713219
 0.92501396
 0.92069126
 0.92700872
 0.92757786
 0.92319229
 0.92470377
 0.93116583
 0.92908254
 0.92683676
 0.92402288
 0.93054911
 0.92833689
 0.91888584
 0.92776083
  0.9382518
 0.94462669
 0.94142897
 0.94382665
 0.94563411
 0.94066901
 0.94208826
 0.94573984
 0.95083935
 0.95046466
 0.94639514
 0.94976693
 0.94724877
 0.94838576
 0.95842178
 0.96021932
 0.95493944
 0.95498399
 0.94728958
 0.95256529
 0.95410977
  0.9532568
 0.95282168
 0.94989757
 0.94315004
 0.94513855
 0.94337524
  0.9418055
 0.94723857
 0.94455458
 0.94995313
 0.95653784
  0.9613016
  0.9648758
 0.96280113
 0.95868079
 0.96230353
 0.96214828
 0.96176014
  0.9609484
 0.95945345
 0.95530196
 0.95342323
 0.95338989
 0.95324839
 0.94242069
 0.93815352
  0.9390353
 0.94264743
 0.95562294
 0.96049379
 0.95356721
 0.95293967
  0.9541129
 0.94850364
 0.93817832
 0.93814356
 0.94541351
 0.94965053
  0.9503097
 0.94353443
 0.94270199
 0.94166509
 0.94545549
   0.942986
 0.93860494
 0.93830767
 0.93868526
 0.93414525
 0.93194884
 0.93150174
 0.93578352
 0.93749808
 0.92558513
  0.9332653
 0.92753718
 0.92676887
 0.93345002
 0.93594369
 0.93386008
 0.93167229
 0.92354574
 0.92818562
 0.91885126
 0.91479592
 0.91611451
 0.92653669
 0.92531266
 0.92481259
 0.93061978
 0.93256174
 0.93313082
 0.93564146
 0.93950947
 0.94309693
 0.94239004
 0.93582081
 0.93309496
 0.92395585
 0.92085944
 0.90808684
 0.91885435
 0.91981925
  0.9117153
 0.90766508
 0.90498526
 0.91846183
 0.92188533
 0.92009292
 0.91884574
 0.92016568
 0.92306208
 0.93390685
 0.92974878
 0.93089091
 0.92649525
 0.91379742
 0.90663681
 0.92169434
 0.91679868
 0.92158194
 0.92381422
 0.92282302
 0.93820821
 0.93579664
 0.93837265
 0.94078392
 0.94252868
 0.93613248
 0.94126013
 0.94127287
 0.93783599
 0.93328137
 0.93677057
 0.92944269
 0.92438123
 0.92300049
 0.92243734
 0.92630217
 0.92130185
  0.9349486
 0.93984859
 0.94070344
 0.93893142
 0.94540505
 0.94765873
 0.94938459
 0.93878656
 0.93909706
 0.93130124
 0.93437971
 0.92632627
 0.92147384
 0.92178168
  0.9053039
 0.90030094
 0.90173581
 0.88455561
 0.89962867
 0.89680105
 0.88252588
 0.89156267
 0.90131492
 0.90261263
 0.90580261
 0.91398634
 0.91432322
 0.91235015
 0.90712948
 0.90790076
 0.90925238
 0.91008224
 0.89506498
 0.90670748
 0.91104068
 0.91445282
 0.91121723
 0.90525731
 0.89998831
 0.90003182
 0.89597979
 0.90009877
 0.89643327
 0.89234716
 0.88558969
 0.89182183
 0.90077062
  0.9064588
 0.90296265
 0.90072459
 0.90137099
 0.90490485
 0.90396161
 0.89188501
 0.89757111
 0.90719968
 0.90156719
 0.90255627
 0.89894807
 0.90013006
 0.91219724
 0.91009534
 0.90535773
 0.90262327
 0.89907872
 0.89017075
 0.89329415
 0.89838243
 0.90113038
 0.89325612
 0.88998817
 0.90014521
  0.8992712
 0.89809766
 0.89622971
 0.89040652
 0.88652833
 0.88065083
 0.88230966
 0.87917697
   0.875963
 0.87497129
 0.87202211
 0.87707174
 0.88081155
 0.88456446
 0.88184378
 0.88044745
 0.87319556
 0.86437286
 0.85958739
 0.85981572
 0.85675327
  0.8629675
 0.87328603
 0.86609781
 0.87302962
 0.87587272
 0.86747542
 0.86879068
 0.86814057
 0.87781242
 0.87592263
 0.87644305
 0.87974224
 0.87466372
  0.8821147
 0.88482868
 0.88866691
 0.89026157
 0.88699679
 0.88767973
 0.87850093
 0.87963582
 0.88002464
 0.88460473
 0.88365853
   0.883924
 0.88644731
  0.8838541
 0.89205756
 0.89163643
 0.89505172
 0.89021777
 0.89607239
 0.88452943
 0.88198322
 0.88334412
 0.88897478
 0.88580171
 0.88469191
 0.88082404
 0.88591758
 0.87268446
 0.87919797
 0.87310066
 0.87407902
 0.89143559
 0.89307902
 0.89663298
 0.89121369
 0.88819989
 0.89606955
 0.89508442
 0.88949904
 0.88200689
  0.8907832
 0.89199771
 0.88701799
 0.88843025
 0.88570405
 0.89155263
 0.89406292
 0.89512647
 0.89158042
 0.89120473
 0.89650311
 0.89865539
 0.89923405
 0.90486367
 0.90066738
 0.90014859
 0.89648642
  0.9015234
    0.89807
 0.90214206
 0.90028511
 0.90894266
 0.89839525
 0.89863655
 0.90381539
 0.90438152
 0.90889651
 0.90641107
 0.90382908
 0.90403922
 0.89737171
 0.89231355
 0.89704577
 0.89838787
 0.89877348
 0.89443632
 0.89576944
 0.90208477
  0.8999269
  0.9011151
  0.8949215
  0.8975223
 0.89209524
  0.8901428
 0.89677253
 0.88865719
 0.88723943
 0.88566973
  0.8932496
 0.89289247
 0.89681396
 0.90615394
 0.90667079
 0.90270605
 0.89999097
 0.89849005
 0.90233285
 0.90537581
 0.90191518
 0.89913056
 0.89817828
 0.89918111
 0.89814676
 0.89814677
 0.88631131
 0.87789668
 0.88588706
 0.89023353
 0.88692661
 0.88056059
 0.87246309
 0.87276447
  0.8709475
 0.87629752
 0.87303027
 0.87223716
 0.87427598
 0.87527288
 0.87903093
 0.87004442
 0.86545469
 0.86291685
   0.866865
 0.87194705
 0.87260099
  0.8663779
 0.86115882
 0.85787473
 0.85508698
 0.85947421
 0.87070471
 0.88501849
 0.88468698
 0.87809071
 0.88335081
 0.88037182
 0.88018258
 0.87795872
 0.87883764
 0.87756962
 0.87895915
 0.87552176
 0.87353141
 0.87521606
 0.87289327
 0.88223465
 0.88452461
 0.87640572
 0.87741049
 0.88207566
  0.8924038
 0.87691867
 0.88441846
 0.88455163
 0.88645166
 0.88568819
 0.88328466
 0.87986166
  0.8704877
 0.87335032
   0.867535
 0.87176808
 0.87675759
 0.87874672
   0.877503
 0.87408876
 0.86902902
  0.8707703
  0.8712296
 0.88036761
 0.88238669
 0.88493619
 0.88281932
 0.87738369
  0.8692462
 0.87448595
 0.86967844
 0.86700266
 0.87219524
 0.87448065
 0.86680429
 0.85653231
 0.85235791
 0.85078977
 0.83686102
 0.82458047
 0.82945923
 0.83555247
 0.83098993
 0.82411408
  0.8177294
 0.82222467
 0.82972171
 0.83813267
 0.84979346
 0.84885095
 0.85098682
 0.84190069
 0.84596247
 0.84670004
 0.84178467
  0.8492356
 0.84637919
 0.84723767
 0.85170339
 0.85240877
 0.85319705
 0.85142728
 0.85537566
 0.85450117
 0.85025949
 0.84975035
 0.84207704
  0.8395625
 0.83953069
 0.84527538
 0.85040601
  0.8408683
  0.8313735
 0.83628342
 0.83328125
 0.83837093
 0.83542684
 0.83285811
 0.82880204
 0.82153577
 0.81561759
 0.81217678
 0.81116385
 0.81810014
 0.82367365
 0.83408942
 0.83985907
 0.84895731
 0.84231013
 0.83638947
 0.83447526
 0.83467859
 0.83819665
 0.84130193
 0.84660268
 0.85181016
 0.85160326
 0.85555894
 0.85256628
 0.84680812
 0.84392853
  0.8424232
 0.83487664
 0.84446788
  0.8236053
 0.82886528
 0.85203648
 0.85649732
 0.85677449
 0.86427759
 0.86618593
 0.86344266
 0.86318598
 0.86163661
 0.85550771
 0.85509082
 0.84948616
 0.84437876
 0.84672791
 0.85024626
 0.85113175
 0.85300217
  0.8532239
 0.85333928
 0.85461383
 0.86014344
 0.85626928
 0.85194559
 0.85376858
 0.84438414
 0.84607722
 0.83797859
 0.84000539
 0.83449295
 0.83963894
 0.83479411
 0.84211308
   0.843472
 0.83975131
 0.83991687
 0.83644293
 0.83758286
 0.83596137
 0.82290755
 0.82271098
 0.82343493
  0.8220261
 0.81913335
 0.83208883
 0.83174665
 0.83318966
 0.84057053
 0.83545888
 0.83074542
 0.84062183
 0.83964395
 0.85367487
 0.85239477
 0.84534322
 0.84751108
 0.83310359
 0.84223291
 0.85499948
 0.85156511
 0.83827977
 0.84612137
 0.83672948
 0.83941922
 0.84080867
 0.83245533
 0.83665151
 0.84094544
 0.82894031
 0.83626909
 0.85978683
 0.86098638
 0.85396926
 0.85010997
 0.85107803
 0.84932096
  0.8446291
 0.85089513
 0.86253406
 0.85742993
 0.86382389
  0.8590296
 0.86622887
 0.85534128
 0.86277332
 0.87696801
  0.8900814
 0.88746141
 0.89116872
 0.89210923
 0.88807439
 0.87745154
 0.87296783
 0.85708186
 0.85118102
 0.84372302
 0.85920031
 0.85917125
 0.85966977
 0.85759965
 0.86161149
 0.86646513
 0.87010538
  0.8744755
 0.87552752
  0.8665322
 0.86472505
 0.87072111
 0.87214422
 0.86945924
 0.86912226
 0.86761007
 0.85993838
 0.86384662
 0.86368129
 0.86800717
 0.87614679
 0.87458681
 0.86649025
 0.87604647
 0.88305491
 0.88644949
 0.89722679
 0.89903206
 0.89930937
 0.89323755
 0.90722101
 0.90822645
 0.90864253
 0.90022253
 0.89638499
 0.89142315
 0.89557783
 0.90117632
 0.90098496
 0.90059305
 0.90729426
 0.90066356
 0.89698114
 0.90739112
 0.90503618
 0.90195856
 0.90056917
 0.90045422
 0.89693255
 0.89694628
 0.89308893
 0.89335924
 0.88676522
 0.88722818
 0.87449232
 0.88478488
 0.87517731
 0.87949482
 0.87948732
 0.87897804
 0.87786022
 0.86864912
 0.85390604
 0.85405026
 0.86053673
 0.87038926
 0.87037885
 0.87022576
 0.86998227
 0.86389241
 0.85619212
 0.85504138
 0.84870422
 0.84573352
 0.84650217
 0.83924549
 0.84430942
 0.84954753
 0.86445242
 0.87216794
 0.87340369
 0.87321593
 0.87040032
 0.86841029
 0.86751485
 0.86074367
 0.85512851
 0.84562474
 0.85963405
 0.84748538
 0.84963307
 0.84961384
  0.8537963
 0.85181587
 0.85018421
 0.85232367
 0.85345403
 0.85529288
 0.85191934
 0.84737317
  0.8338749
 0.83659419
 0.82980756
 0.83052539
 0.83539572
 0.84569034
 0.84341719
 0.84034927
 0.85247999
 0.85063718
 0.85847729
 0.86069258
 0.85760926
 0.86043052
 0.85709117
 0.87315052
 0.85834777
 0.84363244
 0.84791195
 0.84038764
 0.82761167
  0.8301288
 0.83165764
 0.83982059
  0.8497077
 0.85763803
 0.84849345
 0.84262872
 0.83500272
 0.82435006
 0.83069865
 0.84129676
 0.83770661
 0.83524757
 0.84041277
 0.84553799
 0.84465561
 0.82857983
 0.83816794
 0.85217685
 0.83827692
 0.82809083
  0.8249908
 0.83320808
 0.82822078
  0.8239468
  0.8205679
 0.82874817
 0.82123658
 0.83212731
 0.82824692
 0.83009393
 0.83083964
 0.84251873
 0.84813619
  0.8463619
 0.85550248
 0.85963682
 0.86044876
 0.86140968
 0.85906063
 0.85669413
 0.85466216
 0.86094102
 0.86978288
 0.86464269
 0.86010624
 0.86971444
 0.87214905
  0.8688752
 0.88035871
 0.87669552
  0.8728078
 0.87853842
 0.87764054
 0.87894287
 0.87836582
 0.87792532
 0.87670122
 0.87422999
 0.86889697
  0.8699417
 0.86838346
 0.85903649
 0.86256099
 0.86634893
 0.86498058
 0.86400868
 0.86598352
 0.86966033
 0.86878266
 0.86683114
 0.86847251
 0.87125744
 0.87061065
 0.85840482
 0.86239954
 0.86179925
 0.86896635
 0.86449646
 0.86753292
 0.86650013
 0.86326767
 0.86655325
 0.86519278
 0.85848185
 0.86138143
 0.87066126
 0.87286696
 0.87138815
 0.87066339
 0.86346056
 0.86480024
 0.86252986
 0.85670646
 0.85350565
 0.85312744
   0.853658
 0.84465996
 0.83930022
 0.84375151
 0.84590566
 0.84948209
 0.84225451
 0.83610125
 0.83471223
 0.83641243
 0.83235704
 0.83126167
 0.83442417
  0.8293039
   0.837619
  0.8389472
 0.83911926
 0.84587831
 0.84547257
 0.84895686
 0.84445808
 0.84213015
 0.84387385
 0.84795782
 0.84939159
 0.85095321
 0.84887651
 0.84863092
 0.85278693
 0.84627014
 0.83742161
 0.83309281
 0.82880309
  0.8248055
 0.81951233
 0.82232614
 0.83266806
  0.8305728
 0.81680062
   0.815432
 0.81301017
 0.79731826
 0.80643712
 0.79355748
 0.79805518
 0.78639244
 0.79168906
 0.79547102
 0.79659729
 0.79678872
 0.79810973
 0.78858657
 0.77808496
 0.76966475
 0.78018493
 0.77410591
 0.77764607
 0.77044445
  0.7620079
 0.77164647
 0.76177101
  0.7649694
 0.75782264
 0.75684737
 0.74789629
 0.74625562
 0.74771395
 0.75192811
 0.74744307
 0.75275806
  0.7561877
 0.75272737
 0.75130269
 0.75193542
 0.75224223
 0.74473758
 0.74255266
 0.74097772
  0.7551536
 0.75421266
 0.75259586
 0.76001974
 0.75649439
 0.76579293
 0.75970651
 0.76472026
  0.7786669
 0.78010265
 0.77080509
  0.7806197
 0.78217389
 0.77620685
 0.77830259
 0.78551726
 0.78697585
 0.78975641
 0.78661848
 0.78914914
 0.78944735
 0.79051556
 0.79278622
 0.78139096
 0.78322147
 0.78506783
 0.78442589
 0.79124909
 0.78867789
  0.7954236
 0.79635834
 0.78809312
  0.7838404
  0.7787035
 0.77991693
 0.78150034
 0.79087724
 0.79456369
  0.7973057
 0.79705481
 0.80908838
 0.81439313
 0.80534689
 0.80838046
 0.81343986
 0.82094454
 0.81652873
 0.81814495
 0.80902133
  0.8147833
 0.81312997
 0.81303691
 0.81568958
 0.82224744
 0.82598819
 0.83224774
 0.83584686
 0.85135102
 0.85160942
 0.84618828
 0.83471803
 0.83297822
 0.84146473
 0.83707793
  0.8544243
 0.85919445
 0.85655649
 0.85586487
 0.85512403
 0.85439546
 0.85707411
 0.86109676
 0.87267293
 0.86997977
 0.87283061
 0.88440243
 0.88311349
 0.88344605
  0.8861106
 0.87970381
 0.88085465
 0.89524313
 0.88796282
 0.89734405
 0.89495779
 0.89292535
 0.89486131
 0.89465305
 0.89640334
  0.8935593
 0.89792779
  0.8978985
 0.90293843
 0.90535535
 0.90262249
 0.90508912
 0.90034439
 0.90535934
 0.91246108
 0.91404687
 0.92096262
 0.91655956
 0.91976909
 0.92170742
 0.92253935
  0.9136912
 0.90478596
 0.90734335
 0.91067858
 0.91151824
 0.91765656
 0.91946033
 0.91293115
 0.90889288
 0.90839067
 0.90397926
 0.89680687
 0.89391822
 0.89688463
 0.90908828
 0.90901619
 0.90556497
  0.9046983
  0.9055566
 0.90378897
 0.90140647
 0.90349032
  0.8981192
 0.90380968
 0.90772318
 0.90576968
 0.90494133
 0.90062305
 0.90200538
  0.8995084
 0.89888733
 0.90170226
 0.89898659
 0.90460892
 0.90171237
 0.90777963
 0.91174044
 0.91305226
  0.9088129
 0.90836339
 0.91050209
 0.90345082
 0.90509022
 0.91389195
 0.91869328
  0.9217301
 0.92239145
 0.91447156
  0.9172699
 0.91518537
 0.90937783
 0.90632367
 0.90848139
  0.9047712
 0.90511991
 0.90700902
 0.90547186
 0.90357832
 0.90218815
 0.90628481
 0.89667543
 0.90180449
  0.8976018
 0.90384222
 0.90212778
  0.8822868
 0.90222234
 0.90801423
 0.91877568
 0.91606955
 0.90976517
 0.90913233
 0.90756605
 0.91056234
 0.91609761
 0.91987731
 0.92310684
 0.92962652
 0.91627251
 0.92205417
 0.91924154
  0.9154833
 0.90863109
 0.91865872
 0.91603946
 0.91573528
 0.91409114
 0.91941731
 0.92004921
 0.92307113
 0.93020981
 0.93244775
 0.92809741
 0.92320819
 0.91593585
 0.91318455
 0.91279943
 0.90913072
  0.9082129
 0.89313684
  0.8871627
 0.87297377
 0.88290618
 0.88755976
 0.89090166
 0.88868715
 0.88040324
 0.87213899
 0.87411732
 0.86825856
 0.87243931
   0.862704
 0.85492609
 0.86300365
 0.86144802
   0.859763
 0.86092992
 0.85692537
  0.8486065
 0.83900391
 0.82484363
 0.82998435
 0.83345678
 0.84577007
 0.85319724
 0.85685701
  0.8624472
 0.86892045
 0.86410931
 0.86512536
 0.85583387
 0.85318692
 0.85660631
 0.86702894
  0.8684307
  0.8734686
 0.87700586
 0.87182779
 0.87672567
 0.86845038
  0.8675926
 0.87031939
 0.87237374
 0.87017331
 0.87440691
 0.87620328
 0.86479632
 0.87209074
 0.86881516
 0.87086084
 0.87347812
 0.86923285
  0.8748864
 0.87312891
 0.86695887
 0.86685787
 0.86014154
 0.85698059
 0.86490326
 0.86960411
 0.86694917
 0.86654235
 0.86811772
 0.87284135
  0.8787539
 0.88416309
 0.88289166
 0.88373838
 0.88435331
 0.88215442
 0.88577151
 0.88213797
 0.88201902
 0.88773768
 0.88619103
 0.88289359
  0.8915053
 0.89303462
 0.89064503
 0.88813268
 0.88442819
 0.87905606
 0.88447833
 0.88334723
 0.88945719
 0.89026403
  0.8849021
 0.88440745
 0.88944281
 0.89154663
 0.88860174
 0.89721464
 0.90155609
 0.89850717
  0.8954168
 0.89363408
 0.89607604
 0.89380972
 0.89426665
 0.89578393
 0.88919566
 0.88205237
 0.87142272
 0.86658326
 0.86542469
 0.86124937
 0.86414444
 0.86781929
 0.85858802
 0.86124628
  0.8550562
 0.85567915
  0.8553149
 0.86159528
 0.86413277
 0.86617033
 0.86483094
 0.86559623
 0.86840084
 0.86569114
 0.86551094
 0.86601546
 0.86507355
 0.86792095
 0.86649976
 0.86600226
 0.86186677
 0.86241862
 0.87193657
 0.86491446
  0.8658631
 0.86926302
 0.86391743
 0.85090529
 0.85184695
 0.84787028
 0.84836819
 0.85024181
 0.85033148
 0.85789496
 0.85968704
 0.85605111
 0.84896032
 0.84495682
 0.85052992
 0.85323628
 0.85384205
 0.85562318
 0.85374036
 0.85495948
 0.86016749
 0.85092612
 0.84813629
 0.85236379
  0.8509115
 0.84441408
 0.84819821
 0.84828494
 0.85993324
 0.85703572
 0.86040982
 0.86114329
 0.85932154
 0.84985929
 0.84829019
 0.85342355
  0.8559751
 0.85781007
 0.85866141
 0.86533111
 0.87077464
 0.87348833
 0.87598853
  0.8733516
 0.88190236
 0.88238535
 0.88175794
 0.88159303
 0.87156909
 0.87309888
 0.87302793
 0.87515856
 0.87497009
 0.87423796
 0.86052346
  0.8558384
 0.85268234
 0.85244833
 0.86949819
 0.87339042
 0.88082046
 0.87073365
 0.86591946
 0.87433581
 0.87816205
 0.87799561
   0.879093
 0.88119786
 0.88228469
 0.88170999
 0.87342894
 0.86195148
 0.86658783
 0.88223742
 0.88706494
 0.88914426
 0.89099296
 0.89147801
  0.8899017
 0.88861358
 0.88822856
 0.88912858
 0.88375988
 0.88649196
 0.88370007
 0.88177257
 0.88992554
 0.88953049
 0.89315263
 0.89582357
 0.89367235
 0.89306391
 0.89032172
 0.89341739
 0.88838341
 0.89381457
 0.89979545
 0.90198637
 0.89612608
 0.89146472
 0.89415816
 0.89333118
 0.89896029
 0.89268624
 0.89669875
 0.88843293
 0.88869929
 0.88928446
 0.89689077
 0.89419046
 0.89781726
 0.90490771
 0.90442394
  0.8977641
 0.89487035
 0.89759432
  0.8998918
 0.89402951
 0.89600055
  0.8933358
 0.88720059
 0.89347005
 0.89338716
 0.89349538
 0.89270033
 0.89396077
 0.89415484
  0.8898891
 0.88855158
 0.88929291
 0.89199507
 0.89402555
 0.90141827
 0.89856121
 0.89609782
 0.89722683
 0.89408271
 0.89501857
 0.89406735
 0.88850456
 0.88940024
 0.88835452
  0.8947742
 0.89964406
 0.89770962
 0.90283123
 0.90072203
 0.90617268
 0.90444005
 0.90211369
 0.89955325
 0.90062674
 0.89152162
 0.89293176
 0.89931626
 0.89592801
 0.89702767
 0.89311721
 0.90394768
 0.90965915
 0.90797739
 0.90239784
  0.9030207
 0.89564424
  0.9112393
 0.91567276
 0.91990225
  0.9200534
 0.92078773
 0.91937708
 0.92189745
 0.92079697
 0.92058144
 0.91584498
 0.91043593
 0.91254749
 0.91702765
 0.91713765
 0.91556509
 0.90877257
 0.90711615
 0.91226651
 0.90926544
 0.91019561
 0.90614779
 0.90799747
 0.90632795
 0.90125571
 0.90618062
 0.90354342
 0.90958847
 0.90646003
 0.90531884
 0.90423006
 0.90651236
  0.8947844
 0.89045092
 0.89046429
 0.88863002
  0.8892207
 0.89602058
  0.9012242
 0.90640871
 0.90502861
 0.90457894
  0.8917442
  0.8929201
 0.88772578
 0.88197339
 0.88503617
 0.88227842
 0.88315811
 0.88081997
 0.87739305
 0.88028669
 0.87809902
 0.86654784
  0.8627639
 0.86393229
 0.86315327
 0.86546029
 0.86649386
  0.8708313
 0.87831636
 0.87571894
 0.87741943
 0.87549147
 0.87404467
 0.86999546
 0.87173039
 0.87935507
 0.88538605
 0.88405318
 0.88554485
 0.88393526
 0.88045294
 0.87167978
 0.87374647
  0.8723149
 0.87969086
 0.87861339
 0.87758157
 0.88284153
 0.88889999
 0.88545124
 0.87869744
 0.88099763
 0.88650787
 0.87412796
  0.8807011
 0.88315093
 0.87973883
  0.8760061
 0.87414106
 0.87242871
 0.87010266
  0.8740886
 0.87622853
 0.86605838
 0.86203057
 0.85199968
 0.85760606
 0.85516726
 0.84963093
 0.84415163
 0.84992461
  0.8480614
 0.85223733
 0.84325056
 0.85048754
 0.86470111
 0.87294587
 0.87944484
  0.8837333
 0.88270886
 0.88901807
 0.87993779
 0.89004966
 0.88403101
 0.88105427
 0.89077256
 0.88670786
 0.89142859
 0.88523788
 0.88697284
 0.88150805
 0.87130839
 0.87056097
 0.86677538
 0.86475079
 0.86553818
 0.86403407
 0.86359503
  0.8634887
 0.86811082
 0.85761031
 0.85535021
 0.84415025
 0.83932168
 0.83871288
 0.84528892
 0.84483551
 0.84655206
 0.84422405
 0.84336908
 0.84325053
 0.84450034
 0.84445012
 0.83883651
 0.84171874
 0.83814799
 0.84258634
 0.84538713
 0.84715528
 0.84734052
 0.85025891
 0.84755263
 0.84457245
 0.84286821
 0.84877925
 0.84721656
  0.8445619
 0.85176304
 0.84405778
 0.84015787
  0.8381323
 0.83041055
 0.83187788
 0.83530346
 0.83357529
 0.83292738
 0.83234242
 0.82850531
 0.82761019
 0.82055676
 0.81048936
 0.81456289
 0.81756866
 0.81531099
 0.82083913
 0.81635009
 0.82444534
 0.82205381
 0.82659071
 0.83462321
 0.83851528
 0.84024895
 0.84328028
 0.85146002
 0.85373022
 0.84284039
 0.84418975
 0.85636742
 0.85163255
 0.84745802
 0.84937082
  0.8464276
 0.85098998
 0.84351952
 0.84601433
 0.84416524
  0.8496726
 0.85449821
 0.85142636
 0.85409202
 0.85537683
 0.85676621
 0.86937067
 0.86828724
 0.86433933
 0.86130226
 0.85754868
 0.85933236
 0.85138391
 0.84465114
 0.84584534
 0.84240104
 0.84083983
 0.83593908
 0.83680357
 0.82313163
 0.80583819
 0.81502312
 0.81438618
 0.81141872
 0.81506953
 0.81052816
 0.80683993
 0.81032414
 0.80643881
 0.81452047
 0.79715169
 0.80271482
 0.81038469
 0.81378548
 0.80827924
 0.80391226
 0.80016109
 0.80365678
 0.80519112
 0.81608165
 0.82385128
 0.81888183
 0.81471453
 0.81303733
 0.81743664
 0.81942443
 0.81851756
 0.81693995
  0.8198769
 0.83244853
 0.82535451
 0.83242269
  0.8428868
 0.84461539
 0.84220951
 0.84798673
 0.84516727
 0.84446594
  0.8394641
 0.85536153
 0.85276098
 0.84823565
 0.85128362
 0.85508039
 0.84965701
 0.84757236
 0.85047829
 0.85485336
 0.85417248
 0.85174886
 0.85435802
 0.85690193
 0.85220296
 0.85315963
 0.86157978
  0.8622043
  0.8580725
   0.853475
 0.84444569
 0.84961747
  0.8507769
 0.85600193
 0.85477335
 0.85495011
 0.85355378
 0.85170552
  0.8511957
 0.84949993
 0.84770671
 0.84001701
 0.83668694
 0.83108702
 0.82960026
 0.82890115
 0.82827533
 0.81943516
 0.82304822
 0.82678106
 0.81609137
 0.81738684
 0.81083799
  0.8103662
 0.81707282
 0.82328095
 0.83136432
 0.82700092
 0.83308848
 0.84133802
 0.83629476
 0.83617412
 0.83276914
 0.83262776
 0.83641373
 0.84481289
 0.84695472
 0.84848878
 0.84895432
 0.85242469
 0.85445057
 0.85774859
 0.85110223
 0.84527963
 0.84471071
 0.84034599
 0.84270582
 0.84480496
 0.83627055
 0.83409598
 0.83857776
 0.84285137
 0.84592274
 0.85212632
 0.85124355
 0.85640631
 0.85493379
 0.86651519
 0.86606194
 0.85693442
 0.85259778
 0.83385928
 0.83893413
 0.83567664
 0.83665095
 0.83706525
 0.83015256
 0.82526239
 0.83071524
  0.8357804
 0.83843255
 0.83340904
 0.83264037
 0.83347172
 0.83206649
 0.83504375
  0.8306068
 0.83178328
 0.83323677
 0.84071667
 0.83737288
 0.84769604
 0.84764245
 0.85798844
 0.85562489
 0.84677187
 0.83673599
 0.82468588
 0.83207512
 0.83409208
 0.83044118
 0.82783953
 0.83077047
 0.83778499
 0.83316708
 0.83814446
 0.84851864
 0.85239581
   0.861943
 0.85854753
 0.86694315
 0.87425604
 0.87908772
 0.87310608
  0.8715701
 0.86464736
 0.87078688
 0.87380793
  0.8760672
 0.87484915
 0.88354227
  0.8933349
 0.89948467
 0.89578631
 0.90201543
 0.89801793
 0.90338931
 0.89778067
 0.90525968
 0.90804065
 0.91118314
 0.91579566
 0.91736687
 0.92481922
 0.93094197
  0.9286416
 0.92599487
 0.92958108
 0.92783699
 0.92412725
 0.92535512
 0.92947098
 0.93148042
 0.92504071
 0.91836414
  0.9135706
 0.91302449
 0.90778211
 0.90300291
 0.88800712
 0.91058043
 0.91639696
 0.91650602
  0.9210569
 0.92173294
 0.92824147
 0.94076817
 0.93561052
 0.92995734
 0.93013041
 0.93221867
 0.92266895
 0.91192804
  0.9031871
   0.907993
 0.90148074
 0.90790297
 0.90783241
  0.9153236
 0.91787204
 0.92556487
 0.92623729
 0.93432069
 0.93321059
 0.93349964
 0.93987938
 0.93808095
 0.93782093
 0.93679113
 0.94165315
 0.94689488
 0.94637893
 0.94762028
 0.94887403
 0.94800347
 0.95195994
 0.95227987
   0.953648
 0.95234474
 0.94346506
 0.94610534
 0.95160396
 0.95199514
 0.95233711
  0.9508323
  0.9470658
 0.94635629
 0.94220014
  0.9398794
 0.92187221
 0.92341897
 0.92952833
 0.93439621
 0.93717081
 0.93286086
 0.93016884
 0.93376124
  0.9290241
 0.92735612
  0.9253337
  0.9345105
 0.93909949
  0.9445079
 0.94234482
 0.94465183
  0.9473931
 0.95111831
 0.94996021
  0.9471493
  0.9403216
 0.94328219
 0.94526679
 0.93383377
 0.92227199
 0.92264614
 0.91866734
 0.92638157
 0.91968348
 0.92014508
 0.93212071
 0.93123559
 0.92689069
 0.92790189
 0.93155914
 0.93207193
 0.93091274
 0.93195859
 0.93177572
 0.92573264
 0.92082262
 0.92378292
 0.91891236
 0.91479094
 0.91174596
 0.90217842
 0.89890502
 0.90067166
 0.90990599
 0.90647547
 0.90835512
 0.90837789
 0.90497539
 0.90177088
 0.90061997
 0.89631598
 0.88585107
 0.87873908
 0.88726991
 0.88516329
 0.89273894
 0.88902062
 0.88565708
 0.89372606
 0.88979639
 0.89409546
 0.88775857
 0.88664571
 0.87917245
 0.88217785
 0.88902001
 0.89565027
 0.89033792
 0.89847752
   0.905858
 0.90981085
 0.91361187
 0.90460914
 0.90662375
 0.90366361
 0.89976136
 0.90525391
 0.90922022
 0.91333539
 0.91081601
 0.92038483
 0.91832777
 0.92023013
 0.92439429
  0.9264305
 0.91740174
 0.91666325
 0.91334659
 0.91903625
 0.92575925
  0.9165392
 0.92665077
 0.92209858
 0.91106035
 0.92137148
 0.92201102
  0.9325466
 0.93692546
 0.93569893
 0.93701282
 0.93804528
 0.94025046
 0.93458093
 0.92938826
 0.92262577
 0.92625184
 0.92844204
 0.91819712
 0.91662017
  0.9156677
   0.907029
 0.90527971
 0.90206415
 0.90702297
 0.90682173
  0.9095485
 0.90654923
 0.90536825
 0.89505772
 0.89256434
 0.88475014
 0.87856436
 0.88196776
 0.88801973
 0.88590534
 0.88435903
 0.88609774
 0.88298615
 0.87484531
 0.87832708
 0.87452134
 0.87347071
 0.88701751
  0.8877237
 0.88119144
 0.88177439
 0.88042575
 0.88480823
 0.88694035
 0.88479951
 0.88540316
 0.89848972
 0.89717047
 0.89960674
 0.90524294
 0.89519197
 0.89343407
  0.8931784
 0.89194531
 0.89413692
 0.89918403
 0.89557374
 0.89134991
 0.89397907
 0.89461062
 0.89676956
 0.89733657
 0.89663286
 0.90069198
  0.9011754
 0.90693078
 0.90120479
 0.89904212
 0.89411846
 0.89527761
 0.89180425
 0.89371421
 0.89713893
 0.89834862
  0.8899554
 0.89171375
 0.88658327
 0.88698063
 0.88647797
 0.88708505
 0.88973627
 0.88120114
 0.88123789
 0.87962019
 0.87652461
 0.87886968
 0.87748719
 0.88125755
 0.87671218
 0.87920785
  0.8781764
 0.88242317
 0.87551507
 0.88667492
 0.88857338
 0.88563026
 0.87861872
 0.88845659
 0.89327988
 0.89093944
 0.88659189
 0.88963566
 0.89390626
 0.88773685
 0.87900218
 0.87400338
 0.87084395
 0.86600631
 0.85843378
 0.86880383
 0.86531005
 0.87187057
 0.87906931
 0.87649052
   0.882794
 0.89434056
 0.90768956
 0.91278299
 0.91252464
 0.90795469
 0.90760424
 0.91465026
 0.91752681
 0.92418457
 0.93064883
 0.92514165
 0.92823811
 0.92767312
  0.9229857
  0.9221616
 0.92213799
  0.9195077
 0.91911379
 0.92440145
 0.93275388
 0.93144137
 0.93290573
 0.93311231
 0.92541415
 0.92665369
 0.92750405
 0.92208364
 0.92830674
 0.92901007
  0.9278503
 0.92345028
 0.92046974
 0.92724307
 0.91877797
 0.91909587
 0.92151206
 0.92447609
    0.92483
 0.92316739
 0.92304799
 0.92071792
  0.9206665
 0.91819553
 0.91844018
 0.92456349
 0.92160932
 0.92534505
 0.92001913
 0.91957416
 0.92461149
 0.91834925
   0.911432
 0.90344265
 0.89673293
 0.90072513
 0.89911257
 0.90777493
 0.91311083
 0.90372138
 0.90325351
 0.89946179
 0.90164129
 0.89635988
 0.89585673
 0.89031108
  0.8873434
 0.88915948
 0.88337418
 0.88482154
 0.88012078
  0.8753428
 0.85752719
 0.85955807
 0.84120098
 0.83879395
 0.84218462
 0.84791065
 0.83730129
 0.84184957
 0.84040137
 0.83682056
 0.82894219
 0.83706841
 0.83785206
 0.82731025
 0.80678883
 0.79803668
 0.79436892
 0.79169811
 0.79630074
 0.80267482
 0.79988797
 0.80786638
 0.80154182
 0.79412835
 0.79280333
 0.80092019
 0.80549488
  0.8088031
 0.79844943
 0.80369276
 0.82041092
 0.82280076
 0.81821105
 0.81801974
 0.81495811
 0.80196042
  0.8043786
 0.80597771
 0.80424897
 0.79869498
 0.80879625
 0.80309599
 0.81220683
 0.81306068
 0.81509394
 0.81794886
 0.81541231
 0.81747853
 0.81147149
 0.81644822
 0.81405265
 0.80523091
 0.80873006
 0.80569447
 0.80618939
  0.8033419
 0.79422238
 0.79766261
 0.80133418
 0.79501575
 0.80004327
 0.80727327
 0.80949627
 0.80737192
  0.8021122
 0.79742032
 0.79851973
 0.79970265
 0.79983215
  0.7999254
 0.80680359
 0.80258782
 0.80508753
  0.8040646
 0.81127217
 0.81053704
 0.81143364
 0.81353578
 0.81058224
  0.8090079
 0.80046315
 0.79813097
 0.79783261
 0.79850582
 0.80135121
 0.80399695
 0.80467032
 0.80962322
 0.81650769
 0.81687773
 0.81542132
 0.81623195
 0.81601471
 0.81664716
 0.80917694
 0.80921552
 0.80999018
 0.80535823
  0.8003506
 0.80536785
 0.81124199
  0.8091397
  0.8071736
 0.80274307
 0.79968324
 0.80580258
 0.81207849
 0.80680627
 0.81400016
 0.81891113
 0.82056174
 0.83265711
 0.83011016
 0.83227837
 0.82888998
 0.83622879
 0.82933948
   0.839571
 0.83061543
 0.83028332
 0.83007913
 0.83103761
 0.82692852
 0.83115013
 0.83549756
 0.83590669
 0.83300574
 0.83488733
 0.83905497
 0.83509634
 0.83226275
 0.82836353
 0.83577119
 0.83772836
   0.837693
 0.84250166
 0.83560202
 0.84091811
  0.8394572
 0.83698366
 0.83960584
 0.84038356
 0.83735358
 0.83894343
 0.83414057
 0.83081523
 0.83161389
 0.83308786
 0.83330559
 0.82775848
 0.83094468
 0.81935561
 0.81654277
 0.80680706
    0.80592
 0.80217633
 0.80335151
 0.80363841
  0.8021644
 0.79928905
 0.80407994
 0.80255467
 0.80715827
 0.80227532
 0.80449658
 0.80641824
 0.80560918
 0.80160547
 0.81487596
 0.81358741
   0.806347
 0.81466974
 0.82282618
 0.82980589
 0.82498348
 0.82845293
 0.82672809
 0.82175408
 0.82054122
 0.81921499
 0.82175122
 0.81120197
 0.81916155
 0.82736099
 0.83236382
 0.82379705
 0.82781165
 0.83388242
 0.83614796
  0.8355305
 0.83252606
 0.82301442
 0.81792132
 0.83159478
 0.83203219
 0.84003198
  0.8409407
 0.84288461
 0.84047531
 0.84241435
 0.84193529
 0.84633397
 0.84373705
 0.84380008
 0.85098928
 0.85348753
 0.86279444
 0.85944255
 0.85794751
 0.85775781
 0.84998624
 0.85195073
 0.85162461
 0.84460639
  0.8423308
 0.84203491
 0.83924763
 0.83170961
 0.82977272
 0.82669076
 0.82280704
 0.82502282
 0.82242162
 0.82809732
 0.82167084
 0.82718502
 0.83349557
  0.8257439
 0.83210661
 0.83948567
 0.84037776
 0.84288822
 0.84021769
 0.84410632
 0.84201479
 0.84215192
 0.84659095
 0.85039706
  0.8485202
 0.83889351
 0.83684311
 0.84521795
 0.84512173
 0.85165619
 0.85299152
 0.85466343
  0.8594284
 0.86124135
 0.85787333
 0.85594674
 0.85215786
 0.85122308
 0.84956364
 0.84520765
 0.84052584
 0.84399459
 0.84676234
 0.84373556
 0.83988298
 0.83812186
 0.83727669
 0.83953875
  0.8339826
 0.83782528
 0.84186416
 0.83710232
 0.83700702
 0.83388926
 0.82507399
 0.82124433
 0.81791649
 0.80436513
 0.80780079
  0.8153128
 0.80860669
 0.81451414
 0.81839425
 0.81912432
 0.82551214
  0.8262863
 0.83532872
 0.84646609
 0.84518923
 0.84987105
 0.84741985
 0.84892838
 0.85296313
 0.85632858
 0.85749695
 0.85539812
 0.86077468
   0.863641
 0.86369931
 0.86783214
 0.86045294
 0.86448276
 0.87155435
  0.8735971
 0.87817627
 0.87053532
  0.8687394
  0.8692604
 0.87565037
 0.87122339
 0.85639009
 0.84393624
 0.84355394
 0.85691063
 0.85723148
 0.85553422
 0.84558178
 0.85184861
  0.8606673
 0.86377515
 0.86182551
 0.84832921
 0.85315941
 0.86218039
 0.86405491
  0.8595565
 0.85254884
 0.87130954
 0.87177512
 0.87024679
  0.8740327
 0.86648216
 0.87003138
 0.87521498
 0.88229964
 0.88248489
 0.88939825
 0.89072958
 0.88866057
 0.88932104
 0.89569751
  0.8826194
 0.88238546
  0.8765844
  0.8778957
 0.87535773
 0.85778169
 0.85786242
 0.86227418
 0.86590782
 0.87688632
 0.89071802
 0.88926673
 0.88612653
 0.89150277
 0.88497103
 0.88655543
 0.88139499
 0.87698236
 0.87369143
  0.8736114
 0.88179834
 0.87525419
 0.87138414
 0.88006683
 0.89232608
 0.90079396
 0.89967159
 0.89944214
  0.9001417
 0.90196925
  0.9012688
  0.9081996
  0.9083534
 0.91346949
 0.90846582
 0.91989353
 0.91886002
 0.91857692
 0.91636445
 0.91758177
 0.91512682
 0.91873955
 0.91916378
 0.92281615
   0.927332
 0.93239703
 0.92841568
 0.93507442
 0.93608359
 0.93059761
 0.93724797
 0.93787774
 0.93693811
 0.94044825
 0.93511697
  0.9379057
 0.94394422
 0.94299344
 0.93374623
 0.92565569
  0.9236013
 0.92630834
 0.92593269
 0.92233002
 0.92237553
 0.92346221
 0.92153245
 0.93462878
 0.93706638
 0.93376063
  0.9304539
 0.92987045
 0.93675127
 0.93811743
 0.94043565
 0.94029451
 0.93723297
 0.93946132
  0.9422731
 0.94010944
 0.93959751
 0.94511706
 0.94167127
 0.94343091
 0.94120389
 0.95052437
  0.9502351
 0.94703199
 0.94211827
 0.94421682
 0.93847266
 0.94446286
 0.93782561
 0.92809943
 0.92623098
 0.93308947
 0.93147952
 0.93724634
 0.93740419
 0.93157081
  0.9318303
  0.9250432
 0.93210017
 0.93269462
 0.92719688
  0.9258577
 0.92154819
 0.92599157
 0.92140542
 0.92089244
 0.92040511
 0.91292439
 0.90735258
 0.90760343
 0.90442735
 0.91054264
 0.90895688
 0.90611741
 0.90281271
 0.91008733
 0.90232698
  0.9017692
 0.90309098
 0.89951076
 0.89770091
 0.89601533
 0.89745326
 0.90266841
 0.90137599
 0.89879501
 0.89724132
 0.89777532
 0.90457644
 0.90198885
 0.90442134
 0.90808359
 0.89320032
 0.89324789
 0.89038048
 0.89024002
 0.89470707
 0.90247361
   0.903489
 0.91041925
  0.9145915
 0.90175733
 0.90714854
 0.90391829
 0.90211462
 0.89651022
 0.90204163
 0.89521863
 0.90390904
 0.90130607
 0.90122784
 0.89860804
 0.90263251
 0.90055398
 0.90368153
 0.90048445
 0.89387783
  0.8971229
 0.89207939
 0.89706167
 0.89624183
 0.90014327
 0.89751345
 0.89466798
 0.89616859
 0.89789871
 0.89234153
 0.90011128
 0.90595763
  0.9041978
 0.91690336
 0.90945884
 0.89364584
 0.88360207
 0.90270402
 0.90315296
 0.91206236
  0.9041232
 0.90426638
 0.89874844
 0.90147775
 0.89706828
 0.89130293
 0.89660259
 0.90002899
 0.90089533
 0.89230615
 0.88562787
 0.89124642
 0.89454225
 0.89331061
 0.89376094
 0.89898559
 0.89920639
  0.9001234
 0.90525953
 0.89422533
 0.89625595
 0.89990285
 0.89638833
 0.90385023
 0.90796251
 0.90414156
 0.90026788
 0.89798719
   0.894344
 0.89267281
 0.88180116
 0.88108972
 0.88136787
 0.87201418
 0.87208043
 0.88070827
  0.8752024
 0.88078462
 0.88413992
 0.88804775
 0.89044795
 0.89297501
 0.89463497
 0.89128616
 0.89452977
 0.89243131
 0.88959806
 0.88706746
 0.88877315
  0.8897783
 0.88659008
  0.8863725
 0.89506179
 0.89588776
 0.89517464
 0.90358304
 0.90045247
 0.90220773
 0.90660498
 0.90111078
 0.89935659
 0.90361628
 0.89247041
 0.89082002
 0.88737624
  0.8808453
  0.8845077
 0.88130339
  0.8765902
 0.87915576
 0.88617719
 0.88038886
 0.88280593
 0.87912787
 0.88240246
 0.88029595
 0.88395913
 0.87322875
 0.87251761
 0.87448332
 0.87627032
 0.88113791
 0.88459273
 0.87640209
 0.87393257
 0.87421332
 0.87119526
  0.8711701
 0.88141763
 0.87648717
 0.87822951
 0.88461287
 0.88488779
 0.88058147
 0.88889194
 0.89618078
 0.89285675
 0.90110191
 0.88840672
 0.88531106
 0.89375225
 0.88776988
 0.88667497
 0.89513136
 0.88219233
 0.88117828
 0.89192015
 0.88246537
 0.88408608
 0.89015023
 0.89203734
 0.89454471
 0.89610296
 0.89197284
 0.88819096
 0.88173328
 0.87797813
 0.87648637
 0.87898019
 0.88391104
  0.8842878
 0.88334753
 0.88375458
 0.89072628
 0.88737226
  0.8960686
 0.90160888
 0.90007757
 0.89777333
 0.89514365
 0.88916679
 0.88519407
 0.87113637
 0.87487195
 0.87330095
 0.87887585
 0.87225198
 0.87592736
 0.88010066
 0.87978279
 0.88095891
 0.87603928
 0.87330443
 0.86327049
 0.86568521
 0.86162006
 0.86612642
 0.87567496
  0.8682663
 0.86286398
 0.87080656
 0.87174898
 0.86337172
 0.86663854
 0.86300712
 0.86491762
 0.86533274
 0.86252424
  0.8463269
 0.85093111
 0.85266039
 0.85885724
 0.86425522
 0.86586484
 0.87576627
 0.86793713
 0.86521977
 0.86347848
 0.86083089
 0.86293722
  0.8621349
 0.85921784
 0.86781667
 0.86672087
 0.87192945
 0.87229566
 0.86730543
 0.86681277
 0.86058684
 0.86259422
 0.85962158
 0.85383272
 0.85100329
 0.84773473
 0.85177371
 0.85063105
 0.85561582
 0.85137661
 0.84879482
 0.83987779
 0.83953706
 0.84283727
 0.85239337
 0.85147242
  0.8481995
 0.85727353
 0.85414216
 0.85903756
 0.85367408
 0.85441609
 0.84578762
 0.84632543
 0.85367241
  0.8484591
  0.8482785
 0.84966869
 0.85236178
 0.84699609
 0.84911282
 0.85004888
 0.84910251
 0.84446703
 0.84150003
 0.84398953
 0.84064908
 0.83627165
 0.82728286
 0.83358327
 0.82940032
 0.83159725
 0.83278126
 0.82521434
 0.82767448
 0.82267862
 0.81826782
  0.8085631
 0.80393134
 0.80916897
 0.81044039
  0.8070752
 0.82009795
 0.83307323
 0.83376372
 0.83591328
 0.83208145
 0.83338677
 0.82974191
 0.82518729
 0.82792964
 0.82273989
 0.82512294
 0.82233823
 0.82861745
 0.82576591
 0.82732119
 0.82518534
 0.82183206
 0.81729777
 0.81780119
 0.81469061
 0.81634669
 0.81582206
 0.82219586
 0.81382356
 0.81112475
 0.81224433
 0.81301673
 0.81840063
  0.8144394
 0.82339148
 0.82044814
 0.82237206
 0.81674115
 0.81702375
 0.81881509
 0.81096482
 0.80670365
 0.80919128
 0.80028179
 0.80063585
 0.79297761
 0.79099111
 0.79528661
 0.79647582
 0.79832492
 0.79303235
 0.78836789
 0.78713913
 0.79752216
 0.78810481
 0.78596362
 0.77308742
 0.77085748
 0.77846946
 0.78479954
 0.77867755
 0.76704961
 0.75517673
 0.75768995
 0.75371775
  0.7499873
 0.74295394
 0.74424189
 0.74770724
 0.74874753
 0.74301997
 0.74420421
 0.74076638
 0.73939218
 0.73950764
 0.74601691
 0.74391073
 0.74738824
 0.74623796
 0.74587417
 0.74689055
 0.73749684
 0.73847175
 0.73836112
 0.73510895
  0.7346012
 0.73616843
 0.74197538
 0.74479873
 0.74562985
   0.743707
 0.74582561
  0.7480373
 0.75177719
 0.74815262
 0.74734615
 0.75116793
 0.75496783
 0.75997984
 0.76263462
  0.7636538
 0.76536545
 0.76512655
 0.76830776
 0.76666553
 0.76894408
 0.77309596
 0.77410311
 0.77870042
 0.77763864
 0.77524227
 0.77433342
 0.77392704
  0.7687814
 0.76637247
 0.76112792
   0.758553
 0.76568303
 0.76840624
  0.7673185
 0.77344685
 0.77226012
 0.77417268
 0.77622111
 0.77828127
 0.77721169
 0.77850186
 0.78075627
  0.7818883
 0.78369405
 0.78200005
 0.78246252
 0.78084208
 0.77886006
 0.78032853
 0.77934876
 0.78047981
 0.78117168
 0.78007272
 0.78442047
   0.784789
 0.78815454
 0.78916946
  0.7859951
 0.79188399
 0.79339543
 0.79224492
 0.78796308
 0.78335643
 0.78377606
 0.79501824
 0.79444728
 0.79219788
 0.80161932
 0.80590665
 0.80551801
 0.81054563
 0.80713823
 0.80593454
 0.80297381
 0.80356747
 0.80743784
 0.81086157
 0.80838767
 0.81075881
 0.81371344
 0.81740201
 0.81161922
 0.80712495
 0.80756522
 0.80610855
 0.80708103
 0.80353313
 0.80259983
 0.80225868
 0.79972307
 0.80369632
 0.80874847
 0.81066033
 0.80598314
 0.80540354
 0.80370802
 0.80760286
 0.80595183
  0.8066007
 0.81256361
 0.81882962
 0.81396574
 0.81048194
 0.80098223
 0.80239309
 0.79842357
 0.79382617
 0.79671103
 0.78728672
 0.78247228
 0.76686622
 0.76312359
 0.75683349
 0.75950496
 0.75843027
 0.75683363
 0.75590984
 0.75351233
 0.74959828
 0.75984216
  0.7553011
 0.75183051
 0.74430429
  0.7418798
 0.73248648
 0.73530649
 0.74925716
 0.74485799
 0.73975809
  0.7558429
 0.75418101
  0.7559846
 0.74965774
 0.74858365
 0.75639363
  0.7632855
 0.76330191
  0.7647299
 0.76461382
 0.77415216
 0.77531232
 0.77134026
 0.77306966
 0.77947302
 0.78179009
 0.78461433
 0.78843409
 0.78918298
 0.76829862
 0.77067991
 0.76542581
 0.77644082
 0.78513321
  0.7939965
 0.79722344
 0.79384317
 0.79375264
 0.79041068
 0.78822841
 0.78618046
 0.77684779
 0.78110868
 0.77412591
  0.7763949
 0.77643572
 0.77962371
 0.77884555
 0.77736809
 0.77766481
 0.76848979
 0.75988353
 0.76664122
 0.76644344
 0.76985338
 0.76587218
 0.77403122
 0.77324812
 0.77878569
  0.7786442
 0.77628618
 0.78068535
 0.77465785
 0.77625628
 0.78440856
  0.7824122
 0.78183806
 0.77947071
 0.78081462
 0.78239526
  0.7826887
 0.78339765
 0.77855146
 0.77780487
 0.78183026
 0.77921552
 0.78099939
 0.77904598
 0.77942833
 0.77455364
 0.78003751
 0.77435282
 0.76634653
 0.76944692
 0.77146371
 0.77685082
 0.78540276
 0.78015536
  0.7816115
 0.78081504
 0.77849193
 0.77799309
 0.78437635
 0.78027644
 0.77586768
 0.76716578
 0.76232283
 0.76370688
 0.77061363
 0.77111755
 0.77750382
 0.78115285
 0.77999975
 0.78272322
 0.78514448
 0.77323907
 0.78047072
 0.78870632
 0.79598638
 0.79963431
 0.80045706
 0.80346216
 0.79731911
 0.79544535
 0.79349526
 0.79336434
 0.79172875
 0.79078593
 0.78787488
  0.7918369
 0.78830131
 0.79180373
  0.7842051
 0.79176408
 0.78918364
 0.78540955
 0.78774948
 0.78365684
 0.78080262
 0.78894155
 0.78924105
 0.78537076
 0.78813182
 0.78718641
 0.78261081
 0.78555778
  0.7919772
 0.78920134
 0.79114465
 0.78943051
 0.78866351
 0.78798342
 0.78626289
 0.78650684
 0.78487286
 0.78739554
 0.78543653
 0.78435997
 0.78935785
 0.79454239
  0.7945385
 0.78984917
 0.79281724
 0.79179327
 0.79251846
   0.788909
 0.78815318
 0.78713714
 0.79123485
 0.78409625
 0.78236997
  0.7765289
 0.78104199
 0.77033544
 0.75215761
 0.75033755
 0.76773988
 0.77808404
 0.77894069
 0.78296839
 0.78074289
 0.78235564
 0.78772337
 0.77967882
 0.77882783
 0.77550857
 0.77315169
 0.78179963
 0.77861947
 0.78120949
 0.78329089
 0.77707638
 0.77765396
 0.77976743
 0.78438132
 0.78373928
 0.78325056
 0.78649197
 0.78677817
 0.78394782
 0.78684832
 0.77999552
 0.78263424
 0.78488115
 0.78488407
 0.78414344
 0.78877236
 0.79236976
 0.79657388
 0.79056989
 0.79186015
 0.78867023
 0.78624258
 0.78009053
 0.78197656
 0.78687353
 0.79121853
 0.79233064
 0.79485291
  0.8019818
 0.80283415
 0.80237494
 0.80157552
 0.80417894
 0.80391487
 0.80588876
 0.80949417
 0.80946816
 0.81049302
 0.80884656
 0.79657364
 0.79744047
 0.79975167
 0.79984422
 0.80419891
 0.80661271
 0.80557316
 0.80692028
 0.80864165
 0.80696565
 0.81486902
 0.81369306
  0.8249651
 0.82853032
 0.82383663
 0.83399484
 0.83281968
  0.8345693
 0.82348391
 0.82717116
  0.8375893

