 0.02063187
 0.02101401
0.020838843
0.020852154
0.020857238
0.020919747
0.020940567
0.021110908
0.020971521
0.020918764
 0.02097186
0.021047763
0.021027349
0.021008402
0.020933494
0.020814633
0.020876469
0.020883228
0.020776205
0.020788468
0.020848483
0.020873992
0.021222148
0.021518137
0.021677875
0.021725344
0.021893781
0.022289195
0.022346919
0.022433246
0.023205305
0.024241863
0.024223513
0.024777683
0.025292424
0.026502416
0.028195069
0.029872319
0.032033426
0.033887542
 0.03398749
0.034449729
 0.03551153
 0.03679595
  0.0360013
0.036851284
0.036969819
0.036801281
0.037552609
0.038563063
0.039157019
0.040052026
0.041986867
 0.04231445
0.043384059
0.044164963
0.045692992
0.049845274
0.051963643
0.053552761
0.055275787
0.055027628
0.055660637
0.056641194
0.057299756
0.058140383
 0.05928282
  0.0605225
0.062410817
0.063412913
0.064675088
 0.06627196
0.066766289
  0.0672745
 0.06690269
0.067238643
0.067355886
0.067615983
0.068792365
0.068873626
0.068092461
0.068298043
0.068477676
0.068908501
 0.06913924
0.068414217
0.068409567
0.069706822
0.069020551
0.068674764
0.068724111
0.068580428
0.069754619
0.069551152
0.068948489
0.070146587
0.070053915
0.070182338
0.070463731
0.071265263
0.072040245
0.071425416
0.071031529
0.071296666
0.071490134
  0.0727593
0.073403277
 0.07425659
0.074983138
 0.07355428
0.074291614
 0.07366626
0.073321579
0.074107648
0.074243705
 0.07639239
  0.0780948
0.078011963
0.078025417
0.077788578
0.078927695
0.082060131
0.083644514
0.084596171
0.086317846
0.086658003
0.087853274
0.086502988
0.086595059
0.086377992
0.087500214
0.087270718
0.086556198
 0.08610072
0.085970867
0.085930436
0.085640615
0.086001545
0.085404219
0.085351441
0.083950531
0.084529175
0.084805772
 0.08517768
0.085995841
0.085774194
 0.08690033
0.087334206
0.087005759
0.087020168
0.087734763
0.089038856
0.089334222
0.089865729
0.090723523
0.092463284
0.093367484
0.094771295
0.095987284
0.097525397
0.098207714
0.099094029
0.099758956
 0.10182538
 0.10149347
 0.10268921
 0.10315363
 0.10348607
 0.10313604
 0.10589461
 0.10519878
 0.10478263
 0.10463047
 0.10579496
 0.10518069
 0.10710437
  0.1067273
  0.1097865
 0.11247831
 0.11789398
 0.12049228
 0.12018372
  0.1221691
 0.12611538
 0.13040132
 0.13205019
 0.13258111
 0.13440003
 0.13662103
 0.13482821
 0.14050032
 0.14270667
 0.14180174
 0.14645939
 0.14491256
  0.1427768
 0.14415337
  0.1419385
 0.14344838
 0.14759142
 0.14792544
 0.14798366
 0.15165148
 0.16033079
 0.16375292
 0.16381805
 0.16651935
 0.16781249
 0.17026983
 0.17090622
 0.17265914
 0.17711446
 0.18180772
 0.18317697
  0.1891753
 0.19213102
 0.19099921
 0.19405046
 0.19472905
 0.19797904
 0.19853533
 0.19581142
 0.19843377
 0.20200789
 0.20045473
 0.20534275
 0.20511337
 0.20419632
 0.20318554
  0.2053465
 0.20890626
 0.21697239
 0.21665417
 0.21335321
 0.21278107
 0.21245563
 0.21385079
 0.21593918
 0.21717577
 0.21645932
 0.21681338
 0.21681323
  0.2185704
 0.21828289
 0.21846912
 0.21928449
 0.21823472
 0.22020718
 0.22110582
 0.22086619
 0.22631322
 0.22887268
 0.23024616
 0.22985472
 0.23216318
 0.23200483
 0.23235178
 0.23373788
 0.23499617
  0.2362617
 0.23666886
 0.23734193
 0.23446053
 0.23687769
 0.23642383
 0.23590558
 0.23725863
 0.23735825
  0.2395114
 0.23594441
 0.23571544
 0.23719146
 0.24143226
 0.23717068
 0.23663144
 0.24065871
 0.24378439
 0.24551697
 0.24585878
 0.24928778
 0.24288892
 0.24895075
  0.2504629
  0.2541935
 0.26199492
 0.26397065
 0.26792804
 0.26844274
 0.26477664
 0.26925869
 0.26555494
  0.2693871
 0.27398411
 0.27487699
 0.28337959
 0.28215436
 0.28482871
 0.28896799
 0.28918691
 0.29403604
 0.29584203
 0.29975857
 0.30003333
 0.30247594
 0.31033121
  0.3123622
 0.31825877
 0.31333297
 0.32047757
 0.32143301
 0.32056143
 0.32247695
 0.32254584
 0.32557426
 0.33409542
  0.3356099
 0.33880816
 0.33667024
 0.34037792
 0.34354243
 0.34596295
  0.3455271
  0.3502196
 0.35099721
 0.35175707
 0.35564343
 0.35543868
 0.35569582
 0.35989252
 0.36263922
 0.36131946
 0.36717068
 0.36693479
  0.3687786
 0.36756826
 0.36576623
 0.36936774
 0.37041177
 0.36862054
 0.36549993
 0.36786441
 0.36864582
 0.37136581
 0.36700212
 0.36840579
 0.36832001
 0.37062585
 0.37314319
 0.37331746
 0.37404328
 0.37482354
 0.37445169
 0.37690785
  0.3792641
 0.38258641
 0.39169734
 0.39010983
 0.39218227
 0.39451184
 0.39676096
 0.39263952
  0.3927596
 0.39064585
 0.38808957
 0.38824667
 0.38665088
 0.38674917
 0.39383614
 0.39758347
 0.39821139
 0.40085783
 0.40346524
 0.40710998
 0.40701627
 0.40887783
 0.40663064
 0.41058185
 0.41395304
 0.41013888
 0.41042099
 0.41349451
  0.4124605
 0.41152567
 0.41173444
 0.40980542
 0.41178523
 0.40822745
 0.40520016
 0.40284466
 0.40412524
 0.40604198
 0.40340816
 0.40694013
 0.40495474
 0.40146634
 0.40410636
 0.40078817
 0.40233642
 0.40663197
 0.40219382
 0.40601095
 0.40342884
  0.4056135
 0.40278081
 0.40363987
 0.40621051
 0.40727456
 0.41169935
 0.40973794
 0.41151052
 0.41752397
 0.42296606
 0.42286616
  0.4246127
 0.42295492
 0.42283366
 0.41666039
 0.42785056
 0.42505198
 0.43002974
 0.42753418
 0.42600254
 0.43153399
 0.43203764
 0.43181879
 0.43383231
 0.43581005
 0.43777973
 0.43659484
 0.44119709
 0.43879607
 0.43950724
 0.43639198
  0.4336031
 0.43802373
 0.43974137
 0.44145047
 0.44376455
 0.43954559
 0.44212723
 0.44157903
 0.44344253
 0.44759997
 0.45124496
 0.44696894
  0.4525984
 0.44872375
 0.44202325
 0.44403694
 0.44030526
 0.43833116
 0.43547407
 0.43583533
 0.43518833
 0.43567532
 0.43761431
 0.44015345
 0.44314089
 0.44695705
 0.45730491
 0.45798184
 0.46146634
 0.46194533
  0.4620169
 0.45877193
 0.46115684
 0.46476598
 0.47232514
 0.47107019
 0.47311146
 0.47386273
 0.47643293
 0.47567235
 0.47767538
 0.47803627
  0.4799963
 0.47986242
 0.47992375
 0.47958718
 0.48491855
 0.48162838
 0.48280027
 0.48691064
 0.48521392
  0.4865483
 0.48783098
 0.48530788
 0.48523246
 0.49369528
 0.49817766
 0.50001615
 0.49851024
 0.49663901
  0.4911814
 0.49846556
 0.50463932
 0.50569769
 0.50335293
 0.50514945
 0.50706887
 0.51283313
 0.51200209
 0.50440879
 0.50897377
   0.506787
 0.50568173
 0.50907691
 0.50782662
 0.50791311
 0.51217291
  0.5070397
 0.50687885
 0.50257055
 0.50461181
 0.50286805
 0.49578036
 0.50126446
 0.50142359
 0.49792904
  0.4981114
 0.50673882
 0.50052336
 0.50154111
 0.50191426
 0.49971719
 0.50417478
 0.50425523
 0.50177699
  0.5050905
 0.50506753
 0.50937367
 0.50559499
 0.50629081
 0.50892162
 0.50861109
  0.5142392
 0.51988883
 0.51711028
 0.51775487
  0.5142395
 0.51240703
 0.51244919
 0.51800877
 0.52116687
 0.51595916
 0.51786813
 0.51747972
 0.52158966
 0.51992172
 0.52354622
 0.52377426
  0.5277512
 0.53171527
 0.53678382
 0.53392699
 0.53146491
 0.53470344
 0.53218687
 0.54301446
 0.54283573
 0.54735128
 0.54494708
 0.55326162
 0.55075975
 0.55373116
 0.55434728
  0.5557762
 0.55022585
 0.55949017
 0.55769585
 0.56109962
 0.55829799
 0.55804096
 0.55413427
 0.55553828
 0.55698442
 0.56578569
 0.56153567
 0.56571915
 0.55667778
 0.55588816
 0.55266373
  0.5529161
  0.5462966
 0.54875115
 0.55556351
 0.55534511
 0.55169652
 0.55404457
 0.55304408
 0.55437905
  0.5525848
 0.55809692
  0.5593967
 0.55751601
 0.56353447
 0.56006944
 0.56150955
 0.56230091
 0.55814554
 0.56015729
 0.55866789
 0.56306854
 0.55678556
 0.55793734
 0.56329394
 0.54922949
 0.56112132
  0.5625225
 0.56635644
 0.57982054
 0.57099307
 0.57775402
 0.57820006
 0.57008162
 0.57788916
 0.57224585
 0.56751559
 0.56882938
 0.57454819
 0.57318457
 0.59103694
  0.5932157
 0.59822367
 0.60954396
 0.61459926
 0.61616047
 0.62096553
 0.61407465
 0.62518136
  0.6346072
 0.63439034
 0.64013333
  0.6380521
 0.63430449
 0.64096935
 0.63553678
 0.63717407
 0.63528737
 0.64135925
 0.63694161
  0.6401108
 0.64311227
 0.64052211
 0.63951512
 0.63980612
 0.65243635
 0.64726999
 0.65089852
 0.65314205
 0.65151781
 0.65327995
  0.6526568
 0.64949467
 0.65283822
  0.6521653
 0.64844512
  0.6511617
 0.64629577
 0.64829966
 0.64430844
 0.64532957
 0.64743705
 0.65222331
 0.65537197
 0.65781992
 0.65297214
  0.6605915
 0.65923302
  0.6600699
 0.65159912
 0.65611038
 0.65579611
 0.65305341
 0.65108075
 0.65225031
 0.65101201
 0.64975747
 0.65076286
 0.65319008
 0.65590306
 0.65567013
  0.6595819
 0.65491528
 0.65916806
 0.65593892
  0.6587329
 0.66089556
 0.65150107
 0.65614491
 0.65502488
 0.65447814
 0.65231951
 0.64944646
 0.64453708
 0.64388526
 0.65227496
 0.65062594
 0.65268379
 0.65061913
 0.64821775
 0.64902378
 0.64572863
 0.65514848
 0.65318192
 0.65787211
 0.65497513
  0.6442767
 0.64000035
 0.63954827
 0.64415214
 0.64435089
 0.63905083
 0.64902805
 0.65049373
 0.64672088
 0.65086837
 0.65022885
 0.65370589
 0.65693458
 0.65442405
 0.65374616
 0.65429875
 0.65441716
 0.65072838
 0.65405403
 0.65387731
 0.65408529
 0.65828745
 0.65827866
 0.65420076
 0.65900558
 0.65659486
 0.65338381
 0.65142246
 0.65525516
 0.65279967
 0.65627333
 0.65436211
 0.65036037
  0.6577258
 0.65174334
 0.65168465
 0.65111009
 0.64721463
 0.64670215
 0.64783782
 0.65853707
 0.64522154
 0.65337664
 0.64433045
 0.64682085
 0.64963414
 0.64070827
 0.63476842
 0.63438273
 0.63862866
 0.64666873
 0.65121384
 0.65281063
 0.65366381
 0.65711291
 0.65508997
 0.65845661
 0.65730762
 0.65936078
 0.66027413
 0.65786856
 0.66250898
 0.66125808
 0.65957398
 0.65914799
 0.65643333
 0.65656545
 0.65677975
 0.65997203
 0.65890528
 0.66204244
 0.66170584
 0.66400262
 0.66650033
 0.66916622
 0.66650801
 0.66936519
 0.66786056
 0.67052648
 0.66869838
 0.66872941
  0.6703985
 0.66351318
  0.6677033
 0.67851129
 0.66670628
  0.6700706
 0.67541408
 0.68025015
 0.68238344
 0.68673812
 0.69406398
 0.69657905
 0.69923403
 0.70435405
 0.69726075
 0.69896844
 0.69768526
 0.69969979
 0.70403357
 0.70437749
 0.70518001
 0.69700417
 0.69497669
  0.6928048
 0.69804635
 0.70024407
 0.69763981
 0.69469257
 0.69562692
 0.69685871
 0.70481861
 0.69592374
 0.69865472
 0.70188737
 0.69439377
 0.70299829
 0.69900813
 0.70099082
  0.6945829
 0.69530411
  0.6988326
 0.70269744
 0.69820447
 0.69922228
 0.69915727
 0.69703105
 0.69237659
 0.69276927
 0.69416597
 0.69714266
 0.70046386
 0.70613295
 0.71038715
 0.71359151
 0.70866996
 0.71383626
 0.72030141
 0.72405573
 0.71803595
 0.72416824
  0.7194879
 0.71490331
 0.71763788
 0.71864342
 0.71639848
 0.71541611
 0.71910183
 0.72670901
 0.72401964
 0.72042949
 0.71936545
  0.7246932
 0.72760867
  0.7284625
 0.72804684
 0.72320868
 0.72804225
 0.72263921
 0.72136397
 0.72335243
 0.72182736
 0.71284635
 0.72050743
 0.72508366
 0.72649663
 0.72480067
 0.72562492
 0.73449934
 0.73469262
 0.73129195
 0.72446297
 0.71840348
 0.71637851
 0.72222093
 0.72268297
 0.72563568
 0.72273449
 0.71857644
 0.71977395
 0.71820462
 0.71943093
  0.7092984
 0.71482537
 0.71541254
 0.70030592
 0.70418046
 0.69675951
 0.72936854
 0.71951584
 0.72535761
 0.71111468
 0.71045485
 0.71301286
 0.71667998
 0.71683903
  0.7167582
 0.71949174
  0.7167844
  0.7256676
 0.72379932
 0.72662417
 0.72834709
 0.72724959
 0.72526779
 0.73065409
 0.72983706
 0.72469349
 0.72568781
 0.72548205
 0.71887324
 0.72615785
 0.72484897
 0.72827693
 0.73228325
 0.73508565
 0.73768177
  0.7387847
 0.73003089
 0.72573235
  0.7223684
 0.72139947
 0.72821665
 0.72683606
 0.72618031
 0.73116427
 0.73350034
 0.72807962
 0.72593573
  0.7323214
   0.733997
 0.73927085
 0.73800967
  0.7308895
 0.73459868
 0.73703201
 0.73713367
 0.73137108
 0.74180497
 0.74439901
 0.74680878
 0.74888029
 0.73805997
 0.74729348
  0.7434856
 0.73864629
 0.73030087
 0.74114298
  0.7357931
 0.73025481
 0.72856126
 0.73535435
 0.73586278
 0.72848859
 0.72483309
 0.74437117
 0.74283203
  0.7550914
 0.75173869
 0.75819431
  0.7537378
 0.75238953
 0.75066107
 0.75359178
 0.75488583
 0.74565314
 0.74242493
 0.75595085
 0.75779844
 0.76333513
 0.75630613
 0.75932508
 0.75397009
 0.75536127
  0.7533951
 0.75022229
 0.74116907
 0.73835669
 0.73325575
  0.7389431
  0.7315412
 0.74775844
 0.74410862
 0.74662723
 0.74011756
 0.73961672
 0.73511667
 0.73919647
 0.74224716
 0.74329007
 0.73815102
 0.74096387
 0.73903545
 0.74019847
 0.74268564
 0.74163771
  0.7328191
 0.73204416
 0.73636827
 0.73095954
 0.73591465
 0.74390623
 0.74572815
 0.75107169
 0.75698826
 0.74721763
 0.74968903
 0.74435627
 0.74614923
 0.75013807
 0.74934186
 0.75557595
  0.7629715
 0.75669363
 0.76343105
 0.75353877
 0.75278318
 0.75448061
 0.75764646
 0.75292863
 0.75132465
 0.74908924
 0.73584571
 0.73381005
 0.74204533
 0.74206526
 0.74574486
 0.74448371
 0.74021761
 0.74360253
 0.74433592
 0.74249656
  0.7371781
 0.74934625
 0.75636037
 0.75455095
 0.75282947
 0.75394647
 0.75309969
 0.75464247
 0.75211621
 0.75504951
  0.7519763
 0.75406476
 0.75207022
 0.75495971
 0.75194071
 0.75119598
 0.75693589
 0.75650252
 0.75683389
 0.76022833
 0.76362614
 0.77124545
 0.76870427
 0.76980084
 0.76983995
 0.77072612
 0.76984803
  0.7696671
 0.76453671
 0.75910518
 0.77219896
 0.77412258
  0.7739489
 0.77620701
 0.77699586
 0.77831199
 0.77560171
  0.7758251
 0.77561739
 0.77779004
 0.77587187
 0.77833585
 0.77639703
 0.77333453
 0.77381543
 0.77012767
 0.76898477
 0.76839016
 0.77325194
  0.7736877
 0.78154005
 0.77945269
 0.77835881
 0.77048409
 0.76781921
 0.77085808
  0.7697847
 0.76303888
 0.76466047
 0.76276117
 0.76168168
 0.76406102
 0.75740427
 0.75684124
 0.74646577
 0.74355126
 0.75269889
 0.74369851
 0.73457001
 0.72146452
 0.72891585
 0.73239631
 0.73947617
 0.73673634
  0.7394707
 0.74700145
 0.74673322
 0.74706355
 0.74749955
 0.74093654
 0.73632862
 0.72942432
  0.7291097
 0.71622231
 0.71403293
 0.71346117
 0.72010205
 0.73731081
 0.74392261
 0.75152317
 0.75446995
 0.73446082
 0.73717848
 0.74709481
 0.75154502
 0.76302229
 0.74868898
 0.76229472
 0.77365467
  0.7790975
 0.79124231
 0.80270361
 0.80760523
  0.8015798
 0.80249995
 0.80597802
 0.80283053
 0.80282606
 0.80227087
 0.80276593
 0.80461605
 0.79482552
 0.80148582
 0.80807674
 0.80441831
 0.79995445
 0.80063655
 0.80462609
 0.80206405
 0.80768137
 0.80166241
 0.80456083
 0.80459704
 0.80695281
 0.80683738
 0.79861001
 0.79728275
 0.79611256
 0.80077996
 0.79904591
   0.805881
 0.80418955
 0.80461366
 0.80652273
 0.81075655
 0.81295061
 0.80889564
 0.81101792
 0.81069911
 0.81231949
 0.81558112
 0.81681544
 0.81251755
 0.80044274
 0.79157011
 0.78463439
 0.78679468
  0.7809194
 0.77490628
 0.76551156
 0.75825173
  0.7638016
   0.764533
 0.75027992
 0.75194318
 0.74692923
 0.74295155
 0.74537464
 0.73783141
 0.74862967
 0.74236288
 0.74484034
 0.75465947
 0.75917606
 0.76427392
 0.77304298
 0.78252678
 0.78304546
 0.77451862
 0.77552828
 0.77241494
 0.78399807
 0.77819279
 0.77361756
 0.76421764
 0.76887258
 0.76677277
 0.77116858
 0.76571341
 0.77458292
 0.77049626
 0.77089348
 0.77141144
 0.77492517
 0.77975694
  0.7667997
 0.76874963
 0.77821334
 0.78103042
  0.7771035
 0.77502146
 0.76436665
 0.77290389
 0.77865789
 0.78952151
 0.77985547
 0.79800875
 0.79690681
  0.8043672
 0.79590672
 0.80334834
 0.80727601
 0.81831653
 0.82860397
 0.82191528
 0.81428097
 0.81000169
 0.81046832
 0.79648815
 0.80076912
 0.79820997
 0.80680729
 0.81650143
 0.81910709
 0.82780953
 0.82603111
 0.83085976
 0.82803615
 0.82850407
 0.83576693
 0.83387954
 0.83519721
 0.83143173
 0.82573263
  0.8265939
 0.82581401
 0.83943993
  0.8437342
 0.84211544
 0.84473502
 0.83440715
 0.83595743
  0.8320219
 0.83738359
 0.83672409
  0.8374831
  0.8421717
 0.84508202
  0.8443036
 0.84676203
 0.84733857
 0.84586742
 0.85003336
 0.84676671
 0.84324299
 0.84045937
 0.84619518
 0.84849369
 0.85022465
 0.84925059
 0.85330841
 0.85028093
 0.84955902
 0.84813861
 0.85033167
  0.8533877
 0.84959868
 0.84855987
 0.84626001
 0.85035531
 0.85340337
 0.85123299
 0.85039708
 0.85154402
 0.85055519
 0.84845095
 0.85382607
 0.85443722
 0.85067116
 0.85264943
 0.85244764
 0.85459472
 0.84924531
 0.84827117
 0.83995269
 0.85299867
 0.85748649
 0.85343431
 0.85820553
 0.86043711
 0.86266226
  0.8624873
 0.86001667
 0.86015323
 0.85533596
 0.85748432
 0.85718453
 0.85235775
 0.85297426
 0.85343138
  0.8487107
 0.85324495
 0.85295211
 0.85812844
 0.85726143
 0.85710452
 0.85920472
 0.86073031
 0.86270707
 0.86106299
 0.85644379
  0.8593629
 0.85645151
 0.85416877
 0.85569037
 0.85434119
 0.85489953
 0.85431248
 0.85059042
 0.84865475
 0.84607747
 0.84298928
 0.84931394
 0.85193922
 0.85702568
 0.85270504
 0.85397524
 0.85084499
 0.83897308
 0.84515888
 0.84063596
 0.84310025
  0.8499478
 0.84028178
 0.84072574
 0.84114307
 0.84116008
 0.83719855
 0.83710691
 0.83649754
 0.83163531
 0.82483998
  0.8150661
 0.82712226
 0.82789559
 0.83126795
 0.82521462
 0.83102914
 0.84180502
 0.84490986
 0.85412638
  0.8562188
 0.86121935
 0.85627076
 0.86348556
 0.86519733
 0.85820826
  0.8581371
 0.86809646
 0.86518107
 0.86372421
 0.86946314
 0.86927832
 0.87084012
 0.87163184
 0.87173151
 0.87073641
 0.86938985
 0.86002393
 0.86290867
 0.85848681
 0.85765064
 0.85456709
 0.86361147
 0.86426063
  0.8644414
 0.86253133
 0.85652631
 0.85501276
 0.85289291
 0.85883072
  0.8556841
 0.85451754
 0.84835462
 0.84310424
 0.85078849
 0.84954703
   0.850637
 0.84892444
 0.84603716
 0.84900871
 0.85289286
 0.85278871
 0.85564468
 0.85482997
 0.85298564
 0.85290117
 0.85334503
 0.85476146
 0.85349808
 0.85658026
 0.85538846
 0.85190456
 0.84822259
 0.85081934
 0.84681174
 0.84631651
 0.84470307
 0.84336955
 0.84380165
   0.831079
 0.82927793
 0.82546398
  0.8337685
 0.83083672
 0.83913464
 0.83770247
 0.84214878
 0.84162999
 0.83547258
 0.83226394
 0.83238633
 0.82797072
  0.8252023
 0.82971436
 0.82745574
 0.83352841
 0.82716378
 0.82852789
 0.83460064
 0.83658446
 0.83796355
 0.83914379
 0.84026513
 0.84396209
 0.84298317
 0.84670366
 0.84882761
 0.85105726
 0.85519914
 0.85204186
 0.85869418
 0.85786526
 0.85715205
 0.85403676
 0.85734366
 0.86269815
 0.86168361
 0.86360372
 0.85879237
 0.85833297
 0.85810385
 0.85603672
  0.8522657
 0.85579381
 0.86081125
 0.86182603
 0.86306033
 0.85803801
 0.86022224
 0.86679714
 0.86262086
 0.86392265
  0.8721727
 0.86282469
 0.85616216
 0.85020502
 0.85640622
 0.84385184
 0.84847427
 0.83882708
 0.84325484
 0.84060993
 0.84259962
 0.84667225
 0.85003069
 0.85050613
 0.86086737
 0.85192528
 0.84240348
 0.84014707
 0.84190496
 0.84227199
 0.84940661
 0.84268332
 0.85151573
 0.85144585
  0.8514326
 0.85385238
 0.85089344
  0.8413631
 0.83261761
 0.82136173
 0.82606537
 0.83698464
 0.84719141
 0.84974194
 0.84659502
 0.83911259
 0.83912682
 0.84155128
 0.84777887
 0.85457135
 0.85083804
 0.85849907
  0.8665942
 0.86337856
 0.86799514
 0.87410051
 0.87614389
 0.88410007
 0.88525987
 0.88757615
 0.87924369
 0.87935882
 0.88325599
 0.88704997
 0.88806301
 0.88747736
 0.88831011
 0.88821535
 0.89670516
 0.89541101
 0.90437536
 0.90138654
 0.90764038
 0.91055646
 0.90858163
 0.91273767
 0.90685961
 0.91354557
  0.9071778
 0.91353116
 0.91469914
 0.91309179
 0.91242031
 0.90742861
 0.90524254
  0.9007997
 0.89682995
 0.89600587
 0.88909599
 0.88539969
  0.8961246
 0.89595454
 0.89093652
 0.89163514
 0.89273534
 0.90139804
 0.89579836
 0.88617914
  0.8865345
 0.88145906
  0.8885024
 0.88451108
 0.87872249
 0.88103995
 0.88622364
 0.89520833
 0.89550836
 0.89289736
 0.89085848
 0.89846318
 0.89562371
 0.88847156
 0.88404336
 0.88581806
 0.88634271
 0.88666338
 0.87928016
 0.86390783
  0.8713066
 0.86898988
 0.85756787
 0.86625674
 0.87330623
 0.88154448
 0.88388393
  0.8796814
 0.88255893
 0.87715072
 0.87684466
 0.87515433
 0.86987693
  0.8683026
   0.873855
 0.87167388
 0.86908183
 0.85927186
 0.86644167
 0.87807023
 0.88521486
 0.88762115
 0.89154063
 0.90119851
 0.89304442
 0.89958751
 0.90425385
 0.90997093
 0.91262646
 0.91756467
 0.92114847
 0.92278096
  0.9228399
 0.92442865
 0.92422525
 0.92598187
 0.92475284
 0.91725309
 0.91768372
 0.91629001
 0.92055657
 0.91708452
 0.92146314
 0.91994536
 0.92084531
 0.92162517
 0.91683128
 0.91112444
 0.91238562
 0.91361923
 0.91521376
 0.91005136
 0.90861911
 0.91609021
 0.91833635
 0.91915324
 0.92223711
 0.92287622
 0.92410148
 0.91763379
 0.91746828
 0.91386152
 0.91410703
 0.91072738
 0.91272453
  0.9159392
 0.91474105
 0.91034692
 0.91461405
 0.90760144
 0.90763972
 0.91291037
  0.9073122
 0.90242471
 0.90695154
 0.90771568
 0.90581832
 0.90670291
 0.90677203
 0.90805366
 0.90448037
 0.89805657
 0.89242096
  0.8947439
 0.89685705
 0.89946353
 0.90944358
 0.91824899
 0.92670435
 0.93429627
 0.93260195
  0.9312662
 0.93785976
 0.93390948
 0.93079783
 0.92105002
   0.922797
 0.91542104
 0.90001915
 0.89481686
 0.88960199
 0.88970086
 0.88283151
 0.87510265
 0.87032432
 0.86945652
 0.86993688
 0.86240861
 0.86770808
 0.86169989
 0.86549706
 0.86414412
 0.86728078
 0.86904654
 0.86458744
 0.86918431
 0.87130716
 0.86740992
 0.87505197
 0.87075001
 0.87409898
 0.87385114
 0.87959017
 0.87091683
 0.86481626
 0.85668817
 0.86425072
 0.87031986
 0.87366618
 0.87098598
 0.87838709
 0.87708789
 0.88267615
 0.88952309
 0.89917043
 0.89754315
 0.88181625
 0.89352152
 0.88224406
 0.87734732
 0.88216657
 0.87680121
 0.88357117
 0.88167316
 0.88410265
  0.8900679
 0.88727414
 0.89029194
 0.88786016
 0.88769226
 0.88980645
 0.88689145
 0.88421546
 0.88054993
 0.88030957
 0.87982458
 0.87713038
 0.86418208
 0.86759331
 0.85964179
 0.87113575
 0.87603786
 0.87769808
 0.87839785
 0.88499255
 0.87922927
 0.88923646
 0.88127093
  0.8824962
  0.8889147
 0.89051543
 0.89547167
 0.89233494
 0.89117768
 0.89107598
 0.88420636
 0.88587402
 0.89033055
 0.89120345
 0.88959823
 0.88489649
 0.88720465
 0.88425436
  0.8830121
 0.87985943
 0.87906655
 0.88231982
 0.88194345
 0.88314457
 0.87680117
 0.87082972
 0.86817222
  0.8666865
 0.88054547
 0.88166393
 0.88256536
 0.88255331
 0.88456236
 0.88691871
 0.88573589
 0.88830232
 0.88156701
  0.8872899
 0.88409197
 0.87862806
 0.87837876
 0.87635684
 0.87699913
 0.87860239
 0.87725344
 0.88388858
 0.87649142
 0.87635313
 0.87128575
 0.87474363
 0.86990072
 0.87615413
 0.87159836
  0.8761946
 0.86789088
 0.87213401
 0.86905328
 0.86434878
 0.85888119
 0.87079506
 0.87523022
 0.87731775
 0.88138589
 0.89353321
  0.8804734
 0.88604699
 0.88889232
 0.88180189
  0.8818172
 0.88301191
 0.89076732
  0.8901252
  0.8925339
 0.89370495
  0.8922588
 0.89704087
 0.90012645
 0.89688485
 0.89405269
 0.89593182
 0.89646895
 0.89456486
 0.89694256
 0.90521708
 0.90687896
 0.90139843
 0.90311333
 0.89698835
 0.90140188
 0.89686448
 0.90524767
 0.90949095
 0.90766604
 0.90732885
 0.90259198
 0.90081576
 0.90232791
 0.90431674
 0.90002008
 0.89786066
 0.90046434
 0.89817949
 0.89580058
 0.89739895
 0.89065009
 0.89427952
  0.8969554
 0.90527099
 0.90576611
 0.90556677
 0.89754103
 0.88393867
 0.87525389
 0.86721612
 0.86140135
 0.86220001
  0.8574437
 0.86716555
 0.85342069
 0.86283105
 0.87790471
 0.87136231
 0.87675608
 0.87354722
 0.86822457
 0.87252432
 0.87095928
 0.87742879
 0.87251688
 0.86844246
 0.87944375
 0.85868577
 0.85837483
 0.86268016
 0.86260006
 0.86332148
 0.86474621
 0.85349871
 0.85367436
 0.84148604
 0.83577061
 0.83687841
 0.82540329
 0.80781871
 0.82389315
 0.82588521
 0.81868915
 0.82817098
 0.81303144
 0.81125808
 0.81616033
  0.8326904
 0.82510906
 0.81659673
 0.82074018
 0.83582689
 0.82545848
 0.82977336
 0.82687387
  0.8262692
 0.82941834
  0.8378694
 0.82886226
 0.82140579
 0.81965661
 0.82623988
 0.82428117
  0.8313764
 0.83687983
 0.83713183
 0.83048921
 0.83610845
 0.84356124
 0.82943707
 0.82742249
 0.84147421
 0.84264669
 0.84594345
 0.84192425
 0.83882612
 0.84091586
 0.85596962
 0.84720208
 0.84736664
 0.83920994
 0.84571104
 0.84921352
 0.84635366
 0.84353288
 0.85510819
 0.85881302
 0.85765581
 0.85852517
 0.86403674
 0.86013613
 0.85364244
 0.84630572
 0.83169648
 0.81777786
 0.82023559
 0.82676886
 0.85283123
 0.87291306
 0.86703529
 0.86355547
 0.84850021
 0.84809583
 0.83247951
 0.83549805
 0.81993774
  0.8180646
 0.81723496
 0.80637479
 0.80208585
 0.79675615
 0.79800507
 0.80360153
 0.80422339
 0.81647313
 0.81191318
  0.8151233
 0.80634044
 0.80559555
 0.79393916
 0.78648728
 0.79172068
 0.80131309
 0.78957241
 0.79681328
 0.79663715
 0.80246347
 0.80673886
 0.80889437
 0.80868853
 0.80453187
 0.81265148
 0.81343131
 0.81646531
 0.81104453
 0.81572425
 0.81301703
 0.80622735
  0.8030575
 0.80152791
 0.80615286
 0.80112815
 0.80556801
 0.80873074
 0.81288528
 0.81143279
 0.80923083
 0.81281021
 0.81728626
 0.81737136
 0.81546212
 0.81160989
 0.81414914
 0.81539387
 0.81300435
 0.81306198
 0.81393507
 0.81110634
 0.81366964
 0.81735469
 0.81706797
 0.81270153
 0.81434233
 0.81192231
 0.81148513
 0.80937168
 0.81318449
 0.81458012
  0.8147443
 0.81170881
 0.80983239
 0.80909226
 0.80758933
 0.80938543
 0.80777186
 0.81009715
 0.80897965
 0.80328488
 0.80771872
 0.80303527
 0.81003349
 0.79483081
 0.79646368
 0.80486826
 0.80944644
 0.82185432
 0.81877332
 0.82171079
 0.82757188
 0.83352836
 0.83501915
 0.82800752
 0.83756625
 0.84113458
 0.82929897
   0.827944
 0.83314459
 0.83457597
 0.82946617
 0.83148429
  0.8327446
 0.83914819
  0.8383922
 0.83731268
 0.82598113
 0.83562561
 0.82577368
 0.83427944
  0.8383853
 0.83568044
 0.84269503
 0.83349569
 0.84203602
 0.82596383
 0.83822858
 0.83574797
 0.82863575
 0.82460363
 0.83263842
 0.83874176
 0.84394405
 0.83976176
 0.84435357
 0.84507107
 0.85179408
 0.84972191
 0.86989681
 0.86730131
 0.87306385
  0.8726337
 0.87137232
 0.86937452
 0.86312834
 0.85949705
 0.85678598
 0.85771691
 0.85925439
  0.8664441
 0.86296618
 0.85884098
  0.8670965
 0.86946875
 0.87215457
 0.86278872
  0.8616356
 0.86424615
  0.8560093
 0.86563031
 0.86311046
 0.86874006
 0.86651131
 0.87245504
 0.87102971
 0.87252765
  0.8732828
 0.87940353
 0.86990923
 0.87014142
  0.8671117
  0.8628043
 0.86847298
 0.87205327
 0.86683868
 0.87491824
 0.87416062
 0.87253687
  0.8692312
 0.86776338
 0.86506535
 0.87203352
 0.86456678
 0.86224264
 0.86382983
  0.8645023
 0.86513137
 0.86909276
  0.8712463
 0.86955638
 0.86616614
 0.86060875
 0.86424665
 0.86739023
 0.86745517
 0.85743888
 0.86247971
 0.86332565
 0.85853065
 0.86188786
 0.85768814
 0.85756842
 0.86041108
 0.86275713
 0.86600396
 0.87398624
 0.87101416
 0.86116625
 0.85571426
 0.85858381
  0.8651908
 0.85716816
 0.86250579
 0.86122689
 0.85765534
 0.84939191
 0.85318173
 0.85426757
 0.86722459
 0.86107555
   0.866679
 0.86844699
 0.86985583
 0.86989706
 0.87621647
 0.87675817
 0.87159301
 0.86798664
 0.86767021
 0.86653887
 0.86832097
 0.86777609
 0.86688503
 0.87168689
 0.87141401
 0.87746297
 0.87608603
 0.87957096
 0.87250143
 0.87284516
 0.88600823
 0.88223086
 0.87752925
 0.87693116
 0.87517471
 0.87323829
 0.87830738
 0.86615754
 0.86831652
 0.86458374
  0.8692867
 0.86440124
 0.86584147
 0.85573981
 0.85460678
 0.84813355
 0.84525167
 0.85114167
 0.85289133
 0.85331437
 0.85374044
 0.85195946
 0.86005887
 0.85737316
 0.85993305
  0.8583274
 0.85620945
 0.85791656
 0.85388505
 0.85066654
 0.84826039
  0.8478053
 0.85663792
 0.86155014
 0.86152454
 0.85744794
 0.86576587
 0.86333735
 0.86699572
 0.86528547
 0.86609645
  0.8638524
 0.86292627
 0.86632821
  0.8580165
 0.86158004
 0.86144181
 0.85699108
 0.85728743
 0.86654538
 0.86332905
 0.86245028
  0.8615267
 0.86495488
   0.870157
 0.87530336
 0.87661174
 0.87440335
 0.87213458
 0.87181032
 0.87870062
 0.88180562
 0.87998694
  0.8892668
 0.88921996
 0.89690147
   0.899951
 0.90039329
 0.90234786
 0.90041835
 0.89656347
 0.89271025
 0.89168923
 0.89107711
  0.8887267
 0.88712135
 0.89189091
 0.89030287
 0.89086284
 0.89120919
 0.89307461
  0.8887615
  0.8911533
 0.89739806
 0.89777293
 0.89404633
 0.89329549
 0.88825134
 0.88239864
 0.87679099
 0.87866909
 0.86955761
 0.86925647
 0.88430477
 0.87616724
 0.87178421
 0.87024855
 0.87364895
 0.87832456
 0.88315368
 0.87993906
  0.8753703
 0.87055783
 0.87376993
 0.87697553
  0.8770353
 0.87836887
  0.8832418
 0.87406711
 0.86779237
   0.870914
  0.8602973
 0.86397296
 0.86444103
 0.86315055
 0.86440503
 0.86567056
 0.86305747
 0.85982869
 0.85895102
 0.85732042
 0.85994271
  0.8524503
 0.85277952
 0.85521148
 0.84733063
 0.85732357
 0.85119055
 0.84355121
 0.85966535
 0.85993351
  0.8572626
 0.85858014
 0.85353178
 0.85835884
 0.85417963
 0.85685659
 0.85335853
  0.8534533
 0.84908488
 0.84056151
 0.83933526
 0.83626109
 0.84019611
  0.8397745
 0.83928362
 0.84544309
 0.84492138
 0.85583022
 0.84888865
 0.84198816
 0.85719907
 0.84728837
 0.85070865
 0.85500355
 0.83675099
  0.8424279
 0.84063815
 0.83445036
 0.83363253
 0.84368305
 0.84779637
 0.84635653
 0.84392673
 0.84115183
 0.84550967
 0.83974756
 0.83552699
 0.84440045
 0.84290722
 0.83947604
 0.84015113
 0.84373506
 0.83786544
 0.83928589
 0.84268644
 0.83929981
 0.83336907
 0.83367282
 0.82932749
 0.82916007
 0.82946895
 0.82465289
 0.81814573
  0.8189567
 0.81994993
 0.81899294
 0.82124392
 0.82183653
 0.82377271
 0.81361096
 0.81446955
 0.81395081
 0.80697359
 0.79192294
 0.79848224
 0.79045264
 0.80030264
 0.79310635
 0.79597816
 0.79737515
 0.80059516
 0.79348703
 0.79078602
 0.78849668
 0.79052635
 0.78841998
 0.78037265
 0.78730643
 0.78567857
 0.78838284
 0.79279979
 0.79133904
 0.78321449
 0.78214049
 0.79070692
 0.78914361
 0.78346537
 0.77914496
 0.77254942
 0.76717496
 0.77511698
 0.78491576
 0.79031706
 0.79069642
 0.79935405
 0.79980811
 0.80596621
 0.80589279
 0.80599927
 0.80664153
 0.81319303
 0.81042586
 0.81050939
 0.80567821
  0.8106931
 0.80243568
 0.81303022
 0.80565768
 0.81091212
 0.80399573
 0.81661664
 0.81550071
 0.81367555
  0.8201737
 0.82294023
 0.83269083
 0.82992622
 0.82986809
 0.82491041
 0.82299526
 0.81799497
 0.81510026
 0.81443302
 0.81392509
 0.80875369
 0.81116827
 0.80488567
 0.80725462
 0.80459922
 0.79731911
 0.79728737
 0.79600015
 0.79335078
 0.79984995
 0.80345539
 0.80624891
 0.79438377
 0.80203037
 0.80473466
 0.80766133
  0.8177072
 0.81628644
  0.8189725
 0.82285178
 0.81603224
 0.82032037
 0.81185519
 0.81931372
 0.81653811
 0.81255777
  0.8118857
 0.81539182
 0.81339342
 0.80872676
 0.81908066
 0.81435729
 0.81827656
 0.81974087
 0.81602708
 0.81496986
  0.8052713
 0.81022691
 0.81161011
 0.81437483
  0.8087455
 0.81193868
 0.80665172
 0.80074963
 0.79802363
 0.80314976
 0.79963609
 0.80062555
 0.80271567
 0.80091057
 0.80450493
 0.80278495
 0.79545757
  0.7964849
 0.80177707
 0.80404282
 0.80616973
 0.80363549
 0.80677422
 0.79943615
 0.80329757
 0.79417569
 0.80538701
 0.80556667
 0.80428532
 0.80440987
 0.80601564
 0.80897455
 0.80995253
 0.80947883
 0.80806976
  0.8138995
 0.81567429
 0.81500924
 0.81240413
 0.81412412
 0.80953502
 0.80315574
 0.80584132
 0.80686398
 0.80075034
 0.81371128
 0.81214052
 0.81611281
 0.81961912
  0.8184936
 0.81716881
 0.81764107
 0.82017545
 0.81359428
 0.81443753
 0.81123204
  0.8151052
 0.81695521
 0.81149036
 0.81327829
 0.81374998
 0.81798279
 0.81524182
 0.80963307
 0.81810917
 0.82058659
 0.82781285
 0.83505154
  0.8345823
 0.83870155
 0.85023603
 0.83712551
 0.83727995
 0.83042592
 0.83265637
 0.82751769
 0.83564951
 0.83815061
 0.84314157
 0.83894777
 0.83577195
 0.83600274
 0.83310636
 0.83267411
 0.84426056
 0.83946637
 0.84517887
 0.83911523
 0.84022519
 0.83437643
  0.8346072
 0.83217736
 0.83990006
 0.83797365
 0.83993645
 0.84059576
 0.84147595
 0.83436808
 0.83745812
 0.82891463
 0.82527846
 0.81470665
 0.82198479
 0.82554174
 0.82370843
  0.8330957
 0.82799995
 0.81869541
 0.82547113
 0.83211465
 0.82221103
 0.83602618
 0.83324176
  0.8399418
 0.83680193
  0.8348934
 0.83523595
 0.83787932
 0.83494852
 0.83868698
 0.83207528
 0.83363172
  0.8393022
 0.84480222
 0.85040554
 0.84730702
 0.84784728
 0.85130216
 0.84903337
  0.8470575
 0.84657444
 0.85175794
 0.84869776
 0.84763077
 0.84757355
 0.85044062
 0.84882585
 0.84601177
 0.84896942
 0.84954765
  0.8449404
 0.84303806
 0.84082191
 0.83599768
 0.83880622
 0.83828556
 0.83727325
 0.84611018
 0.84272434
 0.83831071
 0.83723983
 0.84298665
 0.83525256
 0.83110787
 0.82694458
 0.82862101
 0.82271245
 0.81718876
 0.82133147
 0.82277557
 0.81956595
 0.82270698
 0.81801164
 0.82501401
 0.81249454
 0.82230182
 0.80890477
 0.80507478
 0.81090226
 0.81243952
 0.81181446
 0.80720322
 0.80754041
 0.80905545
 0.80460893
 0.79913794
 0.80078279
 0.80196791
  0.7939564
 0.80316914
 0.79695016
 0.79163278
 0.79581135
 0.80139765
 0.80891525
 0.80451758
 0.81502369
 0.81351752
 0.81665622
 0.81959319
 0.81507498
 0.81331099
 0.82004423
 0.81456385
 0.82052745
 0.81572496
 0.81785548
 0.82296499
 0.82501671
 0.82112183
 0.82509633
 0.83794449
 0.82766061
 0.82009962
 0.82637814
 0.82116375
 0.82237753
 0.82645895
 0.82552255
 0.83418584
 0.82484507
 0.82589136
 0.82337195
 0.82215291
 0.81847694
 0.82937021
 0.83708466
 0.82957017
 0.83715611
 0.83890988
 0.84252488
 0.83983446
 0.84053787
 0.84308314
 0.84633448
 0.84285152
 0.84525219
 0.85150758
 0.84855021
 0.85449076
 0.85635152
 0.85728894
 0.85678239
 0.85622445
 0.85630456
 0.85675819
 0.85874826
 0.85739713
  0.8602649
 0.85639032
 0.86469362
 0.85879631
 0.85789532
 0.85995792
 0.85735674
 0.85227315
 0.86294233
 0.86201844
 0.87270193
 0.86483931
 0.86716813
 0.86249278
 0.86519831
 0.86401783
 0.86694285
 0.86472482
 0.87260012
 0.86831488
  0.8628987
 0.86561673
 0.86140849
 0.86418603
 0.86191844
  0.8602301
 0.85319564
 0.85602887
 0.84474165
 0.85565507
 0.85387332
 0.85906708
  0.8570447
 0.86430259
 0.86286354
 0.85759119
 0.85732872
 0.86542245
 0.86793685
 0.86643896
 0.86542825
 0.86302205
 0.87016234
 0.86385931
 0.85758626
 0.84945116
 0.85293261
  0.8586666
 0.85708306
 0.85794456
  0.8573923
 0.86851551
 0.87067504
 0.87557178
 0.87739103
 0.87767667
 0.87768685
  0.8840785
 0.88099987
 0.88343926
 0.88179775
 0.87793887
 0.87845875
 0.87837963
 0.87771936
 0.87898412
 0.87989977
 0.87722352
 0.87609159
 0.86992864
 0.87078114
  0.8648071
 0.86300647
 0.86333289
 0.86048542
 0.86957574
 0.87024168
 0.87255453
 0.86535532
 0.86218382
 0.86786576
 0.86963504
 0.86494369
 0.86287468
 0.86487695
 0.87199533
 0.87031753
 0.86882932
  0.8702604
  0.8762779
  0.8701855
 0.86405424
 0.86119972
 0.85889817
 0.86032264
 0.86519589
 0.86324999
 0.85936004
 0.86110224
 0.85506293
 0.86225783
 0.85693097
 0.85782909
 0.85547335
 0.86025435
 0.85011784
 0.85325991
 0.85526041
 0.85516102
 0.85732354
 0.86426101
 0.86709884
 0.86261131
 0.85890521
 0.85250484
 0.84970721
 0.85192196
 0.84532341
 0.84621416
 0.84293727
  0.8392404
 0.83350684
  0.8446756
 0.83702493
 0.84080711
 0.85105887
 0.85701209
 0.84957261
  0.8589629
 0.85796653
 0.85859694
 0.86419172
 0.85557888
 0.85407803
 0.86178632
 0.86441869
 0.86905968
 0.86093996
 0.86565858
  0.8600782
 0.87492314
 0.87106185
 0.87919102
 0.87318275
 0.86785767
 0.86843201
 0.86706516
 0.86761423
 0.86029013
 0.87625821
 0.87417709
 0.86691995
 0.87032371
 0.86852907
 0.87185028
 0.87658366
 0.87300278
 0.87525022
 0.86994866
 0.87546769
 0.87176803
 0.87388354
 0.86894466
 0.86817318
 0.86616331
  0.8659409
 0.86298608
 0.85477589
 0.85246983
 0.84813433
 0.84924172
 0.84955883
 0.85123349
 0.85133616
 0.85572415
 0.84426492
 0.85043605
 0.85616838
 0.85776368
 0.85967104
 0.86060556
 0.86711647
 0.86351434
 0.86232061
 0.86616184
 0.86107075
 0.86523739
 0.86054668
 0.85835639
 0.85732653
 0.85732951
 0.85620418
 0.85703992
 0.85880251
 0.85291411
 0.85215126
 0.85371437
 0.85707339
 0.86223798
 0.85749577
 0.86013826
 0.84808268
 0.85704073
 0.85905764
 0.86662818
 0.86928613
 0.86768216
 0.87525938
 0.86975666
 0.86193342
 0.86063857
 0.86019513
 0.84869512
 0.84684953
 0.84508587
 0.84177744
  0.8460711
 0.83863666
 0.85057231
 0.83554377
 0.84141978
 0.82605917
 0.82293226
 0.84212984
 0.83696219
 0.82197173
 0.81816079
 0.83278014
 0.82589685
 0.80848728
  0.8168275
 0.83360985
 0.82108854
 0.82537315
 0.82719265
  0.8183861
 0.81742227
 0.83186807
 0.80840313
 0.82352566
  0.8167716
 0.81433782
  0.8183036
 0.80840218
 0.82539467
 0.81802946
 0.80574952
 0.80993904
 0.82714137
 0.82362543
 0.82744756
 0.84088257
 0.84498488
 0.84193449
 0.82752899
 0.82291826
 0.80978732
 0.80863366
 0.81043232
 0.82659057
 0.80999554
 0.81787004
 0.82659525
 0.81262684
 0.82517845
 0.82697918
 0.81062137
 0.81335865
 0.83880308
 0.83866211
 0.84221704
  0.8357428
 0.82726279
 0.83717356
 0.83912846
 0.84489181
 0.84989234
 0.84063451
 0.85616746
 0.84049869
 0.84874847
 0.84813278
 0.83488658
  0.8206942
 0.82176127
 0.82443904
  0.8258087
 0.81931696
 0.83837816
 0.83607179
  0.8358667
 0.85149057
 0.84454376
 0.85406455
 0.85650691
 0.85152148
 0.85565213
 0.85519904
 0.84563256
  0.8500956
 0.83805606
 0.84132672
 0.85810385
 0.85450352
 0.86350101
 0.85982344
 0.85487328
 0.85024747
 0.84592876
 0.84994544
  0.8496327
 0.84819353
 0.84268605
 0.84259915
 0.83789476
 0.84890307
 0.84485594
 0.85122807
 0.84887273
 0.84578111
 0.83970735
 0.83418398
 0.85349595
 0.83596774
 0.85423331
  0.8490498
 0.83188084
 0.84246918
 0.82487116
 0.82327871
 0.82364912
 0.83219504
 0.82102612
 0.83048588
 0.82451689
 0.82021655
 0.82600216
 0.80352492
 0.80107847
  0.8111419
 0.82004929
 0.82342528
 0.82616198
 0.83653101
 0.83761162
 0.82802454
 0.82996407
 0.83144013
 0.82801542
 0.82673875
  0.8220059
 0.83020091
 0.82377917
 0.82023899
 0.82243241
 0.82580847
 0.82263151
 0.83048986
 0.83112377
 0.82845766
 0.82172459
 0.81884675
 0.81742756
 0.81424828
 0.81977361
 0.82085447
 0.82941904
 0.81654477
 0.83325533
 0.82190358
 0.82537784
 0.81302522
 0.80512257
 0.80487534
 0.80971066
 0.81412853
  0.8169405
 0.81188051
 0.82135149
 0.81609023
 0.82536145
 0.83448379
 0.81852201
 0.82657432
 0.83156323
 0.83619371
 0.83458175
 0.84056625
  0.8321601
 0.84035265
 0.83946072
 0.84548205
 0.84689855
 0.84019865
  0.8500662
 0.83901578
 0.84461752
 0.83715174
 0.84078579
 0.84208593
 0.84944042
 0.83780918
 0.84201683
 0.84186737
 0.84491216
 0.84025464
 0.83607882
 0.83476304
   0.836082
 0.83351337
 0.82485351
 0.81758713
 0.81363709
 0.82340028
 0.82370802
 0.82396234
 0.82949717
 0.82887815
 0.83939707
 0.82760311
 0.82291703
 0.81940834
 0.81617173
 0.81830303
 0.81965517
 0.81992603
 0.82254428
 0.82425893
 0.81196052
 0.81250418
  0.8138975
 0.81901289
  0.8193023
 0.81271426
 0.82334459
 0.82728291
 0.82814253
 0.82719254
 0.83289512
 0.84139909
 0.84295557
 0.83976895
 0.83607066
  0.8413064
 0.83768855
 0.83005685
 0.82927188
 0.83421615
 0.83231463
 0.82591474
 0.82445082
 0.82492444
  0.8303914
 0.83242039
 0.83354815
 0.83204665
 0.83225485
 0.82810293
 0.82582465
 0.82502524
 0.81466068
 0.81815773
 0.81330492
 0.81544065
 0.81135366
 0.82062973
 0.82022227
  0.8226407
 0.82536948
 0.82112067
 0.82518437
 0.82359548
 0.82070121
 0.82052652
 0.81467714
 0.81341711
 0.81070768
   0.805087
 0.79693289
 0.79807936
 0.79550819
 0.79926448
 0.80936692
 0.80888529
 0.80573802
 0.80430099
 0.80692076
 0.80201405
   0.796343
 0.79553308
 0.79865464
 0.80314867
 0.80301768
 0.80574686
 0.81060318
  0.8024982
 0.80963843
 0.80639375
 0.80219599
 0.80442691
 0.81031738
 0.80647482
 0.80931714
 0.80767572
 0.81575748
 0.81483698
 0.81136449
 0.80627386
 0.81105919
 0.80693269
 0.80743918
 0.80898503
 0.80374769
 0.80681342
  0.8014362
 0.80644224
  0.8041329
 0.80504154
 0.80212801
 0.79479329
 0.79401328
 0.79006247
 0.79484197
 0.80360893
 0.79651658
 0.80308846
 0.80009641
 0.80646179
 0.80190951
 0.80114345
 0.79672804
  0.7974941
 0.80015644
 0.80327128
 0.80403991
 0.80126997
 0.80243325
   0.798553
 0.80052373
 0.79638032
 0.79884853
 0.79749375
  0.7996545
 0.79797665
 0.79989208
 0.79604239
 0.78680459
 0.78760981
 0.78644517
 0.78512842
 0.77958503
 0.78645139
 0.79085147
 0.79053217
 0.78898455
 0.78911112
 0.78873788
 0.78903834
 0.79586472
 0.79384285
 0.79330054
  0.7940185
 0.79171317
 0.79274105
 0.79119892
 0.79137549
  0.7972629
 0.80130442
 0.80223356
  0.8039935
 0.80210777
 0.79947253
 0.81184456
 0.81597049
 0.80862571
 0.81267403
 0.81191791
  0.8118772
 0.81306899
 0.82122313
  0.8178762
 0.82060879
  0.8129866
 0.81409274
 0.81354919
 0.81064295
 0.80804688
 0.79795405
  0.7928373
 0.79074051
 0.79674301
 0.79842861
 0.80411118
 0.80657897
 0.80413447
 0.79976843
 0.79781842
 0.79656856
 0.80415755
 0.80687977
 0.81263638
 0.81845494
 0.82080019
 0.81788099
 0.81787346
 0.82457472
  0.8249587
 0.82730858
 0.82932551
 0.81765568
 0.81663291
 0.81383135
 0.81845821
 0.81231924
 0.80726248
 0.80884248
 0.80739796
  0.8097957
 0.80853369
 0.80373794
 0.80618541
 0.80432458
 0.79995981
 0.80444755
  0.8072356
 0.80787991
 0.81086888
 0.81157586
 0.81167554
 0.81246237
 0.81509471
 0.81657811
 0.81118289
 0.81159626
 0.81025933
  0.8034598
 0.81127356
 0.81462475
 0.82051654
 0.81881998
 0.82263416
 0.82796579
 0.82933249
 0.82378632
 0.82159234
 0.82353719
 0.82257372
 0.81912157
 0.82289331
 0.81498975
 0.82093605
 0.82125915
 0.81492335
 0.81184859
  0.8113351
 0.81372785
 0.81119217
 0.80494489
 0.80981261
 0.81261753
 0.80860038
  0.8055359
 0.81099138
  0.8123802
 0.80269771
 0.80438789
 0.80659631
 0.81006985
 0.81047514
 0.79937614
 0.80378452
 0.81281719
 0.81556268
 0.81216962
 0.80705474
 0.80414797
 0.80640731
 0.80170081
 0.79947833
 0.80052089
 0.79936045
 0.79506178
 0.79399639
 0.79640301
 0.79618632
 0.79829897
  0.8000324
 0.79858876
  0.7976294
 0.78966215
 0.78894651
 0.79392924
 0.79545284
 0.78903916
 0.78568005
 0.78837528
 0.79374126
 0.79566984
 0.79456438
 0.79264208
 0.79447987
 0.80248914
 0.80426768
 0.80292283
 0.80592897
 0.81170786
 0.81455618
 0.81873714
 0.81986131
 0.80516643
 0.80362101
 0.80020609
 0.80875308
 0.81575071
 0.81976602
 0.82009796
 0.82084895
 0.81870411
 0.81107505
 0.80236927
 0.79798606
 0.79401678
 0.80016637
 0.80017182
 0.79692618
  0.7902319
 0.79020865
 0.78246602
 0.78160088
 0.78609533
 0.78559316
  0.7933038
 0.80002141
 0.80257292
 0.80063221
 0.80284394
  0.8056696
 0.80066203
 0.79663459
 0.79943478
 0.79552821
 0.80034889
  0.7933039
  0.7969411
  0.8056778
 0.80837722
 0.80695162
  0.8077582
 0.80693227
 0.80023582
 0.80414082
 0.79862584
 0.79788105
 0.78667642
 0.78370432
 0.78529064
 0.79060055
 0.78154149
 0.81136718
  0.7954332
 0.78601214
 0.78164109
 0.77615929
 0.77910541
 0.78089459
 0.77774967
 0.78133214
  0.7877584
 0.78956182
 0.79710901
 0.80004663
 0.79526841
 0.79415681
 0.79408352
 0.79610642
 0.80192454
 0.79197197
  0.7998967
 0.79473252
 0.79802728
 0.79309905
 0.78479466
 0.79233079
 0.78010798
 0.79325307
 0.79699227
 0.79211097
 0.78052994
 0.78067128
 0.77151005
 0.77081316
 0.76731229
 0.77429607
  0.7602028
 0.75532371
 0.74771993
 0.74976649
 0.76134785
 0.77807176
 0.77826686
 0.79318038
 0.79868359
 0.80961054
  0.8014998
 0.80220866
 0.80580702
 0.79479468
 0.80629034
 0.79519951
 0.79340277
 0.79298448
 0.78707301
 0.79081504
 0.78427313
 0.78406171
 0.78829853
 0.77817395
 0.76853342
 0.76829254
 0.77459612
 0.76517877
 0.77810052
 0.77870802
 0.79174408
 0.80155854
 0.79282484
 0.79023254
  0.7923664
 0.78310256
 0.79734686
 0.79164219
 0.79161531
  0.7978494
 0.79493551
 0.79807911
 0.80900725
 0.80206852
 0.79637784
 0.80132616
 0.79705506
 0.80504188
  0.7961192
 0.79596405
 0.79102933
 0.79104687
 0.77786721
 0.78192573
 0.78777229
  0.7777446
 0.77130937
 0.75652768
 0.75438026
  0.7465778
 0.76235582
 0.75628244
 0.75077405
 0.75169954
 0.75312416
 0.75406897
  0.7510098
 0.74798588
 0.75250903
 0.74696798
 0.75258954
  0.7529369
 0.75624474
 0.76328239
 0.76811161
 0.77350665
 0.76716177
 0.76598053
  0.7646384
 0.76533128
 0.77269046
 0.77159024
 0.77307824
 0.77236477
 0.78464548
 0.78335911
  0.7841216
 0.77794573
 0.76947134
 0.77566491
  0.7796743
 0.78341961
 0.78534891
 0.79468159
 0.80298016
 0.79903654
 0.79970412
 0.80921395
 0.80722257
 0.80890645
 0.81528208
 0.81101682
 0.80729229
  0.8048728
 0.80450204
 0.79257791
 0.79547813
 0.79726722
 0.79469243
 0.79648621
 0.79777723
 0.80270668
 0.80299578
 0.79515366
 0.79331556
 0.79048522
  0.7965558
 0.79386268
 0.80317031
 0.80733924
 0.79366541
 0.80227237
 0.79208247
 0.78635872
 0.78807381
 0.78386802
 0.79061275
 0.79053153
  0.7968522
 0.79319962
 0.78270018
 0.77943204
 0.77546085
 0.77024324
 0.77560555
 0.77213005
 0.77131653
  0.7721158
 0.76549652
 0.77681779
 0.77752572
 0.77202637
   0.772699
 0.77153729
 0.77728109
 0.76835915
 0.77318289
 0.76848681
 0.76896519
 0.77108418
 0.77903677
   0.770666
  0.7812215
 0.77598424
 0.78036596
 0.78018725
 0.77942674
 0.78350933
 0.78062956
 0.78338801
 0.78517893
 0.78814068
 0.77820874
 0.78326173
 0.78332431
 0.79095879
 0.79127976
 0.79020774
 0.78965861
 0.79265342
 0.78149561
 0.78719369
 0.79022975
 0.79061671
 0.79658232
 0.80128379
 0.79810857
  0.8057872
 0.80311767
  0.8115108
 0.81400564
 0.81585555
 0.81525781
 0.81521208
 0.81265439
 0.81543132
 0.81991103
 0.82149609
 0.81468076
 0.82047461
 0.81349175
 0.81274561
  0.8077531
 0.81581601
 0.81379629
  0.8118486
 0.81240572
 0.81068063
 0.81127484
 0.81366193
 0.81370095
 0.80276762
 0.80732405
 0.80971454
 0.80399705
 0.80468947
 0.80368435
 0.80185871
 0.80321429
 0.79984469
 0.80328633
 0.80512078
 0.80768526
 0.80375239
 0.80936324
 0.80768926
 0.80689507
 0.80379625
 0.80167921
   0.803841
 0.80357176
 0.80945148
 0.80289166
 0.79852448
 0.79867572
 0.79606632
 0.79898079
 0.80292544
 0.80616205
 0.80129439
 0.80425422
  0.8021132
 0.79679208
 0.78376829
 0.78794664
 0.79573693
 0.79520657
   0.796224
 0.78793524
  0.7855706
 0.78787995
 0.79268461
  0.7931213
 0.79947974
  0.8060021
 0.80336404
 0.81219415
 0.81004587
 0.81385829
 0.81181776
 0.80540973
 0.80429495
 0.81008063
 0.80168863
 0.80097055
 0.79976159
 0.80662294
 0.80309985
 0.80785191
 0.80829911
 0.80659945
 0.80872674
 0.81065148
 0.80614877
 0.80711354
 0.81301882
 0.81543517
 0.81975431
 0.81764572
 0.81842809
 0.80775469
 0.81378193
 0.81107775
 0.81021815
 0.81114371
 0.81558704
 0.82184155
 0.82009683
 0.81725844
 0.82026451
    0.82979
 0.81742879
 0.81675031
 0.81742466
    0.80713
 0.80338532
 0.80286876
 0.80104245
 0.80566463
 0.80165724
 0.80809896
 0.81978337
 0.81037921
 0.82233041
 0.82048753
 0.81882807
 0.81975235
 0.81646473
 0.82346792
 0.82582774
 0.82189334
 0.82014039
 0.82774646
  0.8223543
 0.83328996
 0.82602892
 0.82386971
 0.82901134
 0.82650341
  0.8280015
 0.82425096
 0.82200866
 0.82224519
 0.81726343
  0.8250124
 0.82802478
 0.82961683
 0.83020379
 0.82623321
 0.82607728
 0.82889086
 0.82968118
 0.82704833
 0.83149003
  0.8302779
 0.83432041
 0.82994679
 0.82914778
 0.81792701
 0.82404085
 0.82928122
 0.83728068
 0.84159082
 0.84090364
 0.83646815
 0.83702171
 0.83986956
 0.83102659
 0.83975031
 0.84838624
 0.85516684
 0.85970847
 0.86455264
 0.86563757
  0.8654979
 0.86036221
 0.87039302
 0.86901383
 0.87571909
 0.86784092
 0.86218024
 0.85918517
 0.85552794
 0.85540068
 0.85584797
 0.85145059
 0.84153804
 0.83648686
 0.83121573
 0.83788341
 0.84633599
 0.83252063
 0.82569204
 0.83099497
 0.83016147
 0.83575008
 0.84098325
 0.84001785
  0.8384204
 0.83830266
 0.85062229
 0.84791027
 0.85435653
 0.85238342
 0.85565869
 0.85854197
 0.86518533
 0.87135207
 0.86399382
 0.86857132
 0.86397299
 0.86765136
 0.86467276
 0.86072948
  0.8645098
 0.86673472
 0.86657476
 0.85852456
 0.85597873
 0.85685084
 0.86116092
 0.85335901
 0.86117149
 0.86117996
 0.85903123
 0.85508294
 0.84812071
 0.85390133
  0.8574982
  0.8637583
  0.8692536
  0.8646093
 0.86222237
 0.86300304
 0.86381879
 0.87260411
 0.87397403
 0.86633272
 0.86362359
 0.86373423
 0.86823224
 0.86713689
 0.87070674
 0.86962759
 0.86521176
 0.86427166
 0.85714696
 0.86360203
 0.86649335
 0.86305742
 0.86151025
 0.86254768
 0.85499381
 0.85267399
 0.85076872
 0.86221055
 0.85959605
  0.8616381
 0.85628229
 0.85204947
 0.85244913
 0.85380126
 0.85293105
 0.85637305
 0.85950733
 0.85154863
 0.84937407
 0.85846529
 0.86071905
 0.86070649
 0.86296458
 0.85789429
 0.85571231
 0.85942785
 0.85702906
 0.85931352
 0.85847487
 0.85848883
 0.86085965
 0.85584915
  0.8559066
 0.85542058
 0.85246724
 0.85431763
 0.85423361
   0.854882
 0.85767086
 0.84695503
 0.85131595
 0.84171837
 0.84534781
 0.84526993
 0.85202574
 0.84219467
 0.84946566
 0.85374516
 0.84156301
 0.84410253
 0.83563348
 0.83785432
 0.83594942
 0.82655307
 0.82295302
  0.8264103
 0.83121351
 0.83043925
 0.82721085
 0.82484052
 0.82620357
 0.83098114
 0.83222399
 0.82963351
 0.83076629
 0.83097155
 0.83134423
 0.83061858
 0.83297163
 0.82782925
 0.82864481
  0.8233201
  0.8268891
 0.82296544
 0.82145966
 0.82144076
 0.82063899
 0.82074702
 0.82531089
 0.82937212
 0.82902814
  0.8283156
 0.82225608
 0.81854782
 0.81392217
 0.81608002
 0.81119876
 0.80385917
 0.80264758
   0.804854
 0.80207126
 0.80884551
 0.81003388
 0.81533466
 0.82569872
 0.82173494
 0.82600919
 0.82283085
 0.81848963
 0.82375759
 0.81917317
 0.82239476
 0.82114231
  0.8186161
 0.81966517
 0.81406136
 0.81665569
 0.81206521
 0.79965288
 0.80067506
  0.8033732
 0.80159748
 0.79918057
  0.7965224
 0.80500429
 0.80496602
 0.81470214
 0.81296622
 0.80643015
 0.80372741
 0.80470286
  0.8090133
 0.82176492
 0.82734767
 0.82222517
 0.82018306
 0.81176992
 0.81647861
 0.82184065
 0.82250099
 0.82494213
 0.82492662
 0.81914519
 0.81813252
 0.82081198
 0.81937171
 0.82726455
 0.82633361
  0.8291273
 0.82826306
 0.82203161
 0.82290056
 0.82596205
  0.8236804
 0.82491307
 0.83071509
 0.82266132
 0.83178318
 0.83861966
 0.83331861
 0.83403039
 0.83204826
 0.83243325
 0.83781874
  0.8397453
 0.83318444
  0.8292643
 0.81907327
 0.82081274
  0.8186954
  0.8216176
 0.82079553
  0.8235398
 0.82525024
 0.83032311
 0.83011256
 0.83143621
 0.83441909
 0.83755692
 0.83706238
 0.83222629
  0.8302693
  0.8301902
 0.83881403
 0.84686222
  0.8440605
  0.8485792
 0.84956244
 0.84835405
 0.84625264
 0.84752548
  0.8437793
 0.83089122
 0.83467315
 0.82863398
 0.83529458
 0.83078702
 0.82858318
 0.82387266
 0.82091895
 0.81337272
 0.82080834
 0.81889131
 0.82197202
 0.82515257
 0.83333432
 0.83240539
 0.82490963
 0.83211311
 0.83617263
 0.83658128
 0.83739287
 0.83905352
  0.8397258
  0.8394014
 0.83764907
 0.83861546
 0.84003071
 0.83846913
 0.83818543
 0.82940381
 0.82971921
 0.82692276
 0.82672652
 0.82962348
 0.83384373
 0.83830233
 0.83376837
 0.83675539
 0.83978802
 0.82857317
 0.83111698
 0.83724503
 0.83737632
 0.83757138
 0.83464802
 0.84064148
 0.84170079
 0.84803833
 0.85169813
 0.85570703
   0.855493
 0.85522047
 0.84991282
 0.85038599
 0.85338292
 0.85594886
 0.84704444
  0.8480592
  0.8514014
 0.84835089
 0.84676766
 0.84832637
  0.8404539
 0.84281717
 0.84337857
 0.83854339
 0.84389796
 0.83534925
  0.8429326
  0.8382272
 0.84310049
 0.84807356
 0.85073854
 0.84957174
 0.85268786
 0.85106969
 0.84956466
 0.84733452
 0.84490011
 0.84484508
 0.84606046
 0.84385854
 0.84342977
 0.84417688
 0.83896023
 0.83783925
  0.8312907
 0.83507229
 0.83765132
 0.84059214
 0.83692687
 0.84064998
 0.84048193
 0.83620542
 0.84147117
 0.83677853
 0.82650261
 0.82153882
 0.82708558
 0.82616684
 0.83066471
 0.81942845
  0.8207054
 0.82174241
 0.82214354
 0.82423415
  0.8260149
 0.81689815
 0.80858794
 0.80566063
  0.8079577
 0.80671852
 0.81337152
 0.81360681
 0.80651207
 0.80344615
 0.80860462
 0.81057442
 0.81712487
 0.81501638
 0.81668719
 0.82186413
 0.83089427
 0.83533955
 0.83112784
 0.83375824
  0.8334961
 0.82968512
 0.83071446
 0.83431486
 0.83044894
 0.83367394
 0.83440044
 0.83128081
 0.83314352
 0.83620983
  0.8325096
 0.83522586
 0.83606353
 0.83016206
 0.83321273
 0.83477154
 0.84042502
 0.83988587
 0.84181027
 0.84522164
 0.84423966
 0.84298042
 0.84488511
 0.83802829
 0.83538163
 0.83917143
 0.84218527
 0.83710423
  0.8413682
 0.84563629
  0.8466249
  0.8498144
 0.85120172
 0.85131785
 0.85295779
 0.84756343
 0.85221061
 0.84883481
 0.85111046
 0.85437769
 0.85150412
 0.85004703
  0.8414111
 0.84045372
 0.83622168
 0.83640978
 0.83638359
 0.83334001
 0.82489821
 0.82063275
 0.81355423
 0.80958131
 0.80447892
 0.79663477
 0.79426602
 0.79888076
 0.80180905
 0.80242758
 0.79392833
 0.80046007
 0.81621766
 0.82461603
 0.82524172
 0.82841431
 0.82827928
  0.8310156
 0.83283471
 0.83441463
 0.83380897
 0.83385379
  0.8330923
 0.83294479
  0.8308713
 0.82996611
 0.83184123
 0.83000828
 0.82952481
 0.82865242
 0.83128519
 0.83164805
 0.82741858
 0.82904279
  0.8222977
 0.82042827
 0.81377071
 0.81138087
 0.81021161
 0.80838112
 0.80355252
 0.80409077
 0.81172395
 0.81447938
 0.82022226
 0.82145843
 0.82249179
 0.82672994
 0.82054405
 0.82445793
 0.81995887
 0.82923522
 0.82430189
 0.82927256
 0.82912936
 0.83828419
  0.8343503
 0.83413511
 0.83546684
 0.83437382
 0.84649933
  0.8434991
 0.84762282
 0.85348182
 0.85150779
 0.85156054
  0.8478521
 0.84138729
 0.84323003
 0.83789485
 0.83907353
 0.84853206
 0.85444238
 0.86020346
 0.84950318
 0.84476941
 0.84423331
 0.84561932
 0.84387491
 0.84609279
  0.8355663
 0.83615778
  0.8427056
 0.84049751
 0.84304807
 0.84640348
 0.84491545
 0.84721354
 0.84078328
 0.83979518
 0.83286587
 0.83414572
 0.83898579
 0.84373938
 0.84801754
 0.84929505
 0.84869598
 0.84743523
 0.84538836
 0.84140771
  0.8409471
 0.84086672
 0.84592834
 0.84120509
 0.84183431
 0.83950837
 0.84649497
 0.84311732
 0.84462321
 0.84643144
 0.84338313
 0.84799484
 0.84652657
 0.84870227
 0.84820093
 0.84862048
 0.84897948
 0.85013601
 0.84749625
 0.85790737
 0.85842099
 0.85945863
 0.85812114
 0.85511251
 0.84811025
 0.84546993
 0.84072386
 0.83555482
 0.84123704
 0.84182143
 0.84875312
 0.85166112
 0.84894731
 0.84644532
 0.84930476
 0.84794673
 0.85087101
 0.85538301
 0.85731461
 0.85855165
  0.8581875
 0.85595354
 0.85777577
 0.86214481
 0.86274861
 0.86961582
  0.8686961
 0.86592324
 0.85668513
 0.85593428
 0.85441197
 0.85050232
 0.85138764
 0.84917951
 0.85237495
 0.84404505
 0.84943858
 0.84844723
 0.84161027
 0.83313506
  0.8359934
 0.82945449
 0.83601696
 0.84122039
 0.85060651
 0.85087824
 0.84299574
 0.83777009
  0.8414624
  0.8442574
 0.85829316
 0.85792396
 0.85832806
 0.86138335
  0.8660616
 0.86406905
 0.86641837
 0.87334137
 0.87670506
 0.87805947
 0.88361663
 0.88330125
 0.88514054
 0.88327443
 0.88786174
 0.88191713
 0.86630943
 0.86525057
 0.86663794
 0.87294311
  0.8800591
 0.88165866
 0.88642385
 0.88212496
 0.87900009
  0.8819573
 0.88585834
 0.88615643
 0.88812687
 0.88673119
 0.88053503
 0.88206229
 0.88020971
 0.88382982
 0.87930657
 0.87574572
 0.88004303
  0.8748962
 0.87496318
  0.8704916
 0.87520991
 0.87860695
 0.87378735
  0.8744233
 0.87092082
  0.8679765
 0.87031925
 0.86929453
 0.86622661
 0.85956391
 0.85762605
 0.86230164
 0.86948323
 0.87564762
 0.87643075
 0.86949581
 0.87074401
 0.87483914
 0.87646721
  0.8744704
 0.88304606
 0.88106906
 0.88488921
 0.88316948
 0.88612915
 0.89031363
 0.88850896
 0.88147094
 0.88108854
 0.87914833
 0.87964346
 0.88332293
 0.88111696
 0.88090074
 0.86999753
 0.87626802
 0.87567301
 0.87623058
 0.87634016
 0.87412052
 0.86738078
 0.87065881
 0.87553813
 0.86833276
 0.86702369
 0.87291822
 0.87830906
 0.88359002
 0.88077478
 0.88756267
 0.88594114
 0.88259363
 0.88385862
 0.88237413
 0.87999626
 0.88432207
 0.87678858
 0.87468953
 0.87673781
 0.87599363
 0.88014472
 0.87866658
 0.87695104
 0.87704342
 0.87295991
 0.87349429
 0.87352075
 0.87989001
 0.87811459
 0.87449089
 0.87193022
 0.87494126
  0.8751103
 0.87648659
 0.87479874
 0.86819345
 0.86984494
 0.87147487
 0.87060885
  0.8715166
 0.87588785
 0.87454628
 0.87206212
 0.87419459
 0.88037033
 0.87400995
 0.86905224
 0.86376921
  0.8676927
 0.86694479
 0.86857314
 0.87008564
 0.87460006
 0.87065696
 0.86562015
 0.86657602
 0.86364119
 0.87362652
 0.87422081
 0.87821048
 0.88098627
 0.88238566
 0.88177073
 0.88747749
 0.89107972
 0.90094516
 0.89970616
 0.89402919
 0.90136713
 0.89709134
  0.8982281
 0.89206965
 0.88877699
 0.88976814
 0.88128622
 0.88074133
 0.87757694
 0.88162171
 0.87848889
 0.87291242
 0.87164369
 0.88149317
 0.87814815
 0.88348539
 0.88671512
 0.88579346
 0.88098317
 0.88467721
 0.88041648
 0.88312863
 0.88594592
 0.88832566
 0.88913659
 0.89347071
 0.89437709
 0.89376772
 0.89544839
  0.8954029
 0.89831679
 0.89522497
 0.89481226
  0.8997593
 0.89948925
 0.90043822
 0.90250509
   0.899204
 0.90154306
 0.90100232
 0.90004187
 0.90064631
 0.90318717
 0.90595885
 0.90580699
 0.90192854
 0.89984965
 0.90039065
 0.90078353
 0.90205361
 0.89885204
 0.89397356
 0.88924233
 0.88509993
 0.88014583
 0.88505813
 0.88875569
 0.89116581
 0.89170902
 0.89392209
 0.89551777
 0.89696134
 0.90374289
 0.89766805
 0.89856962
 0.89661439
 0.89140289
 0.89756265
 0.90234453
 0.89814328
   0.895991
 0.90267973
 0.90748455
 0.90917504
 0.90996407
 0.91005983
 0.90989106
 0.90426231
 0.91260923
 0.91206186
 0.91330808
 0.91343562
 0.91639791
 0.91353444
 0.91104793
 0.91165837
 0.91151091
 0.91055077
 0.91365523
 0.91035635
 0.91253354
 0.91283312
 0.91303926
 0.91273443
 0.91650885
 0.91670199
  0.9106151
 0.91003307
 0.91121917
 0.91421365
 0.91047315
 0.91068517
  0.9096127
  0.9061174
 0.90228547
 0.90138441
 0.89964535
 0.89624038
 0.89444783
   0.891572
 0.88921183
 0.88695076
 0.88179698
  0.8867297
 0.88583205
 0.88744513
 0.88784621
 0.88857711
 0.89043654
 0.89400769
 0.90354678
 0.89940157
 0.89362341
 0.88949432
 0.88749465
 0.89317364
 0.89871218
 0.88419749
 0.88469973
 0.88888267
  0.8925085
 0.90566515
 0.90372761
 0.90663507
 0.90487529
 0.89774601
 0.89858674
  0.8901331
 0.89815501
 0.90794789
 0.91129307
  0.9075749
 0.90891722
 0.91075264
 0.90974013
 0.91202872
  0.9113237
 0.90681013
 0.90545154
 0.89701062
 0.89703434
 0.89273392
 0.88620184
 0.88276638
 0.86578553
 0.88172819
 0.88258049
 0.88610589
 0.88227171
 0.88142004
 0.88033899
 0.89525689
 0.90026891
  0.8963499
 0.89982272
 0.90135202
 0.89635161
 0.90002353
 0.90205429
 0.89765656
  0.8942433
 0.89781249
 0.89956746
 0.89842032
 0.89356817
 0.89711342
 0.88766779
 0.87912187
 0.88697283
 0.89021799
 0.88939604
 0.89420851
 0.89602751
 0.89277274
 0.88952383
 0.88994179
 0.89523974
  0.8970234
 0.90217576
 0.90194723
 0.90153301
 0.90717948
 0.90477115
 0.90112225
 0.89190621
 0.88481412
 0.89245689
 0.89284039
 0.88929409
 0.88296914
 0.89225047
 0.89255085
 0.89371022
 0.89731664
  0.9024242
 0.89977215
 0.90048245
  0.9043384
 0.91218378
 0.91129869
 0.89807838
 0.90057032
 0.89945579
 0.90318584
  0.9042284
 0.90950105
 0.91039188
 0.90927802
 0.90978182
 0.92055689
 0.92669159
 0.91881468
 0.91718385
 0.91235561
 0.90796965
 0.91595168
 0.91689067
 0.92107261
 0.91312927
 0.91434844
 0.92184555
 0.92024131
 0.91960764
 0.91659737
 0.91402522
   0.918896
 0.92465679
 0.93173589
 0.93139533
 0.93313443
 0.93293818
 0.93529498
 0.93455544
 0.93151099
 0.93635547
 0.93807326
 0.94466662
 0.94312588
 0.94506527
 0.94447306
 0.94210539
 0.94123256
 0.94102143
 0.94222037
 0.94149641
   0.940088
 0.94441943
 0.94618896
 0.93802791
 0.93565869
 0.93369848
 0.93537961
 0.93686171
 0.93755319
 0.93436781
 0.92595322
 0.92527064
 0.92808023
 0.93575506
 0.93720532
 0.93415087
 0.93258421
 0.92886261
 0.93858049
 0.94526685
 0.94583839
 0.95200538
 0.95061151
 0.94805267
 0.94854079
 0.94702035
 0.94931459
 0.95123234
 0.94877576
  0.9451856
 0.94450557
 0.94612463
 0.95139441
 0.95559058
 0.95762125
 0.96219052
 0.96091417
 0.95535995
 0.94881285
 0.95040725
 0.95067171
   0.949347
 0.93321958
 0.93129304
 0.94669006
 0.95802021
 0.95880798
   0.958778
 0.95868165
 0.95021226
 0.95589334
 0.95232559
 0.95713973
 0.95153899
 0.94749683
 0.95313136
  0.9596541
 0.94950709
 0.94179611
  0.9429312
 0.94423805
 0.93834733
 0.93017062
 0.93966172
 0.93991838
 0.92909403
 0.93881613
 0.94326005
 0.93565581
 0.93037255
 0.93131077
 0.92610201
 0.92827092
 0.93351701
 0.93969077
 0.93461431
 0.93899682
 0.93007284
 0.93737168
  0.9325344
 0.93914217
 0.93445512
 0.92953928
 0.92831855
 0.92052229
 0.90531837
 0.90918956
 0.90301133
 0.91506322
  0.9215586
 0.91952834
 0.91681909
 0.90725569
 0.91000571
 0.91892363
 0.91858633
 0.91799175
 0.92986397
 0.92872148
 0.92299005
 0.93279754
 0.92921914
 0.93838273
 0.94785402
 0.95453039
  0.9496087
 0.94394584
  0.9427177
 0.93562228
 0.93269354
  0.9302684
 0.93370635
 0.93398131
  0.9404059
 0.94486787
 0.95481778
 0.95628261
 0.94793902
 0.95069065
 0.95438963
 0.95305733
 0.94938549
 0.94704349
 0.93440006
 0.93752992
 0.93332653
 0.93104051
 0.93135379
  0.9336615
 0.93010029
 0.92821521
 0.93154811
 0.93414821
 0.93531622
 0.93048225
 0.93764075
 0.93169906
 0.93548368
 0.92701449
  0.9280882
 0.93172839
 0.92328151
 0.92148094
 0.91628612
 0.92131591
 0.93359576
 0.92860839
 0.93145879
 0.93547731
 0.93377821
  0.9346226
 0.94060366
 0.93960275
 0.93979571
 0.94165817
 0.94925002
 0.94868813
 0.95065199
 0.95395585
 0.95104911
 0.94682328
 0.95534579
 0.95504631
 0.96509367
 0.96330332
 0.96069113
  0.9611406
 0.95862316
 0.95104577
 0.94818381
 0.95424199
 0.95346412
 0.95726741
 0.95819818
 0.95784771
 0.96341179
 0.96180875
 0.95673244
 0.95302147
 0.95917321
 0.96812396
 0.97068358
 0.97267221
 0.97385259
  0.9727943
 0.97295529
 0.96937644
 0.96798288
 0.96986743
 0.96877745
 0.96385617
 0.95840341
 0.96306252
 0.95533643
 0.95007248
 0.94950206
 0.95546146
 0.95266559
 0.95607123
 0.95190592
 0.95240227
 0.95070551
 0.95282135
 0.95427114
 0.94946101
 0.94471011
 0.93992611
 0.93143189
 0.93681864
 0.94387846
 0.94174708
 0.94536515
 0.94491167
 0.94798433
 0.95067014
  0.9525776
 0.95390102
 0.95144053
 0.95258136
  0.9479222
 0.94964621
 0.95182561
 0.95547085
 0.95240787
  0.9484491
 0.94515814
   0.942885
 0.94028454
 0.93492599
 0.93012368
 0.93273582
  0.9357589
 0.92222419
 0.92797229
 0.92285816
 0.91556483
 0.90484548
 0.90506196
  0.9058578
 0.90869471
 0.91454179
 0.91327536
 0.91029794
 0.90763003
 0.88906002
 0.88097771
 0.87289331
 0.87133621
 0.88605599
 0.89214249
 0.87975129
 0.88572018
   0.888323
 0.88933556
 0.90167155
 0.89193022
 0.87987427
 0.87718339
 0.87200594
 0.87041026
 0.88196272
 0.88311669
  0.8758902
 0.88086655
 0.88425157
 0.87890334
 0.88283936
 0.89028874
 0.88752274
 0.88919516
 0.88898645
 0.88170905
 0.87549198
 0.87596522
 0.88093857
 0.87265509
 0.87617743
 0.87320454
 0.87393848
 0.87522403
 0.86713569
 0.86883988
  0.8594766
 0.85835612
 0.84664064
   0.839753
 0.84146409
 0.84714884
 0.85484155
 0.85231286
 0.85889608
 0.85938082
 0.85653249
 0.85653901
 0.85515841
 0.85769167
 0.85635869
 0.85778573
 0.86388796
 0.86419416
 0.85979262
 0.86110265
 0.85400988
 0.85834173
 0.85433923
 0.85285569
  0.8594711
 0.85809471
 0.85887807
 0.85936947
 0.86123762
 0.86717934
  0.8619916
 0.85821412
 0.85661012
 0.84969663
 0.85706312
  0.8631141
 0.86220367
 0.86567092
 0.86680606
 0.86748927
 0.86534611
 0.85676483
 0.86464382
 0.85977896
  0.8615323
 0.85448538
 0.85543552
 0.85480204
  0.8453553
 0.83966325
 0.84139241
 0.85117549
 0.85345731
 0.85455652
 0.85467869
 0.86050982
 0.85894974
 0.85698425
  0.8573964
 0.85742972
  0.8621141
 0.86361325
 0.86719992
 0.87324837
 0.86990989
 0.86851917
 0.86810076
 0.86792867
 0.84689535
  0.8432931
  0.8362829
 0.84539547
 0.84652075
 0.84060794
  0.8470233
 0.84645488
 0.84623651
 0.85300118
 0.86071099
 0.85987953
 0.86075466
  0.8590561
 0.86660413
 0.86452364
 0.86844894
 0.86223681
 0.86674226
 0.86129672
 0.86450985
 0.86575067
 0.86158173
  0.8578999
 0.86112107
 0.86570921
 0.85591076
 0.85657404
 0.85614434
 0.85824535
 0.86406265
 0.86939289
 0.87228401
  0.8740332
 0.87896346
 0.87847179
 0.87476332
 0.88196232
 0.88323248
 0.88802778
 0.89081565
 0.89024952
 0.88915464
 0.89035581
 0.89211564
   0.894322
 0.88262115
 0.87761588
 0.87798775
 0.88040479
 0.88804654
 0.89156426
 0.88636051
 0.87511689
 0.87157784
 0.87289314
 0.88072376
 0.86967429
 0.86806306
 0.86171107
 0.85805089
 0.85584031
 0.86444741
 0.85892815
 0.84717305
  0.8527438
  0.8430253
 0.83819454
 0.83730256
  0.8420001
  0.8562914
 0.85508214
 0.85856949
 0.85858194
 0.85958308
 0.86140167
 0.86061957
 0.86447337
 0.86956766
 0.86703925
 0.87137835
 0.87146625
 0.86934283
 0.87187439
  0.8705645
 0.86819163
 0.86716138
 0.86659145
 0.86598476
 0.86703376
 0.86389041
 0.86449936
 0.85627207
 0.86152407
 0.85689158
 0.85793171
 0.86847335
  0.8624227
 0.86439064
  0.8672562
 0.86697158
 0.86404124
 0.86074456
 0.86123145
 0.85758518
 0.85995038
 0.85689372
 0.86685377
 0.86217694
 0.85135279
 0.86427866
 0.87414901
 0.87526498
 0.88583995
 0.88195203
 0.88281672
 0.88580481
  0.8829377
 0.88465639
 0.88343103
 0.88174712
 0.88200391
 0.87811679
   0.881465
 0.88563987
 0.88222441
 0.87822989
 0.88520081
 0.89101487
 0.88875276
 0.89159792
 0.89112205
 0.88695544
 0.87810461
 0.87871285
 0.87782542
 0.88121017
 0.88133451
 0.87805298
  0.8805281
 0.88604575
 0.88230059
 0.88495376
 0.88808367
 0.88837315
 0.89354243
 0.89008266
 0.89216991
 0.89279031
 0.89292919
 0.89135645
  0.8915469
 0.89055452
 0.88803086
 0.88576344
 0.88808659
 0.88995308
 0.89189182
 0.89051822
 0.89301279
 0.89011612
  0.8903447
 0.88918691
 0.89239462
 0.89171413
 0.89682053
 0.89199614
 0.89063995
 0.89027695
 0.88875672
 0.89221931
 0.89396993
 0.88790255
 0.88433612
 0.88737445
 0.88952228
 0.88154903
 0.87958243
 0.88569464
 0.88621538
 0.88605331
 0.89055519
 0.89272942
 0.89073088
  0.8927505
 0.89198243
 0.89102139
 0.88787355
 0.88835634
 0.89360552
 0.89706466
 0.89994456
 0.89707446
 0.89295126
 0.89539187
 0.89357383
 0.89676814
 0.89612292
 0.89738621
 0.89625902
 0.89553061
 0.89663213
 0.89008121
 0.88528601
 0.88716233
 0.88609175
 0.88415989
 0.88372723
 0.88404792
 0.88040373
 0.88522224
 0.88813327
 0.88570371
 0.88939065
 0.88591853
 0.88565237
 0.88730659
 0.88852029
 0.88419548
 0.88194195
 0.87912793
 0.87765489
 0.88222817
 0.88307242
 0.88734924
 0.88345873
 0.88339716
 0.87841112
 0.87472318
 0.87274495
 0.87372265
 0.87614108
  0.8755875
 0.87313326
 0.86568664
 0.86742769
 0.87088102
 0.87258247
 0.87947595
 0.88007562
 0.87914356
  0.8841593
 0.88102431
 0.87877729
 0.87279739
 0.87615351
 0.88635343
 0.88926326
 0.88846486
 0.88394256
 0.88550334
 0.88694664
 0.88505352
 0.88388187
 0.88026222
 0.87460942
 0.87513484
 0.87300472
 0.87139263
 0.87728269
 0.87434257
 0.87576474
 0.86532536
 0.86114602
 0.86515557
 0.86625365
 0.87814931
 0.87547922
  0.8801287
 0.87030865
 0.87354688
 0.86876381
  0.8803396
 0.88521823
 0.89125663
 0.89059333
 0.88766099
 0.88366876
 0.88766409
 0.89104795
  0.8873652
 0.89374511
 0.89119765
 0.89154433
 0.88463389
 0.87906508
 0.87361699
 0.87278358
 0.87508408
 0.87681367
 0.87986331
 0.88551386
 0.88955488
 0.89080043
  0.8914306
 0.88841336
 0.89256445
  0.8885342
 0.89334947
 0.89000278
 0.89083928
 0.87751696
 0.87664914
 0.87451115
 0.87552726
 0.87567382
 0.88441245
 0.88843327
  0.8903344
 0.89263958
 0.89037592
 0.89643463
 0.89023957
 0.89000889
 0.88221244
   0.878786
 0.86931885
 0.86663779
  0.8689632
 0.87574592
 0.89282674
  0.8877429
 0.88320964
 0.89077584
 0.90068121
 0.90446004
 0.90305939
 0.90800475
 0.90799465
 0.91339961
 0.90579537
 0.90676699
 0.90092412
 0.89749426
 0.90729264
 0.90919675
 0.91217212
 0.90859752
 0.90620538
 0.91549993
 0.91641749
 0.92411121
 0.92579347
 0.92219234
 0.91874881
 0.91611201
  0.9185601
 0.92644835
 0.92813729
 0.91626797
  0.9122747
 0.91158255
 0.91427115
 0.92340474
  0.9289606
 0.92445061
 0.92894026
 0.93013754
 0.92580706
 0.92291879
 0.92269984
 0.92825701
 0.92498391
 0.92229372
 0.92317041
 0.92157872
 0.91911826
 0.91908266
 0.91542823
 0.91370158
  0.9133026
 0.91017061
 0.90403673
 0.90899524
 0.89989543
 0.90497872
  0.9064486
  0.9142725
 0.92326664
  0.9187504
 0.92105203
 0.92146477
 0.92763548
 0.93431696
 0.94126714
 0.94530316
 0.94263975
 0.94710968
 0.94513911
 0.94349724
 0.94286663
  0.9346746
  0.9302288
 0.92931488
  0.9328602
 0.93169099
 0.93024714
 0.92484492
  0.9264309
  0.9272394
 0.92194667
 0.92629081
 0.93324514
 0.93487887
 0.93169191
 0.92675638
 0.92376534
 0.91867677
 0.91804684
 0.91825008
 0.91969683
  0.9237016
 0.91884127
 0.92046616
 0.91854558
 0.91772836
 0.91849807
 0.91614021
  0.9192065
 0.91536766
 0.91224016
 0.90896542
 0.91660312
 0.90778735
 0.90292827
 0.89759249
 0.89056961
 0.89828047
 0.89617029
 0.90538215
 0.90419276
 0.91010474
 0.89465649
 0.88685487
 0.89817899
 0.88836916
 0.89302394
 0.89546243
 0.90019265
 0.90705432
 0.90771626
 0.89943485
 0.90298663
 0.90805136
 0.91041235
 0.91553431
 0.91757108
 0.91969653
 0.92379731
 0.92885239
 0.92146673
  0.9050578
 0.90583964
 0.88873904
 0.89699077
 0.88930947
 0.89086433
 0.89940013
 0.90713788
 0.91396978
 0.91073892
 0.90673193
 0.91766192
 0.91637211
 0.91818992
 0.91591955
 0.90441365
 0.90430487
  0.9020136
 0.89512631
 0.91323337
 0.90807947
 0.90309862
 0.90688471
 0.90312389
 0.90436238
 0.90598297
 0.90664972
 0.90314658
 0.89689054
 0.89971731
 0.90393682
 0.88976685
 0.88150082
  0.8650806
 0.86007847
 0.84532197
  0.8488192
 0.84729847
 0.85945379
 0.85266221
 0.85504045
 0.85474234
 0.86276761
 0.86863557
 0.87601809
 0.86984155
 0.87425832
 0.87301629
 0.87361733
 0.87541911
 0.87801429
 0.86543012
 0.87273015
 0.86647614
 0.86540477
 0.85520389
 0.85082191
 0.84186951
 0.84091019
 0.84300867
 0.84602176
 0.83945524
 0.84433427
 0.84732676
 0.84771342
 0.84819057
 0.85579579
 0.85640472
  0.8563681
 0.85569444
 0.85701734
 0.85862391
 0.86004275
 0.86029568
 0.86543408
 0.87061569
 0.86864417
 0.86345943
  0.8668163
 0.87212464
 0.87365475
 0.86456796
 0.85905898
 0.86275069
 0.86576892
   0.865339
 0.85501689
 0.84950911
  0.8509891
   0.853029
 0.86105342
 0.86188258
 0.86994615
 0.86821846
 0.85823938
 0.86160238
 0.86242367
 0.86584132
   0.866112
   0.863079
 0.86252404
 0.86733289
 0.86962943
 0.86740999
 0.86634456
 0.86965688
 0.86627542
 0.86269986
 0.86300824
 0.86883307
 0.86224437
 0.86332817
 0.86061912
  0.8605622
 0.85620098
 0.85420491
 0.85354464
 0.85097568
 0.85145891
 0.85172152
 0.85409407
 0.86565145
 0.85878274
 0.85984565
 0.85738156
 0.84697526
 0.85032111
 0.84732502
 0.86013117
 0.85290668
 0.84995546
  0.8495297
 0.85129556
 0.84365437
 0.84662978
 0.84250994
  0.8435039
 0.83744623
  0.8327593
 0.83278584
 0.84033577
 0.83623301
 0.83523172
 0.83913787
 0.84071096
  0.8388713
 0.83657344
 0.84514587
  0.8447666
 0.84415027
 0.84917819
 0.84662223
 0.84124045
 0.84348484
 0.83725327
 0.83769776
   0.836455
 0.83649463
 0.83975392
 0.84329903
 0.83555645
 0.83452536
 0.83468417
 0.83795682
 0.84150637
 0.84163126
 0.84403138
 0.83924939
 0.83645646
 0.83113827
 0.83224329
 0.82672125
 0.82972706
 0.83132306
 0.82834984
 0.83048504
  0.8268585
 0.83075475
 0.83363583
 0.83682345
 0.83184448
 0.83736303
 0.84187417
 0.83626198
 0.83952287
 0.83792381
 0.84090494
 0.84156755
 0.84778179
 0.85239716
 0.86255033
 0.85830052
 0.85688254
 0.85899909
 0.86146143
  0.8577331
 0.86102323
 0.86053093
 0.86162217
 0.85622059
 0.84842174
  0.8440429
  0.8430229
 0.85037557
 0.85497731
 0.85801195
 0.85581545
 0.85673117
 0.84840935
 0.85672882
 0.85473022
 0.85427827
 0.85432295
 0.85712668
 0.85502877
 0.85869872
 0.86296795
 0.86103298
  0.8615573
 0.86519081
 0.85950989
 0.85703511
 0.85252844
 0.84882447
 0.84362531
 0.84524507
 0.84730544
 0.84954462
 0.85035627
 0.84917794
 0.85001083
 0.85307797
 0.84874347
 0.85481554
 0.85211237
 0.85032712
  0.8562268
 0.85710168
 0.85530105
 0.85257567
 0.85496233
 0.85903711
 0.85814186
 0.86064188
 0.86286879
 0.85372663
  0.8522642
 0.85290362
 0.85333014
 0.85913626
 0.86350751
 0.86791667
 0.87232757
 0.87611859
 0.86649959
 0.87184447
 0.86891316
 0.86769046
 0.86385513
 0.86538082
 0.86060337
 0.86382502
 0.86249068
 0.86374583
 0.86093607
 0.86368074
 0.86812083
 0.86622331
 0.86633919
 0.87108936
 0.86747032
 0.87062967
 0.87730567
 0.87393182
 0.87600086
 0.87850802
 0.87660486
 0.87438393
 0.87719284
 0.87725456
 0.87487479
 0.87297682
 0.87968277
 0.87867406
 0.87145369
 0.86694224
 0.86006812
 0.85564726
  0.8661663
 0.86840881
 0.86200179
 0.86333659
 0.85354669
 0.85183369
 0.85940165
 0.85450027
 0.85983026
 0.86119501
 0.86837497
 0.86033453
 0.86127717
 0.85558636
 0.86104126
 0.86928825
 0.87042688
 0.87385767
 0.87565547
 0.87049685
 0.87444013
 0.86754351
 0.87120048
 0.88165626
  0.8751126
 0.88223347
 0.89038197
 0.89045097
  0.8927748
 0.89016743
 0.88730118
 0.88432367
 0.88110842
 0.87239201
 0.87533054
 0.87086626
 0.86335202
 0.86528155
 0.86018134
 0.86038488
 0.85592117
 0.84707443
 0.85398395
 0.84850485
 0.85916612
  0.8576571
 0.85493067
 0.85332926
 0.85222354
 0.85433923
 0.85673105
 0.85813491
 0.86235148
  0.8618036
  0.8634439
 0.86098014
 0.86169173
 0.86202742
 0.86267769
 0.86882712
 0.87307023
 0.86884828
 0.86749461
 0.85285369
 0.85231684
 0.85090838
 0.85363585
 0.86370358
 0.86072729
 0.86734691
 0.87054643
 0.86918636
 0.87064761
  0.8785564
 0.87331523
 0.87315818
  0.8706302
 0.86604397
 0.86019722
  0.8500202
 0.84126265
 0.83607217
 0.83941666
 0.83627818
 0.83063383
  0.8362279
 0.83238204
  0.8270544
  0.8379206
 0.84053459
  0.8455157
 0.84089194
 0.85125594
 0.85100648
 0.84707478
 0.85224688
 0.85220075
 0.85171833
  0.8512758
  0.8554091
 0.85493531
 0.86080089
 0.86643709
 0.86723248
 0.86943399
 0.87530288
 0.87829348
 0.87483976
 0.88427109
 0.87477494
 0.87455997
 0.87370366
 0.86947381
 0.87158316
 0.86986433
 0.87302784
 0.87557885
  0.8816853
 0.87923139
 0.87248981
 0.87602592
 0.87909707
 0.87741529
 0.88450635
 0.88115434
 0.87779509
 0.88184208
 0.87430489
 0.86648297
 0.86506798
 0.86173626
 0.86368462
 0.86266237
 0.86047247
 0.86484968
 0.87490058
 0.87352691
 0.87950603
 0.87720612
 0.87611713
 0.86806543
 0.87544451
 0.87553767
 0.86871636
 0.87050612
 0.86864673
 0.87076992
 0.87332641
 0.87414179
  0.8720157
 0.87214945
 0.86874716
 0.86659991
 0.86664858
 0.86860342
 0.86982532
 0.87163657
 0.87001717
 0.86507341
 0.86120528
 0.85530426
 0.85562373
 0.86228882
 0.86967971
  0.8700985
 0.86783869
 0.86790129
  0.8697653
 0.86043647
 0.85696019
 0.86269349
 0.85947665
 0.86735768
 0.86541544
 0.87076639
 0.87397572
 0.87998955
 0.87629579
 0.88080047
 0.87894113
 0.88184886
  0.8803122
  0.8836995
 0.88650109
 0.88597486
 0.88573366
 0.89296127
 0.88448112
 0.89419474
 0.89462412
 0.89741128
 0.89649185
 0.89476698
 0.88945087
 0.89382008
 0.88477988
 0.88021788
 0.88348977
 0.88340409
 0.87635681
 0.86716482
 0.87066513
 0.88494125
 0.86762679
 0.87378882
 0.87378768
 0.87425101
 0.87411033
 0.87608342
 0.87546597
 0.88423974
 0.88782788
 0.89428115
  0.8911564
 0.88501311
 0.88646934
 0.88273114
 0.88333675
 0.87443131
 0.87963131
 0.87793463
 0.88049062
 0.87979327
 0.88471991
 0.87605192
 0.87360679
 0.87356518
 0.88249616
 0.87148183
 0.87886064
 0.87361108
  0.8751135
 0.87656284
 0.86734957
  0.8694217
  0.8577543
 0.86365126
 0.86813255
 0.86671612
 0.85421687
 0.86466954
 0.86167371
 0.86938294
 0.86602289
 0.86561208
 0.86796061
 0.86772606
 0.86472286
 0.85844431
 0.86012825
 0.85096208
 0.85289173
 0.85623311
 0.85164122
 0.86053941
 0.84980593
 0.86178628
 0.84971068
 0.85015865
 0.84754956
 0.84977018
  0.8399831
 0.84630595
 0.85069976
 0.84355025
  0.8447485
 0.84718591
 0.84689564
 0.85010261
 0.84893346
 0.84065031
 0.84496793
 0.85157646
 0.84871982
 0.85066314
 0.85138483
 0.85200181
 0.85177992
 0.85297632
 0.85308185
 0.85387796
 0.85429731
 0.85294578
 0.84884474
 0.84757764
  0.8604701
  0.8583628
 0.85735752
 0.86102025
 0.86652688
 0.87170267
 0.87450859
 0.87823591
 0.87740688
 0.88231806
 0.88100069
 0.88159295
 0.87537325
  0.8870667
 0.88076877
 0.88482067
 0.88746853
 0.88359645
 0.88032779
 0.87641531
 0.87246893
 0.87448445
 0.87720102
 0.87577168
 0.87124669
 0.86813995
 0.86621193
 0.86710401
 0.86611764
 0.87312455
 0.87223688
  0.8675975
 0.86898462
 0.86334532
 0.86102781
 0.85574625
 0.86958835
 0.87139222
 0.88275831
 0.88439312
 0.87910845
 0.88160117
  0.8805413
  0.8702654
 0.87244244
 0.86408983
 0.86184953
  0.8632509
 0.86101146
 0.86093589
 0.86084673
 0.86066413
 0.86018995
 0.85519305
 0.85031692
 0.85316914
  0.8435199
 0.83928358
 0.83893775
 0.84202957
 0.83940082
 0.83121668
 0.83073268
 0.82814404
 0.82361663
 0.82278656
 0.82919554
 0.82197865
 0.82275353
 0.81650206
 0.81933748
 0.83606002
 0.84687604
  0.8543579
 0.85255653
 0.85850924
 0.86059202
 0.85575592
 0.84781514
 0.84882389
 0.84486284
 0.84086489
  0.8342108
 0.84071084
 0.84702147
 0.84983706
 0.84514509
 0.84674176
 0.84563147
 0.84325122
  0.8398174
 0.84702345
 0.83816312
 0.84134647
 0.84474128
 0.84274069
 0.84434507
 0.84245594
 0.83751928
 0.83836237
 0.83715882
 0.83208637
 0.83332026
 0.83076939
 0.82547303
   0.828349
 0.83455653
 0.83806366
 0.83224715
 0.83696722
 0.82915491
 0.83812298
 0.84567798
 0.83993824
 0.84370671
  0.8443478
 0.83836174
 0.84242264
 0.84706279
 0.84782455
  0.8422472
 0.85132601
 0.84557593
 0.85088453
 0.85057707
 0.83695766
 0.85356373
 0.84739776
 0.84651725
 0.84991439
 0.84308834
 0.85361178
  0.8497643
  0.8529882
 0.84939947
 0.84647722
 0.84905404
 0.83923498
  0.8369129
 0.84526309
 0.84847088
 0.85046562
 0.85267062
 0.86247259
 0.86712955
 0.86496524
 0.86223547
 0.86323624
  0.8597009
 0.86050239
 0.85715101
 0.85926952
 0.85661241
 0.85929107
 0.85283842
 0.84938582
 0.85662926
 0.86228831
 0.86135193
 0.86234275
 0.86915831
 0.86451389
 0.85984656
 0.85905873
  0.8587015
  0.8577167
 0.86704602
 0.86220475
 0.86995763
 0.86809066
 0.86660698
 0.85550674
 0.86015287
 0.85279751
 0.85299176
 0.85218253
  0.8540892
 0.85633716
 0.85597911
 0.85118336
 0.85213006
 0.85036421
 0.85425225
 0.85023821
 0.85447955
 0.85481685
 0.85329189
 0.85029161
 0.85171171
 0.84543651
 0.84700606
 0.83906446
 0.83917532
 0.83505815
 0.84306447
 0.84186151
  0.8324992
  0.8336485
 0.83399229
 0.82784612
 0.83024723
 0.84332887
 0.84297575
 0.85243614
 0.85573725
 0.85346337
 0.85286352
  0.8520052
  0.8467384
 0.85167963
 0.85348725
 0.85401476
 0.85155545
 0.85440964
 0.85224178
 0.85180909
 0.84268839
 0.83971399
 0.84295824
 0.84102124
 0.83826059
 0.83626314
 0.83138315
 0.83569515
 0.83150992
 0.82761754
 0.82991019
 0.83492172
 0.83089563
 0.82527113
 0.82547347
 0.82317441
 0.82320873
 0.82228724
 0.82639711
 0.82863658
    0.82726
 0.82536146
 0.82541469
 0.82447537
 0.81652365
 0.81775467
  0.8176877
 0.81448147
 0.81761379
 0.81656984
 0.81023618
 0.79926857
  0.8057973
 0.79982623
 0.79109505
 0.79146828
 0.79146143
 0.78598038
 0.77591091
 0.78254343
 0.77266605
 0.76115112
 0.76270041
 0.75918203
 0.76699661
 0.76877818
 0.76979186
 0.76517393
 0.76859934
 0.77545652
 0.77482513
 0.77688766
 0.77963909
 0.77466122
 0.77295687
 0.78313559
 0.77882832
  0.7766622
 0.77340015
 0.77140973
 0.77329535
 0.78006882
 0.78227978
 0.78664342
  0.7917921
 0.79131883
 0.79220654
 0.78350559
 0.77649238
 0.78519047
 0.78428456
 0.78633108
 0.78873411
 0.78977253
 0.78856646
 0.79533555
 0.79206932
 0.79492045
 0.79792248
 0.79053299
 0.78459189
 0.78094926
 0.78980997
 0.79394888
 0.79423425
 0.79395651
 0.79541348
 0.79707164
  0.7982073
 0.79848158
 0.80099321
 0.80311988
 0.79761176
 0.79615928
  0.7949905
 0.79905241
 0.80075293
  0.7987731
 0.79727174
  0.8011767
 0.80628611
 0.81447437
 0.81032691
 0.81073311
 0.81066213
 0.80341403
 0.80608926
 0.80285652
 0.80758354
 0.80460603
 0.80585555
 0.80548948
 0.80424129
 0.80363854
 0.80144624
 0.80622661
 0.80497277
 0.79782513
 0.79530108
 0.79185201
 0.79424136
 0.79415096
 0.79201864
 0.78426437
  0.7977537
 0.80066931
 0.79934877
  0.8033066
 0.80049234
 0.80118542
 0.80590337
 0.80322807
 0.80549635
 0.80854281
 0.80691342
 0.80826589
 0.80761002
 0.81373349
  0.8101318
 0.80910056
 0.81459862
 0.81627904
 0.81806921
 0.80773925
 0.80770905
 0.81068119
 0.80825061
 0.80737717
 0.80424305
 0.81116749
 0.80860107
 0.81687598
 0.81250212
 0.81441628
 0.81305456
 0.81436019
 0.81644878
 0.81735842
 0.81705252
 0.82407011
 0.81883088
 0.81903057
 0.81921157
 0.81222159
 0.80663936
 0.80365923
  0.8088119
 0.80979726
 0.80536476
 0.80707146
 0.80305555
 0.80554811
 0.80879629
 0.80602878
 0.79440274
 0.79854669
 0.79525104
 0.79123644
 0.78711978
 0.78606009
 0.78246428
 0.78639756
 0.79583642
 0.79363265
 0.80712525
 0.80518794
 0.80649751
  0.8132991
 0.81882437
 0.81254108
 0.80976742
 0.80873917
  0.8047673
 0.80850826
 0.81110511
 0.80716698
 0.80868949
 0.79826152
 0.80237074
 0.79772094
 0.79955417
 0.79874127
 0.80557139
 0.80260549
 0.80413351
 0.80512415
 0.80076633
 0.80272687
 0.80728139
  0.8065048
 0.79991923
 0.80754828
 0.80382048
 0.79780917
 0.78209749
 0.78377935
 0.79444916
 0.79934207
 0.79772501
 0.79557812
 0.78976102
 0.79402582
 0.79910031
 0.80725601
 0.80396609
 0.80284563
 0.80390852
 0.80286442
 0.80188252
 0.80258908
 0.80291742
 0.80072916
 0.80289766
 0.79669788
 0.80369942
 0.80414401
 0.80502416
 0.80772999
 0.80759287
 0.80645251
  0.8081486
   0.814838
 0.80930578
 0.80835332
 0.80724369
 0.80791153
 0.80411751
 0.80448395
 0.80624365
 0.81072103
 0.80880867
 0.80756356
 0.79937583
 0.79761031
  0.7949681
 0.78986239
 0.78955438
 0.78198052
 0.78208079
 0.77892328
  0.7850121
 0.78828846
 0.79090376
 0.79088382
 0.78656166
 0.78604257
 0.78366304
  0.7863221
 0.78778829
 0.78298664
 0.78068187
 0.77917847
 0.78230949
 0.78127688
 0.78119558
 0.77894641
 0.77632155
 0.77855765
 0.78116372
 0.78554978
 0.78507654
 0.78658756
 0.79120615
 0.79368223
  0.7949915
 0.79878568
 0.79583746
 0.80062665
 0.79317453
 0.79652541
 0.79540657
   0.805714
 0.80271523
 0.79474231
 0.79186915
 0.78319909
 0.78136635
 0.78804424
 0.79282529
 0.79890486
 0.79485241
 0.78636883
 0.78677034
 0.78547691
 0.79233405
 0.78073214
 0.78743426
 0.78609909
 0.79196529
 0.79665708
 0.80194251
 0.79771947
 0.79828848
 0.79366953
 0.79942139
 0.79604707
 0.79368613
 0.79103016
 0.79396404
 0.79791539
 0.80050378
 0.80512516
 0.80109798
 0.79811169
 0.79852148
 0.80064651
 0.80204437
  0.8006162
 0.80383607
 0.80110943
 0.80301437
 0.80498794
 0.80494201
  0.8025754
 0.80759269
 0.80769475
 0.80815993
 0.80649749
  0.8059329
 0.80978109
 0.80381401
 0.80484445
 0.81288401
 0.80732996
 0.81321612
 0.81140865
 0.81286571
 0.81068894
  0.8076653
 0.80689142
 0.80494714
 0.79586564
 0.79950285
 0.79427869
 0.79852958
 0.79748636
 0.80211111
 0.80613999
 0.80773562
 0.81241883
 0.80671492
 0.80104758
 0.80613156
 0.80024164
  0.7988224
 0.80347365
 0.81243756
 0.80673046
 0.80804861
 0.81172069
 0.80959692
 0.81848395
 0.82539191
  0.8205169
 0.81939416
 0.81525597
 0.81585976
  0.8321376
 0.82571848
 0.82421374
 0.81433854
  0.8143741
 0.81745465
  0.8288908
 0.81466817
 0.82289477
 0.81216473
 0.81368755
  0.8304994
 0.81506766
 0.81350679
 0.81862625
 0.80817232
 0.81875886
 0.81653804
 0.81282174
 0.81354139
 0.80944911
 0.80501524
 0.81484176
 0.79845084
 0.81084547
 0.82668578
   0.816896
 0.82505219
 0.82530763
 0.82861007
 0.82897846
 0.83493092
 0.83325216
 0.84368445
 0.83415134
 0.84012445
 0.84570989
 0.84576665
 0.84812252
 0.84069987
 0.84123534
 0.83736871
 0.82597591
 0.82372959
 0.82879427
 0.82663031
 0.82317859
 0.81216425
 0.81291084
  0.8067578
 0.81517253
 0.80979131
 0.80631383
 0.80093283
 0.81409004
 0.81947957
 0.82575795
 0.82896218
 0.83455991
 0.83232118
 0.82818227
 0.82530365
   0.819532
 0.81614603
 0.81471493
  0.8148926
 0.81282017
 0.80968573
  0.8109051
 0.80708164
 0.81650059
    0.81984
 0.81842191
 0.82191051
 0.81811639
 0.82039916
 0.81423059
 0.82826182
 0.81950097
 0.82397018
 0.82235783
 0.82389295
 0.81345593
 0.80872001
 0.80425942
 0.81362562
 0.81922474
  0.8177583
 0.82875813
 0.83070719
 0.82936624
 0.83051806
 0.83865331
 0.82876065
 0.83818161
 0.83665595
 0.84212813
 0.83433349
 0.82958968
 0.83340996
 0.83033729
 0.82758768
 0.83729421
 0.84614626
 0.85342119
 0.85161328
 0.85187359
 0.85157079
 0.84849047
 0.84488156
 0.85028999
 0.85520912
 0.85458072
 0.85753418
 0.85479296
  0.8529534
 0.85531688
  0.8635535
 0.86423606
 0.85917988
 0.85198704
 0.85968492
 0.85549533
 0.85727126
 0.85602532
 0.85211065
 0.86377071
 0.85322779
 0.85944775
 0.84500095
 0.84621125
  0.8411521
 0.84106697
 0.83555731
 0.83469424
 0.83304146
 0.83449326
 0.83614733
 0.82856035
 0.82213632
 0.82403384
 0.82916465
 0.82639777
 0.83579006
 0.83920787
 0.84519999
 0.83918082
 0.83943654
 0.84021547
 0.83638346
 0.83231094
 0.83672832
 0.84273554
  0.8420837
 0.83805995
 0.83589597
  0.8367545
 0.83120591
 0.83481302
 0.83861562
  0.8378213
 0.84091986
 0.83719441
 0.84709133
 0.85085077
 0.85239922
 0.85029632
 0.85110361
 0.85642662
 0.84801728
 0.85816303
 0.84861247
 0.84564288
 0.84786208
 0.84837537
 0.84737074
 0.84798561
 0.85164927
 0.84512989
 0.84307616
 0.84540079
 0.84503388
 0.83960537
 0.84469396
 0.83717435
 0.83576554
 0.83552528
 0.83470027
  0.8347844
 0.83132354
 0.84186026
 0.83891533
 0.84117684
 0.83973396
 0.84862758
 0.83924914
 0.84731275
 0.83514855
 0.83782517
 0.84853015
 0.84613825
 0.84792219
 0.83958342
 0.84306267
 0.84042767
 0.84065455
 0.84056041
 0.83824971
 0.83481203
  0.8371056
 0.83032841
 0.83199273
 0.83301205
 0.83582462
  0.8361233
 0.83892519
 0.84105165
 0.83644577
 0.83914234
 0.83214701
 0.82946128
 0.83379484
 0.81903771
 0.82088649
 0.82939274
 0.82664218
 0.82981425
 0.83538324
 0.84209252
 0.84294386
 0.84493807
  0.8495695
 0.84527354
 0.85318709
 0.85064556
 0.84987278
 0.84786788
 0.85561298
 0.85425456
 0.85123799
 0.85507876
 0.85558657
 0.85880235
 0.86379195
 0.86739028
 0.86828819
 0.86532778
 0.86154835
 0.86246378
 0.86223873
 0.86785933
 0.87015792
 0.86905851
 0.86738702
 0.86188275
 0.86767632
 0.87156685
 0.86685129
 0.86749292
 0.86958908
 0.86785735
 0.86913593
 0.87104787
 0.86914217
 0.86425972
 0.86365592
 0.86153328
 0.86545412
 0.85666471
  0.8545129
 0.85770779
  0.8619358
 0.85732838
  0.8634973
 0.85693708
  0.8491778
 0.85130601
 0.85355977
 0.85463274
 0.86004825
 0.85890853
 0.86466461
 0.86115224
 0.85922186
 0.85599024
 0.85364172
 0.85141671
  0.8507983
  0.8521782
 0.84556256
 0.85023441
 0.84456391
 0.84876351
 0.85701213
  0.8609365
  0.8566864
 0.86045998
 0.85977136
 0.85106527
 0.84565581
 0.84664523
 0.85782063
 0.85527071
  0.8503279
 0.84976726
 0.85045678
  0.8467721
  0.8539189
 0.84978548
 0.85366595
 0.85944522
 0.86150409
 0.85531719
 0.85470057
 0.85427144
 0.85484563
 0.85846256
 0.85338127
 0.85791479
 0.85134238
 0.85185502
 0.84966248
 0.85453949
 0.85287124
 0.85874323
 0.85976599
 0.86850433
 0.86863123
 0.87153796
 0.86785548
 0.86707518
 0.86368334
 0.86562707
  0.8635699
 0.86527791
 0.86817534
 0.87106918
 0.87548745
 0.86843729
 0.87300348
 0.87000824
 0.86289356
 0.86097355
 0.86777724
 0.85914045
 0.85964173
 0.85630803
 0.85817172
 0.85281655
 0.85092956
 0.85329254
 0.84766442
 0.85233932
  0.8569861
 0.85678291
 0.85666083
 0.85458597
 0.84862498
 0.85327303
 0.85653856
  0.8516338
 0.84811701
 0.83707488
 0.83766251
 0.84538054
 0.84266648
 0.83933409
 0.84443363
 0.84156196
 0.83803114
 0.83569341
  0.8292651
 0.82759773
 0.83138367
 0.82419402
 0.82827717
 0.82828542
 0.82523489
 0.81689131
 0.80573532
  0.8051602
 0.80686072
 0.80330632
  0.7981709
 0.80312683
 0.79589664
 0.79320365
 0.79633784
 0.78671097
 0.79351856
 0.78983876
 0.79546441
 0.79285731
  0.7947987
 0.78457037
 0.79057924
 0.78708897
 0.78849306
 0.78244106
 0.78703522
 0.78774384
 0.78503302
 0.78548789
 0.78829058
 0.79260204
 0.79371088
 0.79745034
 0.79994363
 0.79577646
 0.79270485
 0.79406646
 0.79203534
 0.79338678
 0.78655236
  0.7831421
 0.77390322
 0.79143311
 0.78063646
  0.7807481
 0.78474898
 0.78292419
 0.78909617
 0.78337083
 0.78216943
 0.78789713
 0.78592442
  0.7841593
 0.78882287
 0.78926715
 0.78637381
 0.79116755
 0.79254649
 0.79515556
 0.79234306
 0.78661699
 0.79166389
 0.78805392
 0.78837566
 0.78568918
 0.78224173
 0.78560611
 0.78725689
 0.79183954
 0.78728005
 0.79587217
 0.79374534
 0.79200979
 0.79450249
 0.78870596
 0.79020215
 0.78581283
 0.77655292
 0.78886877
 0.78753364
 0.78821318
 0.78076785
  0.7829736
 0.78229377
 0.78727075
 0.78977991
 0.79157901
 0.78490813
 0.78191453
 0.77367912
 0.77151325
 0.78706883
  0.7810138
 0.78523845
  0.7863561
 0.78376915
 0.78770937
 0.78543429
 0.78686811
 0.78626783
 0.78560679
 0.78105103
 0.77675314
 0.77719278
 0.77565479
 0.77057133
 0.78083247
 0.77980489
  0.7777406
 0.78160136
 0.78275026
 0.77874093
 0.77426086
 0.77178115
 0.76815173
  0.7647876
 0.76635817
 0.77055286
  0.7727573
 0.77521331
 0.77681474
 0.77849219
 0.78236377
 0.78441773
 0.78355621
 0.78085104
 0.78557439
 0.78640838
 0.78602915
 0.78881745
 0.78378849
  0.7846099
  0.7833084
 0.77561714
 0.77581515
 0.77519778
 0.77759636
 0.77987102
 0.77173354
 0.77773156
 0.77452377
 0.77871089
 0.76850856
 0.77429261
 0.76620426
 0.76832722
 0.76712661
 0.77164876
 0.77197131
 0.77144631
 0.76772167
 0.77270432
 0.76570076
 0.75474778
 0.75258698
 0.74680131
 0.75687908
 0.77218449
  0.7701417
 0.77530815
 0.77299355
 0.76889391
 0.77159236
 0.76490152
 0.77140039
 0.77176918
 0.76471849
 0.76970994
 0.76878624
 0.77717535
 0.77815504
 0.77934964
 0.78305126
 0.78002686
 0.78189598
 0.77474786
 0.77291477
 0.76834401
 0.76308725
 0.76307265
 0.75757252
 0.74997398
 0.74718987
 0.74302093
 0.74515141
  0.7432435
 0.74172382
 0.73977005
 0.73706075
 0.73553808
 0.74041401
 0.74205064
 0.73951328
 0.74628225
 0.74725468
 0.74706145
 0.73774411
 0.73161383
 0.73354271
 0.73397635
  0.7313308
 0.72914538
 0.73131373
 0.73552439
  0.7412553
 0.73791682
 0.74460049
 0.74344033
 0.73995808
 0.73912289
 0.74106132
 0.73993951
 0.73908502
  0.7346571
 0.73943277
 0.73316001
 0.74174833
 0.73167125
 0.73741828
 0.73838917
 0.73015194
 0.73165205
 0.73434368
 0.73399799
 0.73932058
 0.73851878
 0.75460393
  0.7578496
  0.7529564
 0.74721969
 0.75087148
 0.75766925
 0.76361719
  0.7646637
  0.7623849
 0.76269909
 0.76232988
 0.76235414
 0.76656533
 0.77042539
 0.76551323
 0.76276597
 0.77048172
 0.77240697
 0.76853269
 0.76965175
 0.77040007
 0.76965771
 0.78261026
  0.7734704
 0.77802422
 0.78361387
 0.79215847
 0.78678557
 0.78730977
 0.78629876
 0.78709159
 0.78475013
  0.7878159
 0.78401053
 0.78887008
 0.79264072
 0.78813888
 0.79045298
 0.79264625
 0.78758598
 0.78964726
 0.77827528
  0.7806717
 0.78711782
 0.78342244
 0.79166283
  0.7855565
 0.78956325
 0.79320492
 0.79224654
 0.79440903
 0.79689964
 0.79507555
  0.7763021
 0.75728612
 0.76868465
 0.77173346
 0.77862642
 0.77020168
 0.77825177
 0.78462633
 0.78109492
 0.77547276
 0.77465901
 0.76948241
 0.76566323
 0.77212935
 0.77099421
 0.76773738
 0.77417504
 0.77673705
 0.78331288
 0.78130645
 0.77964551
 0.77345443
 0.77108709
 0.77032418
 0.77447451
  0.7734793
 0.77340128
 0.77597251
 0.77471315
 0.77324696
 0.77210799
 0.77145885
 0.77079061
 0.77191968
 0.77039897
 0.77041066
 0.76397078
 0.76149976
 0.76617894
 0.76452548
 0.76492885
  0.7686565
 0.77294013
 0.77732445
 0.78111869
 0.78068272
 0.77634192
 0.77599076
 0.78038006
  0.7807409
  0.7838142
 0.77933053
 0.78643035
  0.7898143
 0.79190663
 0.79768741
 0.79641108
 0.80559151
 0.80563119
 0.80348129
 0.80869151
 0.80936975
 0.81942151
 0.81732916
 0.82111922
 0.81820604
 0.81496144
 0.81485314
 0.82048583
 0.82807073
  0.8326695
 0.82894601
 0.82924678
 0.83842398
 0.83186115
 0.82706845
 0.81965838
 0.81591077
  0.8150583
 0.81828015
 0.82357372
 0.82467527
 0.81665564
 0.81572505
 0.82202416
 0.82756103
 0.82501138
  0.8190801
 0.81662145
 0.81584531
 0.82376221
 0.82474907
 0.82467558
 0.82069691
 0.82054571
 0.82542264
  0.8282063
 0.83024278
 0.83395031
 0.83096027
 0.82644796
 0.82843862
 0.83511933
 0.83407253
 0.83980526
 0.83834258
 0.84512811
 0.84247113
 0.84385743
 0.83380727
  0.8313467
 0.83692611
 0.83578207
 0.83591683
 0.83542583
 0.83586224
  0.8351193
 0.83788143
 0.83921803
 0.83920365
 0.84022775
 0.84067103
 0.83996799
 0.84105483
 0.84691819
 0.84415576
 0.84636999
 0.85218867
 0.85373363
 0.85083539
 0.85170463
 0.84939444
 0.84803977
 0.85006175
 0.85053053
 0.85060576
 0.84920644
 0.84477594
 0.84409845
 0.84462218
 0.84523106
 0.84569158
 0.84079619
 0.83463865
 0.83077441
 0.83285459
 0.83523655
 0.83787641
 0.84422489
 0.85012632
 0.85135836
  0.8508058
 0.84996378
    0.84807
 0.84844495
 0.84837303
 0.85359392
 0.84804003
 0.85248273
 0.85698144
 0.85597656
 0.85523937
 0.86064984
 0.86287986
 0.85868061
 0.86226961
 0.85873414
 0.86084832
 0.85949065
 0.85294693
 0.85042148
 0.85380362
 0.85557758
 0.85646477
 0.85131015
 0.85075825
  0.8603123
 0.86621062
 0.86407325
 0.87320376
 0.86867555
  0.8698531
 0.87097131
 0.87003213
 0.86715395
 0.86669262
 0.87585313
 0.87759682
 0.87627458
 0.87399578
 0.87554716
 0.87920331
 0.87394233
 0.86844273
  0.8701651
 0.87042795
  0.8703631
 0.86833555
 0.87290934
 0.87204345
 0.87523143
  0.8722897
 0.87128938
 0.86725057
 0.86571043
 0.86381973
 0.86067458
 0.85809336
 0.86344061
  0.8576211
 0.85787104
 0.85532631
  0.8509281
 0.85875147
  0.8595095
  0.8555608
 0.85619093
 0.86096308
 0.86454411
 0.86378501
 0.86012149
 0.86417316
 0.86290039
  0.8582573
 0.85240202
 0.84987316
 0.84312283
 0.84195101
 0.84969759
 0.84396884
 0.83683851
 0.83003401
 0.83149406
 0.83020904
 0.82275597
 0.81699386
 0.81661667
 0.81365016
 0.81500287
 0.81544024
 0.81890877
 0.80687163
 0.80169339
 0.80030582
 0.80136097
 0.79384144
  0.7953945
 0.80188217
 0.80175186
 0.81281024
 0.80543995
 0.80659474
 0.80927847
 0.81464855
 0.82285566
 0.82921803
 0.82189894
 0.80605525
 0.81133165
 0.81076435
 0.81899419
  0.8256423
 0.82579559
 0.82730982
 0.82882652
 0.83235542
 0.83949475
 0.83834787
 0.83596084
 0.83344754
 0.83513424
 0.84698861
 0.84416313
   0.847498
 0.84507845
 0.84847402
 0.84850197
  0.8496611
 0.84816631
 0.85688066
 0.85177906
 0.84674541
 0.84932889
 0.84801319
 0.85390401
 0.85470062
 0.85996245
 0.86093535
 0.85649357
 0.86313489
 0.86366517
 0.86519676
 0.86338142
 0.86524611
  0.8611229
 0.86570493
 0.85555818
 0.85881979
 0.85489344
 0.85615739
 0.84685272
 0.85139589
 0.84094662
 0.84227497
  0.8413928
 0.84535045
 0.84136177
 0.84493952
 0.84688511
 0.84956439
 0.85531592
 0.85945167
 0.85771619
 0.86123101
 0.85988889
 0.85849084
 0.85515166
 0.85384614
  0.8564109
 0.85492186
 0.85859093
 0.85653406
 0.85612498
 0.85545846
 0.86035719
 0.85517964
 0.85925912
 0.85828794
 0.85620917
 0.85341422
 0.85534753
 0.85866756
 0.85975787
 0.86227455
 0.86032738
 0.86561479
 0.87296601
 0.85961297
 0.85443503
 0.85874835
 0.85226673
 0.85519982
 0.84260095
 0.83660562
 0.83014638
 0.83322165
 0.84330753
 0.84136046
 0.84714141
 0.84857974
 0.84903608
 0.85676121
 0.86199216
 0.85467626
 0.85952239
 0.85448862
 0.84787429
 0.85304303
 0.85445217
 0.84450267
 0.85024496
 0.84817639
 0.85027909
 0.84159618
 0.82714048
 0.82791562
 0.85064044
 0.85909108
 0.86011773
 0.84810916
 0.85324712
 0.84122213
 0.84498753
 0.83972308
 0.84793873
 0.84671681
  0.8494899
 0.86117846
 0.84487107
 0.84885036
 0.85191347
 0.84355302
 0.83527829
 0.82696764
 0.82508219
 0.82888828
 0.82881803
 0.83197358
 0.84382391
 0.83614496
 0.83799892
 0.84560078
 0.84499849
 0.84531771
 0.83955827
 0.83495466
 0.83534594
 0.83357922
 0.82870688
 0.83979902
 0.83698366
 0.82913214
 0.82304541
  0.8242367
 0.81824092
 0.81570226
 0.81514479
 0.81889906
 0.80866396
 0.81751655
 0.82101342
 0.82356409
 0.82835922
  0.8332594
 0.82716239
 0.83312533
 0.83106503
 0.82895841
   0.827971
 0.82589666
 0.82014178
 0.82676349
 0.83172692
 0.81648174
 0.82773512
 0.82341094
 0.83735147
 0.83642172
 0.84807494
 0.84028967
 0.83899223
 0.83381021
 0.84322958
 0.84949161
 0.85752493
 0.85778468
 0.84669137
 0.85164376
 0.85294112
 0.84781336
 0.84415614
 0.84835659
 0.84554645
 0.84894256
 0.84445851
 0.85739092
 0.85628483
 0.85514038
 0.86138558
  0.8607084
 0.86367595
 0.86548963
 0.86292415
 0.85613787
 0.86082225
 0.86297673
 0.85929378
 0.85688335
 0.85390094
 0.84738174
 0.84662807
 0.84396526
 0.84680955
 0.84686977
  0.8488903
 0.84545839
 0.84852108
  0.8469402
 0.84231681
 0.84278846
 0.84897019
 0.84693375
  0.8425175
 0.84439247
 0.84409144
 0.84708134
 0.84822237
 0.85259827
 0.85258022
 0.84586481
 0.85445531
 0.84968694
 0.85003063
 0.85759813
 0.85435168
 0.85170369
  0.8564812
 0.85526906
 0.85912174
 0.85403473
 0.84795946
 0.84827625
 0.85504052
 0.85599462
 0.86166807
 0.85857628
 0.86371285
  0.8656136
 0.87635542
 0.86643118
  0.8549196
 0.85245235
 0.85620559
 0.85208333
  0.8565091
 0.84841488
 0.86063523
 0.86415197
 0.85745381
  0.8631505
 0.86257743
 0.86276361
  0.8652125
 0.86591881
 0.87286494
 0.87402503

