0.017248787
0.015508189
0.014217667
0.014653522
0.014636571
0.014695027
0.014733377
0.014642787
0.014605557
0.014529843
0.014459287
0.014591116
 0.01485503
0.015129025
 0.01457864
0.014590308
0.014581997
0.014557463
0.014471178
0.014379862
0.014545391
0.014622255
0.014645579
0.014686831
0.014812279
0.014819653
0.014840318
0.014940216
0.014888868
0.014816288
0.015102019
0.015252694
0.015663409
0.015664088
 0.01574554
0.015446452
0.015695938
 0.01600486
0.016146783
0.017120476
0.017473686
0.017676378
0.017877754
0.018261928
0.019006094
0.019572071
0.020640947
0.020972155
0.021467583
 0.02150782
0.022071981
0.022134633
0.022183461
0.022402116
0.023088521
0.023007981
 0.02348226
0.023682009
0.023875492
0.024397427
0.025104662
0.025577397
0.025914002
0.026129645
0.026179868
0.026459701
0.026236897
0.025967758
0.026174367
0.026033993
0.026080552
0.025825488
0.026380174
0.027079606
0.026642349
0.026789983
0.027716296
0.027245953
0.028177425
0.028423885
0.028423113
0.029116248
0.028879458
 0.02878443
0.029137462
0.029003431
0.029547304
0.029526193
 0.02981212
0.030272512
0.030259292
  0.0304449
0.030785714
0.031015724
0.031471073
0.031305572
0.031775787
0.031761895
0.031743623
0.031584969
0.031230168
0.031385999
0.031318124
0.031827115
0.031934422
 0.03166704
 0.03254917
0.033471617
0.033482303
0.035527885
0.037525221
0.038413242
0.040363307
0.040692467
0.041256151
0.040919736
 0.04244501
0.042315883
0.042830726
0.045033539
0.044512325
0.045219316
0.046319645
0.046063898
0.046127937
0.046317305
0.046826538
0.047094247
0.047808109
0.048466742
0.048611489
0.048591913
0.050126326
 0.05188167
0.052658813
0.053473448
0.054048341
0.054459554
0.056510552
0.056794862
 0.05924601
0.061105021
0.064123554
0.064800045
0.065937776
0.067119733
0.067840755
0.067223311
0.068676788
0.071460577
0.072894733
0.075322311
0.076175266
0.080167137
0.081241735
0.083297819
0.083541423
0.083978519
0.085339381
0.086890682
0.089592608
0.089768633
0.091324349
0.092481206
0.096159007
0.099671799
 0.10031728
0.098463471
0.099662857
 0.10226713
 0.10256597
 0.10422273
 0.10274657
 0.10433694
 0.10444891
 0.10373092
 0.10441442
  0.1071015
 0.10628166
 0.10685634
 0.10728308
 0.10629778
 0.10798842
 0.10674752
  0.1060444
 0.10667157
  0.1070448
   0.107974
 0.10869436
  0.1097375
 0.11072212
  0.1114609
 0.11302632
 0.11434513
 0.11501959
 0.11492572
 0.11419815
  0.1154442
 0.11776507
 0.11764883
 0.11747088
 0.11725129
 0.11936904
 0.11896878
 0.12017345
 0.12068181
 0.12231575
  0.1248678
  0.1265667
  0.1297644
 0.13121752
 0.13008805
 0.13140472
 0.13279604
 0.13292597
 0.13312252
  0.1329634
 0.13288078
 0.13387769
 0.13642621
 0.13504402
 0.13569269
 0.13594647
 0.14001339
 0.13828845
 0.14107343
 0.14299979
 0.14366133
 0.14486103
 0.14445664
 0.14508986
 0.14467915
 0.14521551
 0.14694864
 0.14626126
 0.14880509
 0.14903389
 0.15097634
 0.15344886
 0.15327428
 0.15462405
 0.15620519
 0.15704129
 0.15797509
 0.16017456
  0.1614178
 0.15973578
 0.16023015
  0.1614425
 0.15835087
 0.16099092
 0.16193505
 0.16159304
 0.16165948
 0.16009353
 0.16135668
 0.16374252
 0.16556901
 0.16906372
 0.17002477
 0.16951264
 0.17219751
 0.17383844
 0.17617182
 0.17857483
 0.18342474
 0.17958425
 0.18310822
  0.1830798
  0.1826259
  0.1801337
 0.18524748
 0.18642537
 0.18795396
 0.18637442
 0.18677208
 0.19044909
 0.19200885
 0.19545409
 0.19560433
  0.1990071
 0.19931934
 0.20085042
 0.20121878
 0.20267828
 0.20487395
 0.20401122
  0.2056231
 0.20296715
 0.20050934
 0.20149437
 0.20172937
 0.20174055
 0.20062465
 0.20169919
 0.19928087
 0.20219803
 0.20428811
 0.20480817
 0.20548114
 0.20362558
 0.20551604
 0.20649942
 0.21198704
 0.21349228
 0.21646134
 0.21536106
 0.21081085
 0.21192637
 0.20898595
  0.2109882
 0.21536888
 0.21844054
 0.21810947
 0.22115867
 0.21938509
 0.21873935
 0.22133061
  0.2249291
 0.22723012
 0.22770057
 0.22896581
 0.23136011
 0.23127038
 0.23660076
 0.23422272
 0.23677693
 0.23685429
 0.23922168
 0.24078401
  0.2449081
 0.24550074
 0.24625661
 0.24256655
 0.24621425
 0.24392857
 0.24684276
 0.24896632
 0.24961301
 0.24847456
 0.24815561
 0.24741766
 0.24854705
 0.25174432
 0.25430174
 0.25338347
 0.25435233
 0.25729486
 0.25717209
 0.26033646
 0.26049243
 0.26192263
 0.26202372
  0.2618292
 0.26163556
 0.26265047
 0.26101682
 0.26135403
 0.26224304
 0.26286275
  0.2617812
 0.26328163
 0.26449298
 0.26481853
 0.26473045
 0.26562989
 0.26622978
 0.26594729
 0.26787597
  0.2685541
 0.26529297
 0.26685014
 0.26613985
 0.26747461
 0.26888452
 0.26833858
 0.26769434
 0.27094221
 0.26682048
 0.26657009
 0.26723669
 0.26637076
 0.26267466
 0.26809232
 0.26643001
 0.26792051
 0.27080532
 0.27345609
 0.27419388
 0.27439678
 0.27558647
 0.27629461
  0.2802091
  0.2803312
 0.28024629
  0.2806873
 0.28130783
 0.28200174
 0.28439565
 0.28374755
  0.2814102
 0.28023457
  0.2777486
 0.27922619
 0.28039251
  0.2810078
 0.28263055
 0.28350644
 0.29077518
 0.29678596
 0.30601533
 0.30594887
 0.30518595
 0.30973648
 0.31122781
 0.31660081
 0.31969008
 0.32668305
 0.32780525
 0.32842345
 0.33201268
 0.33428052
 0.32908384
 0.33224099
 0.33149055
 0.33459101
 0.33248622
 0.33471203
 0.33838807
 0.33693978
 0.34321256
 0.34670099
  0.3426325
 0.34319477
 0.34778254
 0.34703655
 0.34855589
 0.34774489
 0.34993078
 0.35399743
 0.36047635
 0.36562795
 0.36254077
 0.36537133
 0.36344692
 0.36292228
 0.36790301
 0.36743794
 0.37275381
 0.37566704
 0.37170612
   0.380159
 0.37958172
 0.37915096
 0.38224943
 0.37746509
 0.38714228
 0.38486128
 0.38272281
  0.3816043
 0.39641908
 0.39368445
  0.3945879
 0.40809495
  0.4032169
 0.39884556
 0.40793441
 0.40561136
 0.40513159
 0.40437888
 0.40625158
 0.40497625
 0.41220511
 0.41561367
 0.42389046
 0.42961989
 0.43092696
 0.43636374
 0.44084338
 0.44508179
 0.45078337
 0.44695658
 0.45352523
 0.44915324
 0.44905966
 0.44646804
 0.44570494
 0.44710884
 0.44642196
 0.44480831
  0.4415299
 0.43998223
 0.44306911
 0.44262302
 0.44216746
 0.44354151
 0.43890607
  0.4389417
 0.44262397
 0.44400365
 0.44471786
 0.44922876
 0.45066979
 0.44769625
 0.44743985
   0.450182
 0.45219783
 0.45495089
 0.45494204
 0.45805306
 0.46030539
 0.46387498
 0.47203561
  0.4727344
 0.47593626
 0.47556458
  0.4690356
 0.46435385
 0.46306712
 0.46121789
 0.45415365
 0.45712696
 0.46364796
 0.45449019
 0.45390565
 0.44733811
 0.44801372
 0.44886505
 0.45420703
  0.4544667
 0.45821992
 0.46082639
 0.46158683
 0.45858492
   0.459338
 0.46662881
 0.46777904
 0.46764786
 0.46196051
 0.46994553
 0.47291998
 0.47597174
 0.47150241
 0.47876335
 0.47750095
 0.48664801
 0.48577295
 0.49408491
 0.49325893
 0.49090794
 0.48756992
 0.48305993
 0.48415432
 0.48066758
  0.4837592
 0.48229871
  0.4809459
 0.48106731
 0.47520228
 0.47659686
 0.48105766
 0.47777163
 0.48266025
 0.47677722
 0.47850671
 0.48221765
 0.49122738
 0.49647738
 0.49332358
 0.48634052
 0.49072842
 0.48835654
 0.49091609
 0.49542708
 0.49404195
 0.50240163
 0.49648692
 0.50202365
 0.50786279
 0.50552922
 0.50416008
 0.50784637
   0.511332
 0.51206514
 0.51146785
 0.51441127
 0.51470112
 0.51305323
 0.51848127
   0.525879
 0.52400607
 0.52275275
 0.51705643
 0.51766497
 0.51464677
 0.51983374
 0.52345307
 0.52592987
 0.51922035
 0.51881147
 0.51857934
 0.51431694
 0.52216249
  0.5236849
 0.51895733
 0.51567759
 0.51424718
 0.52864477
 0.52859182
 0.53353272
 0.53615282
 0.53089599
 0.53455207
 0.53935665
 0.53950057
 0.54085413
 0.55289055
 0.54795631
 0.54305686
 0.55057891
 0.54890125
 0.55491217
 0.55537228
 0.55554507
 0.55298774
  0.5552792
 0.55947236
 0.56362668
 0.55811031
 0.55924801
 0.55246583
 0.56275199
 0.55831818
 0.54929298
 0.55085082
 0.55119938
 0.54899123
 0.54808841
 0.55337259
 0.55368402
 0.54920274
 0.55103601
 0.54963518
 0.54712249
 0.54349971
 0.54052249
 0.54725655
 0.54140634
 0.53670991
 0.54254532
 0.53346469
  0.5346251
 0.53774797
 0.52950646
 0.53100118
 0.53017564
 0.53042866
 0.53716153
 0.53559962
 0.54307006
 0.54163879
 0.53849684
  0.5404136
 0.53611177
 0.53567183
 0.53226482
 0.53299811
 0.53558591
 0.52631673
 0.52665498
 0.53157835
 0.52781942
 0.53111878
 0.52983265
 0.53109594
 0.53130134
   0.529204
 0.53057623
 0.52519186
 0.53439819
 0.52867668
 0.52970582
 0.53213788
 0.53395176
 0.52976981
 0.53220357
 0.52458237
 0.52159325
 0.52382104
 0.51926481
 0.52747508
  0.5302811
 0.52490502
 0.53576554
 0.53723999
 0.54476332
 0.54521783
 0.54382381
 0.54595111
 0.54375276
 0.54877974
 0.54993412
 0.54071836
 0.54289172
 0.54549733
 0.54542581
 0.54510547
 0.54652697
 0.54957742
 0.54535289
 0.54474313
  0.5516312
 0.54219224
 0.54970728
 0.55105197
 0.54929352
 0.54975071
 0.55542015
  0.5557272
 0.55348376
 0.55716484
 0.55559902
 0.56162815
 0.56830689
 0.57607471
 0.57750395
 0.57952115
 0.57957085
 0.58006272
 0.57842827
 0.57331609
 0.57316481
 0.58024609
 0.58033132
 0.58733354
 0.57586428
 0.58781471
 0.58925715
 0.58734995
 0.58857011
 0.58589134
 0.58502512
 0.58508678
 0.58086363
 0.58315046
 0.58848887
 0.58819039
 0.59644158
 0.59193778
 0.59361595
 0.59595345
 0.59026949
 0.58500251
 0.59068986
 0.59119907
 0.59673195
 0.59713683
  0.5961739
 0.59510349
 0.59058676
 0.59442359
 0.59441276
 0.60033079
 0.59730301
 0.59325692
 0.59569749
  0.5973886
 0.59566975
 0.59567256
 0.59202055
 0.59346075
 0.59128312
 0.58853265
 0.59263506
 0.59291621
 0.59008118
 0.58771532
 0.58989135
 0.58705734
 0.58485905
 0.58823056
 0.58594227
 0.58637798
 0.59017318
 0.59048906
   0.587822
 0.58534116
  0.5851956
 0.58243351
 0.58966771
 0.58349216
 0.58505377
   0.579173
 0.57884847
 0.57584951
  0.5777958
 0.57426778
 0.57627322
 0.57616519
 0.57518277
 0.57615824
 0.57948207
 0.57507478
 0.57298739
 0.56734276
 0.56540441
 0.57682134
 0.57767448
 0.57538871
 0.57359802
 0.57242477
 0.58005453
 0.58121788
 0.58491066
 0.58411597
 0.57981181
 0.58105902
 0.57700873
  0.5793673
 0.58830923
 0.59385123
 0.59449365
 0.59467871
 0.59786382
 0.59993559
 0.59887093
 0.59831447
 0.59298979
 0.58858733
 0.58622837
 0.57912275
 0.57912015
 0.57730045
 0.57666658
 0.58455531
 0.57134118
 0.57059898
 0.57595135
 0.57559584
  0.5823946
 0.58477331
 0.57103426
 0.57774518
 0.57046829
 0.57219004
 0.56839561
 0.57397939
 0.57002733
 0.57172193
 0.57379291
 0.56826303
 0.57864351
 0.57522933
 0.56748036
 0.57051624
  0.5748332
 0.56738742
 0.57160863
  0.5638586
   0.561903
 0.55508975
 0.55209495
 0.55448607
 0.55750102
 0.56201337
 0.56255281
 0.55906635
 0.56631487
 0.55945483
 0.56395688
 0.56726959
 0.57365908
 0.56728001
 0.56721845
 0.57150962
 0.57253961
 0.57495805
 0.57430504
 0.56726247
 0.57526901
  0.5739671
 0.57479265
 0.57573864
  0.5753435
 0.58152677
 0.57104677
 0.57460873
 0.57356735
 0.57073292
 0.57519819
 0.57296954
 0.57096733
 0.57001142
  0.5676192
 0.57144339
  0.5731926
 0.57166622
 0.56924872
 0.56643317
 0.56139971
 0.57083522
 0.56353106
  0.5715165
 0.56771177
 0.57255729
 0.56464579
 0.57359605
 0.57003749
 0.57134326
 0.56576355
  0.5691305
 0.56921361
 0.57044459
 0.57106142
 0.56896384
 0.57268106
 0.56793582
 0.57208882
 0.57356707
 0.57381281
 0.58031157
 0.57534116
 0.57578851
 0.57487533
 0.57297546
 0.57322821
 0.56853222
  0.5749641
 0.57358094
 0.57804726
 0.57444231
 0.57232103
 0.57784854
 0.57699847
 0.57966907
 0.57319691
 0.57289646
 0.57692036
 0.57302758
 0.57077912
 0.57866573
 0.57392353
 0.57672387
 0.57090443
 0.57011683
 0.56908161
 0.57217178
 0.57803066
 0.57923699
 0.57809977
 0.57717525
 0.57291763
 0.57200041
 0.56849933
 0.55517155
 0.56232205
 0.56149519
 0.56630921
 0.56996922
 0.56600891
  0.5716815
 0.57621409
 0.57728068
 0.57106667
 0.57432256
 0.57680456
  0.5776931
 0.57588948
 0.57724229
  0.5730637
 0.57164272
 0.57924156
  0.5764834
 0.57984461
 0.57840529
 0.58196753
 0.57881081
  0.5824132
 0.58386042
 0.58716728
 0.58383715
 0.58854987
  0.5838848
 0.58835247
 0.58665966
 0.58650003
 0.58463946
 0.58237574
 0.58298998
 0.58380604
 0.58168689
 0.58498895
 0.57928288
 0.58414047
 0.58464477
 0.58514919
  0.5838146
 0.58220414
  0.5839535
 0.58902754
 0.58800034
 0.59188924
 0.58919612
 0.59478658
 0.59677612
 0.59895239
  0.6003268
 0.59800262
 0.59903927
 0.59907119
 0.60564996
 0.60285758
 0.60010419
 0.59967523
 0.60354586
 0.59593594
 0.60078369
 0.60318505
 0.60271637
 0.59548466
 0.60606357
 0.60586292
 0.61402673
 0.60393432
 0.60565282
 0.60757351
 0.61390632
  0.6187912
 0.62385937
 0.61828029
 0.62348007
 0.62547047
 0.62226724
 0.62656348
 0.62808893
 0.62424385
 0.63637072
 0.63433932
 0.63851114
 0.64241752
 0.64551665
 0.64779389
 0.64745411
 0.65261086
 0.65233934
 0.65501102
 0.66049323
 0.65776009
 0.66164242
 0.65949948
 0.66653021
 0.65848968
 0.65599147
 0.65551682
 0.64625968
 0.64374618
 0.64826546
 0.64469984
 0.64754018
 0.64857273
 0.64916653
 0.65470352
 0.65235497
 0.66121613
 0.66033234
 0.66923972
 0.67232025
 0.67489135
 0.66976846
 0.67560227
 0.67723943
 0.67337897
 0.67405844
 0.67356212
 0.66959382
 0.66672774
 0.66868658
 0.66739523
 0.66517974
  0.6618725
 0.66297949
 0.65406327
 0.66417107
 0.65708807
 0.66527649
 0.65487894
 0.65632003
 0.66655854
 0.64899765
 0.66247865
 0.66334206
 0.66531548
 0.66727897
 0.66291078
 0.66442293
 0.66956286
 0.66966812
 0.66792551
 0.67104972
 0.66678461
 0.66504534
 0.66918168
 0.67551562
 0.67720513
 0.68220903
 0.67777373
 0.67840629
 0.67921873
 0.67897108
 0.67439652
 0.67614427
 0.67995305
 0.68430996
 0.68513218
 0.68660367
 0.68600291
 0.67992408
 0.68281518
 0.68490262
  0.6808302
 0.67233051
 0.67297132
 0.68118405
 0.68155544
 0.68366717
 0.68017711
 0.67669679
 0.68212575
 0.68082372
 0.67826806
 0.68266538
 0.68185358
 0.68708069
 0.68173956
 0.68345651
 0.68551332
 0.68408055
 0.68123634
 0.67609915
 0.67609058
 0.67161569
 0.67346215
 0.68031416
  0.6750381
  0.6721582
 0.66512139
 0.66257193
 0.66555741
 0.66419858
 0.66696629
 0.67407331
 0.66675219
 0.66924542
 0.67299322
 0.67650206
 0.67813252
  0.6740686
 0.67511096
 0.67854134
 0.67970648
 0.67748339
 0.67914224
 0.67376601
 0.67500761
 0.67246242
 0.67675936
 0.67747617
 0.67673288
 0.67441095
 0.68143619
 0.67853212
 0.68079864
 0.67895759
 0.67907269
 0.67677737
 0.67648994
 0.67973316
 0.67092371
 0.67338237
 0.67936703
 0.67959697
 0.66827113
 0.67509695
 0.68312736
 0.68785686
 0.68727574
 0.68089494
 0.68316697
  0.6858485
 0.68795857
 0.68020323
 0.67354431
 0.68232377
 0.68263099
  0.6912653
 0.69522566
 0.70525663
 0.69741235
 0.69423854
 0.70211929
 0.69785105
 0.68970015
 0.69126809
 0.70013376
 0.69462692
 0.69589167
 0.69127503
 0.69290368
 0.69759038
 0.69900764
 0.70648086
 0.70195638
 0.70351678
  0.7034738
 0.70484756
 0.71282715
 0.71107069
 0.70746351
 0.70949166
 0.69634779
 0.70584418
 0.69531651
 0.70018529
 0.68862448
 0.69176138
 0.68117155
 0.67997466
 0.68338071
 0.68873605
  0.6922113
 0.69634668
 0.68735321
 0.68312894
 0.69735752
 0.69347874
 0.70481984
 0.70383007
 0.70830711
   0.712609
 0.72444538
 0.72025451
  0.7217599
 0.72370956
 0.72669507
 0.73226612
 0.72536732
  0.7217015
 0.72262041
 0.72133004
 0.72729843
 0.71432634
 0.71430358
 0.71405105
 0.71485318
 0.71811795
 0.71483584
 0.70208302
 0.71022212
 0.70998051
 0.71914375
 0.71806642
 0.72678918
 0.72316389
 0.73257014
 0.72915855
 0.72704947
 0.73184742
 0.72502691
  0.7209668
 0.72384018
 0.73335542
 0.73928077
 0.72972292
 0.73937001
 0.74132986
 0.74284285
 0.73599077
 0.73750257
  0.7356115
 0.73425412
  0.7391143
 0.73897179
 0.74279889
 0.73940895
 0.73585218
 0.72562785
 0.72643817
 0.72575342
 0.72720242
 0.73112119
 0.72831821
 0.73163749
 0.73467006
 0.72918903
 0.73018135
 0.72552471
 0.72799625
 0.72663525
 0.71821041
 0.71785598
  0.7068026
 0.69905317
 0.69855963
 0.69254848
 0.69869357
 0.70115227
 0.70353919
 0.71194765
 0.71267081
 0.71620144
 0.71090034
 0.71377564
 0.71278142
 0.71596405
 0.71047299
 0.71218819
 0.70827245
 0.70454659
 0.70803522
 0.70911992
 0.70386494
 0.70529099
 0.71102004
 0.71673765
 0.70889452
 0.71192075
 0.71085303
 0.72078574
 0.71670802
 0.71993916
  0.7189795
 0.72504319
 0.73051319
 0.72335871
 0.72448724
 0.72819627
 0.73023272
  0.7313977
 0.72529871
 0.73503601
  0.7317328
 0.73973491
 0.73986454
 0.74292619
 0.74081357
 0.74478145
 0.74552489
 0.74819476
  0.7533243
 0.74690145
 0.75142812
 0.75709168
 0.75630089
 0.75934512
 0.75302589
 0.76185369
 0.76359025
 0.75829919
 0.76690252
 0.76161481
 0.76111119
  0.7576368
 0.75748412
 0.75360395
 0.75766012
 0.75396555
  0.7469031
 0.74231382
 0.75227212
 0.76310086
 0.76509533
 0.75567878
 0.76541535
    0.76697
 0.76973099
 0.76952912
 0.76704673
 0.77056925
 0.77030621
 0.77324293
 0.76975015
 0.77462695
 0.76428753
 0.77986511
 0.76925135
 0.77548429
 0.77233973
  0.7724682
 0.77143469
 0.78156429
 0.77977334
 0.77746433
 0.77958992
 0.78014978
 0.78136421
 0.77383175
 0.77193803
 0.77160223
 0.77284794
 0.76736407
 0.76337906
  0.7703466
 0.76843395
 0.76259306
 0.76254064
 0.76030073
   0.753474
 0.75776744
 0.75042243
 0.75915087
 0.75732157
 0.75381269
 0.76409412
 0.75753362
 0.75996137
 0.75884039
 0.74861003
 0.75850588
 0.75536088
 0.75974188
 0.76301311
 0.76326637
 0.76326358
 0.76049386
 0.76259087
 0.76803666
 0.77246753
 0.77635992
 0.77068834
 0.76983708
 0.76964558
 0.76983352
 0.77443331
 0.76474262
 0.76468653
 0.76114389
 0.76017658
 0.75771918
 0.75580236
 0.76699826
 0.75999454
 0.75518049
 0.74609497
  0.7533958
   0.748566
 0.74773673
 0.74243027
 0.73743923
 0.74314066
 0.73408072
 0.73637489
 0.72536915
 0.73030566
 0.73474887
 0.73746681
 0.73693489
 0.74331624
 0.73226608
 0.74228899
 0.74319084
 0.75133112
 0.74921262
 0.74534694
 0.74245472
 0.74992067
 0.74318315
 0.75458422
 0.74367495
  0.7505869
 0.75522457
 0.75412288
 0.75192702
 0.74999501
 0.74415249
 0.75470093
 0.75562916
 0.76200474
 0.76048875
 0.75926342
 0.75664493
  0.7663429
 0.76143284
 0.76511026
  0.7605072
 0.75883493
 0.76329494
 0.76547636
 0.76982693
 0.77348302
 0.77349193
  0.7719133
 0.77904062
 0.77960483
 0.78168996
 0.77769297
 0.77548712
 0.77583725
 0.77434231
 0.77695138
 0.77681705
 0.78020541
 0.77909608
 0.78036002
 0.78458203
 0.78749661
 0.78735094
 0.79265691
  0.7908412
 0.78677099
 0.77399958
 0.77789716
 0.78176592
 0.78310415
 0.77930912
 0.78351712
 0.78788539
  0.7885352
 0.79032106
 0.78762548
 0.78932373
 0.79050142
 0.78620729
 0.78409753
 0.78539557
 0.78814135
 0.79078504
  0.7894818
 0.79213967
 0.79641773
 0.79804933
 0.79776006
 0.80014216
 0.80154338
 0.79778843
  0.7998177
 0.79776728
 0.79898535
 0.79828718
 0.80687817
 0.79342094
 0.80620658
 0.80326324
 0.81104792
  0.8125021
 0.80901408
 0.81141483
 0.80650589
  0.8014149
 0.79279421
 0.78762109
 0.78259659
   0.789659
 0.80233481
  0.8027045
 0.80364062
 0.80834178
 0.80873439
 0.81364127
 0.80635065
 0.81621377
 0.81883032
 0.82623307
 0.82211254
 0.82553997
 0.82615861
 0.82346848
 0.82521938
 0.82444069
 0.82723618
 0.82706666
  0.8271259
 0.83077418
 0.83139938
 0.82896089
 0.83130404
 0.83627968
 0.82859485
 0.83305004
 0.82957888
 0.83774408
 0.84304769
 0.84726292
   0.842708
 0.84918468
 0.84449071
 0.85428169
 0.84679195
 0.85321022
 0.85275036
 0.84007872
 0.83520189
 0.83432094
 0.84026011
 0.82807258
 0.83671054
 0.83946308
 0.83410036
 0.82945409
  0.8303191
 0.83621868
 0.83463223
 0.83698019
 0.84280848
 0.83521532
 0.83141617
 0.83448474
 0.84173599
 0.82581403
 0.83717748
 0.81934287
 0.81419226
  0.8105144
 0.81686495
 0.81063904
 0.80556938
 0.81157296
 0.81371217
  0.8162128
 0.80289668
 0.81162756
 0.82233499
 0.81283248
 0.81752519
 0.81719047
 0.80603562
 0.80119428
 0.80867555
 0.82014366
 0.80428976
 0.80725206
 0.81801008
 0.82341498
 0.83351894
 0.82357027
 0.82847297
 0.82144114
 0.81493828
 0.80534448
 0.81487739
 0.81155637
 0.80875322
 0.80726099
 0.80815592
 0.80780502
 0.80594012
 0.80442301
 0.80552872
 0.80445669
 0.81445535
 0.81093594
 0.81044227
 0.81599952
 0.81308616
 0.82145813
 0.81999573
 0.82271875
 0.82487718
 0.82356528
 0.81485065
 0.81216668
 0.81661615
 0.82203454
  0.8122303
 0.80568818
 0.81080605
 0.81456121
 0.82008462
 0.83223646
 0.83786497
 0.83649401
 0.83463059
 0.83559448
  0.8351744
 0.83719339
 0.84726909
 0.85083999
 0.85405865
 0.85893991
 0.85875478
 0.86298929
 0.85661181
 0.85747337
 0.86109563
 0.85549643
 0.85221348
 0.85565878
 0.85721106
 0.85471706
 0.84508215
 0.85820534
 0.85453343
 0.85630776
 0.85657971
 0.85667346
  0.8535159
 0.84852555
  0.8437821
 0.83623311
 0.84330977
 0.83279046
  0.8376366
 0.83534393
 0.84047056
 0.84055271
 0.83504308
 0.83156732
 0.83359275
 0.82589706
 0.82049081
 0.81817191
    0.81167
 0.80623587
 0.81477237
 0.81806446
 0.81104562
 0.81663097
 0.81642026
 0.82562198
 0.82173916
 0.82326566
 0.82289835
 0.82328551
 0.81399008
 0.82035056
 0.81958048
 0.81387509
 0.81905391
 0.81811868
    0.82638
 0.82548227
 0.82408074
 0.83225001
 0.82919401
 0.83151425
 0.83998611
  0.8388291
 0.84576278
 0.85105302
 0.85485665
 0.85274735
 0.84942619
 0.84698189
 0.85156839
 0.85057912
 0.85079677
 0.85543365
 0.86034388
 0.85789763
 0.86064672
 0.86477664
 0.86358701
 0.86352195
 0.86029098
 0.85414751
  0.8627032
 0.86135491
 0.86299034
 0.86622597
 0.85910524
 0.87340609
 0.86861094
 0.86943874
  0.8538046
 0.85805562
 0.85122922
 0.86173152
 0.86162787
 0.87045879
 0.87377003
 0.87712079
 0.87809734
 0.87423416
 0.87131509
 0.86282251
 0.86019778
 0.86087747
 0.86185215
 0.85609316
 0.87002738
 0.87388821
 0.87625038
 0.88043941
 0.88567812
 0.87490086
 0.87723481
 0.87964595
 0.87951067
 0.87592012
 0.87888162
 0.87275169
 0.88133807
 0.88217332
 0.87983654
 0.87700859
 0.88140009
 0.87720836
  0.8823987
 0.87894444
 0.87971808
 0.88323639
 0.88188896
 0.87111063
 0.87122651
 0.87387944
 0.86800372
 0.86364671
 0.86401321
 0.87485273
 0.86951237
  0.8831242
 0.88100146
 0.88628019
 0.87863685
  0.8861968
 0.87611746
 0.87963168
 0.87777474
 0.86988756
 0.86295523
 0.86686246
 0.86983807
 0.86972571
 0.87297042
 0.87055438
 0.86046168
 0.86140238
 0.85578196
 0.85412379
 0.85597741
 0.85027829
 0.85730264
 0.85271799
 0.85082919
 0.85068559
 0.85689701
 0.85863419
 0.85496319
 0.85668861
 0.84379851
 0.84251714
 0.84281918
 0.84164499
 0.84610294
 0.84034772
 0.83701249
 0.83699948
 0.84494847
 0.84794051
 0.85415993
 0.85574035
 0.85802196
 0.86136306
 0.85459617
 0.85577537
 0.84718213
 0.84205661
 0.84269079
 0.84965026
 0.85039821
 0.83630465
 0.84730819
 0.83244908
 0.84068784
 0.84623646
 0.85096766
 0.84656539
  0.8567508
 0.85391337
 0.85708103
 0.85413315
  0.8491893
 0.85302142
 0.86055006
 0.85257188
 0.85689567
 0.85464855
 0.84691982
 0.85441846
 0.85750467
 0.86029895
 0.86157762
 0.86283879
 0.85776267
 0.85436066
 0.85698704
 0.85533202
 0.84795992
 0.84204975
 0.84383694
 0.84129222
 0.83640388
 0.83102482
 0.81944019
 0.82486718
 0.82110846
 0.81475787
 0.81559736
 0.81542933
 0.79813335
 0.79270493
 0.80360428
 0.81115396
 0.81329953
 0.81557659
 0.80177978
  0.8119733
 0.80706031
 0.80727966
 0.81693526
 0.81405375
 0.80879993
 0.82251284
 0.83625166
 0.84585726
 0.84149872
 0.84099073
 0.83863594
 0.83925179
 0.84807844
 0.84553845
 0.85162096
 0.84952967
 0.85429753
 0.84865884
 0.85488601
 0.84729935
 0.84334127
 0.84431384
 0.83715857
 0.83732876
 0.84052366
 0.84772981
 0.84394245
 0.83810642
 0.84195088
 0.84086212
  0.8384207
  0.8316304
 0.82604679
 0.82794388
 0.83861877
 0.83026257
 0.83092148
 0.83294673
 0.83119288
  0.8317704
 0.83814573
 0.83805824
 0.84293303
 0.83941575
 0.83853224
 0.84343116
 0.83407298
 0.84272307
 0.84595206
 0.84972646
 0.85404005
 0.85090602
 0.84552675
 0.84039294
 0.83279893
 0.83900141
 0.84593172
 0.84814836
 0.86306266
 0.86085061
 0.86229444
 0.85986398
 0.86100044
 0.86475095
 0.85657193
 0.85980582
 0.86131173
  0.8546698
 0.85813138
 0.86515721
 0.86767557
 0.86233708
 0.86560937
 0.86179254
  0.8627354
 0.85585833
 0.85360861
 0.84790424
 0.84745522
 0.84473911
  0.8462847
 0.84238494
 0.84277901
 0.84592009
  0.8382491
 0.84325039
 0.84173187
 0.85237766
 0.85459629
 0.86035816
 0.86137884
   0.854513
 0.85254837
 0.86224899
 0.86084129
 0.85370458
  0.8507893
 0.84210487
 0.84378317
 0.84373646
 0.84187904
 0.83520664
 0.83753121
 0.84651821
 0.85172935
 0.85523972
 0.85663437
 0.86087513
 0.86302444
 0.86611848
 0.86713829
 0.86770703
 0.87833474
 0.87371006
 0.87005089
 0.87347357
 0.86526077
 0.86323102
 0.85444821
 0.84813617
 0.86480393
 0.85452434
 0.86548194
 0.86292466
 0.85872953
 0.86675404
 0.86483916
 0.86229911
 0.85585507
 0.86718616
 0.86556711
 0.86964605
 0.87137046
 0.86659572
 0.86927911
 0.87039329
 0.87111275
 0.87239087
 0.87428814
 0.86966526
 0.86547966
 0.86939445
  0.8727524
 0.86243457
  0.8729289
 0.87718891
 0.87547847
 0.86759137
 0.87389263
 0.87350962
 0.87031044
 0.85620346
 0.85873811
 0.84768558
  0.8568201
 0.85361641
 0.84784498
 0.85588088
 0.86511077
 0.86480011
 0.87344085
  0.8632734
  0.8673609
 0.85993341
 0.86352176
 0.86686834
 0.86594865
 0.87399127
 0.87205586
 0.87520384
  0.8762739
 0.87490375
 0.86509027
 0.87175404
 0.85849471
 0.87211207
 0.86368381
 0.85941386
 0.85679159
 0.85421129
 0.85219458
 0.85346573
 0.85731007
 0.86695651
 0.86572764
 0.85715267
 0.85709203
 0.85007868
 0.85526811
 0.85097434
 0.84999085
 0.84427194
 0.83856859
 0.84313812
 0.84133839
 0.83279684
 0.83498614
 0.84124177
  0.8328769
 0.84163285
 0.85611011
 0.85173225
 0.84595394
 0.84589778
 0.85116906
 0.85776254
 0.86595441
 0.86564324
 0.86031148
 0.85878915
 0.85733035
 0.85967717
 0.85746989
 0.85979378
 0.86144417
 0.85559644
 0.86282437
  0.8503627
 0.85575332
 0.85743855
 0.85374267
 0.85445812
 0.85354941
 0.85782757
 0.85235569
 0.86488329
 0.86793083
 0.86938885
 0.86791063
 0.85825702
 0.85752181
 0.86517549
 0.86120488
  0.8686621
 0.86723844
 0.86745902
 0.85821366
 0.86862896
  0.8674994
 0.86937608
 0.86278815
 0.87324004
  0.8715283
 0.87572283
  0.8800365
 0.87970685
 0.87650215
 0.87895821
 0.87809548
 0.87978628
 0.88542791
  0.8817518
 0.88880488
 0.88588165
 0.88782952
 0.88449318
  0.8832967
 0.88340136
 0.88638288
 0.87916343
 0.87708378
 0.86963151
 0.86569132
 0.86092853
 0.87154768
 0.86414074
 0.86343248
 0.86637145
  0.8725932
 0.87903583
 0.88242183
 0.88454196
 0.88986489
 0.88694015
 0.89027978
 0.88472851
 0.88608686
   0.888873
 0.88299994
 0.87981549
 0.88264708
  0.8809985
  0.8868699
 0.88508233
 0.89126088
 0.88935936
 0.89500591
 0.89339167
 0.88763959
 0.88034814
 0.88261117
 0.88480655
 0.88886106
 0.88800996
 0.89244225
 0.89767392
 0.89410898
 0.89656746
 0.89863854
 0.89679537
 0.89777498
 0.89547105
 0.89311561
 0.89132533
 0.89079337
 0.89227843
  0.8861261
 0.88383276
 0.88608398
 0.88266048
 0.88211339
 0.87869981
 0.87429258
 0.87034291
  0.8652384
 0.87637672
 0.86857849
 0.87404176
 0.87370915
 0.88010081
 0.87508576
 0.87983335
 0.87815864
 0.87609682
 0.88168712
 0.86438399
 0.86331654
 0.85578291
 0.85484396
 0.85940003
 0.85808959
 0.86634239
 0.87637593
 0.87749169
 0.87483024
 0.87317065
 0.87160495
 0.86921607
 0.86927327
 0.86891076
 0.87115656
 0.87223231
 0.87764242
 0.89321552
  0.8939724
 0.89110746
  0.8917776
 0.89240241
 0.89266444
 0.89388751
 0.89679315
 0.89432463
 0.89522505
 0.89543224
   0.893807
 0.89220004
 0.89675806
 0.89444238
  0.8950748
 0.88965479
 0.89272038
  0.8928142
 0.89181372
 0.89511271
 0.89001985
 0.88802486
 0.89151436
 0.88969046
 0.88725714
 0.88592757
  0.8801427
 0.87119401
 0.87035952
 0.87825634
 0.89069072
 0.89871983
 0.90209255
 0.89354297
 0.89828993
  0.9024723
 0.91295767
 0.91203435
 0.91559669
 0.91298588
 0.91844163
 0.91200664
 0.90359518
 0.90195047
   0.905874
 0.90806978
 0.90540268
 0.90350991
 0.91695838
 0.91759668
 0.91614578
 0.91643995
 0.91680539
 0.91510872
 0.91641699
 0.91150254
 0.91196295
 0.91080628
 0.90516082
  0.9032534
 0.90962507
 0.90691856
 0.91034424
 0.91231062
 0.92057097
 0.92185151
 0.92158504
 0.92147905
 0.92085016
 0.92281985
 0.91740407
 0.92063967
 0.92327923
 0.92041099
 0.92032201
 0.92174799
  0.9227827
  0.9246171
 0.92321075
 0.92568166
 0.92397752
 0.92173383
 0.92169513
 0.92354311
 0.91565484
 0.91790278
  0.9177613
 0.91897854
 0.91614939
 0.91001878
 0.90746812
 0.90041272
  0.8954963
 0.88462834
 0.88326391
 0.88716938
 0.89252486
 0.89133767
 0.88716673
 0.88752445
 0.89176071
 0.89225577
 0.89041006
 0.88991158
  0.8855981
 0.89029479
 0.88059282
 0.88639889
 0.88890443
 0.89548336
 0.89183847
 0.88695318
 0.88083394
 0.88761615
 0.88482152
 0.88376865
 0.89268756
 0.89136905
 0.89492097
 0.89571341
 0.89655458
 0.89821243
 0.90006069
  0.9008977
 0.88990184
 0.88892662
 0.89901379
 0.90137518
 0.90540551
 0.90554705
  0.9082408
 0.90826873
 0.90716474
 0.90423802
 0.89941715
 0.89569372
 0.90297291
 0.89525405
 0.90134168
 0.90360364
 0.89780035
 0.90525311
  0.9100465
 0.90429401
  0.8932347
 0.89910078
 0.89034968
 0.89217604
  0.8781788
 0.88720529
 0.88175721
 0.88890343
 0.88797927
 0.88611078
 0.88230187
 0.88582133
 0.88306952
 0.88047451
 0.87844672
 0.88336771
 0.87607345
 0.88478395
  0.8816544
 0.88626141
 0.88649459
 0.88904896
 0.88481832
 0.88968291
 0.88736868
 0.88583293
  0.8919358
 0.89251622
 0.89748796
 0.90409312
 0.90305562
  0.9004391
 0.90251006
 0.89986668
 0.89957902
 0.89761296
  0.8929249
 0.89795035
 0.90229681
 0.90190527
 0.89556665
 0.89555881
 0.89351267
 0.88855813
 0.88959132
  0.8883821
 0.89582114
 0.89225674
 0.89749343
 0.89491358
 0.89271537
 0.89210008
 0.89620408
 0.88853731
 0.89253504
 0.89154507
 0.89000473
 0.88699906
  0.8830758
 0.87696848
 0.87122594
 0.86843862
 0.87462133
 0.87816453
 0.87145128
 0.87081659
 0.87884069
    0.88652
 0.88882087
 0.89110542
 0.88764726
 0.89504942
 0.90042691
 0.90326769
 0.90349759
   0.900724
 0.89956139
 0.90176635
 0.90134589
 0.90198399
  0.9003925
 0.89452682
 0.89497461
 0.89664584
 0.89574733
  0.9000923
 0.89377546
 0.89373087
 0.89184355
 0.88814219
 0.88466521
 0.89282487
 0.88782172
 0.88844759
 0.89238696
 0.88911881
  0.8860879
 0.89408613
 0.89704301
 0.89573304
 0.90025599
 0.89901195
 0.89993373
 0.90014723
 0.89708671
 0.89805084
 0.89591419
 0.89628729
 0.88701328
 0.88373031
 0.88566736
  0.8810233
 0.88302979
 0.87517898
 0.87813184
 0.88291847
 0.87830844
 0.88677251
 0.88601239
 0.88361101
 0.88460328
 0.88426007
 0.88502832
 0.88669441
 0.88892133
 0.89039066
 0.88775634
 0.89143293
  0.8893448
 0.88822863
 0.89221461
 0.89425234
 0.89312424
 0.89610159
 0.89559385
 0.89314924
 0.88934695
 0.88704878
 0.88533493
 0.88556962
 0.88369767
 0.88063126
 0.88233188
  0.8833152
 0.87723128
  0.8756622
 0.87574356
 0.87388739
 0.87211195
 0.87364248
 0.87491374
 0.87211793
 0.86819528
 0.87318407
 0.86789401
 0.87442803
 0.87412004
 0.86560242
 0.86705573
 0.87831372
 0.88028364
 0.88352855
 0.88563781
 0.88810365
 0.88999196
 0.88408334
 0.88287016
 0.88276988
 0.88782192
 0.88292377
 0.88218993
 0.88426268
 0.87768067
 0.87594006
 0.87722745
 0.88626629
 0.88175813
 0.88119649
 0.87740251
  0.8793225
 0.88018378
 0.87948979
 0.88177577
 0.88107632
 0.87709225
 0.87585068
   0.870755
 0.87070581
 0.86237024
 0.85555774
  0.8438492
 0.84613822
 0.84598984
 0.85381538
 0.84896081
 0.85134147
 0.84597498
 0.84930372
 0.85356209
 0.84369281
  0.8454731
 0.84696011
 0.84472692
 0.84583708
  0.8465554
 0.84508127
 0.84562666
 0.83648796
 0.84304831
 0.84665574
 0.85335482
 0.86042658
 0.86269403
 0.86241739
  0.8605964
 0.86345789
 0.85959958
 0.86058795
 0.85828635
 0.86262199
 0.86281457
 0.86317409
 0.86486884
 0.86209966
 0.86058421
 0.85179044
 0.84916362
 0.83960379
 0.84746639
 0.83636449
 0.82370318
 0.81804366
 0.83237294
 0.83144828
  0.8451422
 0.84890783
 0.85797988
 0.86872957
 0.87030667
 0.86891269
  0.8662526
 0.86760239
 0.86738238
 0.86800266
 0.86749205
  0.8625414
 0.86300822
 0.86673065
 0.86144639
 0.86193281
 0.85853732
 0.86014503
 0.85230765
 0.85810478
 0.86314974
   0.870477
 0.87502028
 0.86885928
 0.86694818
 0.86634882
 0.85820973
 0.85539292
 0.85712567
 0.85027814
 0.85049808
 0.83920217
 0.84130065
 0.83691591
 0.84299206
 0.84197515
 0.84258354
 0.84351059
 0.84254746
 0.84408313
 0.85060795
 0.84690842
 0.84566202
 0.84746703
 0.84299346
  0.8431443
 0.85217743
 0.86270371
 0.86611533
 0.86265118
 0.86277665
 0.86295197
 0.85945144
 0.85764812
 0.84875285
  0.8478716
 0.84537575
 0.84534531
 0.83707026
 0.84448928
 0.84558601
 0.84795149
 0.84308151
 0.84611238
 0.84673884
 0.85255986
 0.84860289
 0.85289669
 0.85775168
 0.85445423
 0.85553393
 0.86783422
 0.86302061
 0.86583312
 0.86583547
 0.87265103
 0.87677859
 0.87604173
  0.8740981
 0.87163256
 0.86381151
 0.86405453
 0.86476075
 0.86459723
 0.86528336
 0.86776386
 0.86938835
 0.87437276
 0.87431884
  0.8696926
   0.860344
 0.85728302
 0.85426251
 0.85775593
  0.8583811
  0.8577562
 0.86166371
 0.85772601
 0.86266455
 0.86107946
 0.86141393
 0.85813995
 0.85906694
 0.85370299
 0.85821674
 0.85415859
 0.85593977
 0.85435868
 0.85468333
     0.8586
 0.85918872
 0.85957183
 0.86384515
 0.86387054
 0.86861117
  0.8638342
 0.87158873
 0.87461052
 0.87169395
 0.86674573
 0.86820836
 0.87713937
 0.87329044
 0.87433607
 0.86757624
 0.87443001
 0.87460571
 0.87478246
 0.87006741
 0.87074539
 0.86078942
 0.85951309
 0.86025379
  0.8573574
 0.85109026
 0.84271247
 0.84303556
 0.82765301
 0.83926736
 0.84901371
 0.85040887
 0.85188505
  0.8548495
 0.85423725
 0.85128256
 0.84816616
 0.84965099
 0.85361351
 0.85458573
 0.85281849
 0.85139754
 0.85217286
 0.85161056
 0.84649989
 0.84316348
  0.8479777
 0.85087774
 0.84574559
 0.84024842
 0.83716904
  0.8337943
 0.83730993
 0.83961216
  0.8370022
 0.83878117
  0.8385349
  0.8407722
 0.84242389
 0.84281777
 0.84008032
 0.85112925
  0.8448412
 0.84129958
 0.84122966
  0.8467178
 0.84414455
 0.83850404
 0.83556994
 0.82955392
 0.83771622
 0.83689862
 0.82761669
 0.83330877
 0.83784035
 0.84393605
 0.84434955
 0.84296316
 0.83628786
 0.83154651
 0.83907302
  0.8460005
 0.84201777
 0.84473478
  0.8483582
 0.84407675
  0.8403443
 0.84962236
 0.85522571
 0.85648422
 0.86180311
 0.86155076
  0.8634669
 0.86348382
 0.85813212
 0.86720189
 0.86805346
 0.87217314
 0.87435226
  0.8716598
 0.86261324
 0.86294493
 0.86370896
 0.86421567
 0.86196364
 0.85323453
 0.85690152
 0.85783514
 0.86002286
 0.86461584
 0.86975861
 0.86261533
 0.86438584
 0.86536919
 0.86252642
 0.86398789
 0.86456674
  0.8667931
 0.86905152
  0.8682958
 0.86916009
  0.8658554
 0.86837386
 0.87392494
 0.86986437
 0.87241653
 0.86995455
 0.86503042
  0.8607717
 0.85932766
 0.85852818
 0.86388626
 0.86843072
 0.86348556
 0.86803359
 0.86762742
 0.85862823
 0.86836821
 0.86957755
 0.86792054
  0.8594357
 0.86246068
 0.86498412
    0.86096
 0.85854101
 0.85362539
  0.8545285
 0.85606472
 0.86017121
 0.85713622
 0.85739679
 0.85155064
  0.8524946
 0.85190504
  0.8526689
 0.85157303
 0.84566276
 0.84635843
 0.84296485
 0.84842488
 0.84853708
 0.85248701
 0.85675674
 0.86015076
 0.86603362
 0.86942441
 0.87008703
 0.87214106
 0.86926042
 0.87141302
 0.86634817
 0.86593985
 0.87075051
  0.8725525
 0.87878408
  0.8753714
 0.87484726
 0.86751171
 0.86371908
  0.8740929
 0.87204182
 0.87129163
 0.86494156
 0.86717017
 0.86193826
 0.86565498
 0.86737356
 0.87317294
 0.86858267
 0.87038133
  0.8750168
 0.87139047
  0.8718345
 0.86928632
  0.8749933
  0.8813293
 0.87372278
 0.87040676
 0.86354986
 0.85809895
 0.85211905
 0.85381375
 0.86414116
 0.86874586
 0.87304735
 0.86222053
 0.86613126
 0.86702094
 0.86271224
 0.86125154
 0.86303834
 0.86241579
 0.86117098
 0.85610703
 0.86186719
 0.85626012
 0.85847933
 0.86358539
 0.86767782
 0.86716366
 0.86624247
 0.86771571
 0.87047549
 0.86399112
 0.86465117
 0.85895513
 0.85862946
 0.87213372
 0.88006613
 0.87722266
 0.88150193
 0.87855406
  0.8885836
 0.89054524
 0.89218838
 0.89508899
  0.8960272
 0.90260068
 0.91450065
 0.91286695
 0.91937234
  0.9147329
 0.91173743
 0.91135595
  0.9092421
 0.90164698
 0.89808975
 0.90339464
 0.90598025
 0.90743701
 0.90526157
 0.90216803
 0.89223949
  0.8885003
 0.88707171
 0.88670048
 0.88408793
 0.88497539
  0.8763402
 0.87735844
 0.88430782
 0.88731122
 0.88216255
 0.88561745
  0.8835359
 0.88207653
 0.88211927
 0.87524188
 0.87316624
 0.87324302
 0.87089111
 0.86857691
 0.87486692
 0.87576898
 0.87665382
 0.87788411
 0.88248016
  0.8832858
 0.88289855
 0.88040498
 0.88307532
 0.88420902
 0.88869229
 0.89023891
 0.89234283
 0.88349089
 0.88614908
 0.88310601
 0.88229833
 0.87975447
 0.88483532
 0.88363225
 0.88830347
 0.88239693
 0.88464116
 0.87995508
 0.88505223
 0.89047049
 0.89556191
 0.89004147
 0.88365631
 0.88476373
 0.88868588
 0.88746561
 0.88274444
  0.8885557
 0.88127578
 0.86989496
 0.87281113
 0.87847565
 0.87628135
 0.87613217
 0.86384841
 0.86119159
 0.85827358
 0.85648054
 0.84516587
 0.87420351
 0.87771517
  0.8784076
 0.88111495
  0.8871808
 0.89657538
 0.89841065
 0.89985225
 0.89750065
 0.89254563
 0.89266142
  0.8960571
   0.895308
 0.89542601
 0.89197819
 0.88950771
 0.89433038
 0.89830562
   0.893402
 0.89420744
 0.88984583
 0.89253008
 0.89200586
  0.8909669
 0.89266389
 0.88905747
 0.88311458
 0.88381022
 0.89177222
 0.89638623
 0.89966713
 0.90611291
  0.9053891
 0.91061353
 0.91244592
 0.90478319
 0.90747492
 0.91489382
 0.92172704
 0.91252288
 0.91095271
  0.9129586
 0.91064511
 0.91055809
 0.89479304
 0.89099005
 0.88520067
  0.8827006
 0.88267305
 0.87552332
 0.88904191
 0.87679285
 0.87196965
 0.88024676
 0.87956436
 0.87604051
  0.8766056
 0.88166983
 0.88213466
 0.88354995
 0.87552829
 0.87408499
 0.87459273
 0.87364197
 0.88802737
 0.88641294
 0.90069172
 0.91337085
 0.90893061
 0.90468658
 0.89881874
 0.89945474
 0.90398042
 0.90245084
 0.90182999
 0.90189325
  0.9031241
  0.9052861
  0.9082638
  0.9161309
 0.91755402
 0.91544052
  0.9070047
 0.90173584
 0.90466759
 0.90043568
 0.90324318
 0.90688773
 0.89972452
 0.89525673
 0.90465318
  0.9121254
  0.9100862
  0.9039411
 0.90890843
 0.90686734
 0.91045132
 0.90628757
 0.90264799
 0.91100671
 0.91898606
 0.91708796
 0.91916253
  0.9231301
 0.92453905
 0.92967502
 0.93231618
 0.93517213
 0.93000117
 0.93130183
 0.92945257
 0.92790079
 0.92666929
 0.92293639
  0.9106801
  0.9167582
 0.91412789
 0.91200746
 0.91610096
 0.91988471
 0.92777064
 0.93503097
 0.94201403
 0.93871254
 0.94222738
 0.94598541
 0.93801038
 0.93562217
 0.94238742
 0.93131368
 0.92790202
 0.93436569
 0.92933043
 0.92833634
 0.92800644
 0.92708349
 0.92018765
 0.92641985
 0.92642002
 0.93312475
 0.93628008
 0.93904605
 0.93065945
 0.92695663
 0.92338976
 0.92381301
 0.92731584
 0.93640876
 0.93770031
 0.94242926
 0.94075456
 0.94339654
 0.94475738
 0.94746522
 0.95362745
  0.9581377
 0.95434933
 0.95023346
 0.94331245
 0.94156766
 0.94080582
 0.93657316
 0.93423179
 0.92561979
 0.91700739
 0.92477068
 0.92870392
 0.92470754
 0.92493103
 0.93311217
 0.93810948
 0.93865512
 0.93986818
 0.93910692
 0.93340361
 0.92841045
  0.9292365
 0.93099456
  0.9323166
 0.93195618
 0.92584682
 0.92288333
 0.92109796
 0.92181229
 0.92670887
 0.92650288
  0.9277799
  0.9265846
 0.92272958
 0.92582429
 0.92629881
 0.92485255
 0.92366006
  0.9233197
 0.91836357
 0.92452441
 0.92733382
 0.92225413
  0.9220918
 0.91822998
 0.91800255
 0.91883314
 0.91325497
 0.91599165
 0.92086393
 0.91843926
 0.92164777
 0.92091826
 0.91374193
  0.9143349
  0.9180613
 0.91600432
 0.91454525
 0.91755068
  0.9152973
 0.91968648
 0.92219361
 0.91751135
 0.91779036
  0.9194408
 0.92198234
 0.92663263
  0.9267022
 0.92265398
  0.9184398
 0.91165593
 0.90976581
 0.90870601
 0.91210477
 0.90793409
 0.90931113
 0.90376337
 0.90245529
 0.90972793
 0.90985701
 0.89812572
 0.90453859
 0.90790372
 0.91002569
 0.91326614
  0.9242162
 0.92265083
 0.92525444
 0.92614979
 0.92179137
 0.91722931
 0.91066126
 0.90298834
 0.90288377
 0.90153088
 0.89585104
 0.90787127
  0.9166998
 0.91278218
 0.91965901
  0.9250859
 0.91514554
 0.92041759
 0.91662024
 0.91657649
  0.9123125
 0.91530849
  0.9128978
 0.89706758
 0.89864905
 0.90402827
 0.90892132
  0.9065836
  0.9101951
 0.89993442
  0.9047849
 0.90790238
 0.90379004
 0.90039547
 0.90588052
 0.90487265
 0.88683741
 0.88084209
 0.88731557
 0.88508994
 0.89458381
 0.90065215
  0.8950899
 0.90529155
 0.90936557
 0.92392363
  0.9246855
 0.92803888
 0.92759338
 0.92696949
 0.92984471
 0.93083794
 0.92815177
   0.925628
 0.93272619
 0.94475399
 0.94488006
 0.93840023
 0.93409068
 0.93090032
 0.93050547
 0.92649059
 0.93077364
 0.92811116
 0.93079117
 0.92498979
 0.93433346
 0.93336965
 0.94390793
 0.94084038
 0.93517021
 0.92590275
 0.92525666
 0.93549835
  0.9406952
 0.93680218
 0.94505753
 0.95081557
 0.95199452
 0.94308688
 0.94368881
 0.94630487
 0.94488618
 0.94159281
 0.93963623
 0.94285587
 0.94057484
 0.94481361
 0.94567792
  0.9516132
 0.94854103
 0.94702719
 0.95073081
 0.95306951
 0.95351901
 0.94457971
 0.95059781
 0.95280322
 0.95547204
 0.95637242
 0.95489601
 0.95150765
 0.94867268
 0.94692005
  0.9489534
 0.95223706
 0.94817844
 0.95859491
 0.95351973
 0.94719131
 0.94255308
 0.94660668
  0.9509537
 0.94028974
 0.93722254
 0.93376823
 0.93500697
 0.92785948
 0.93913811
 0.94903273
 0.95154391
 0.95455526
 0.95496669
   0.954927
 0.95485205
 0.95654729
 0.96468425
 0.96918892
 0.96590492
 0.95954563
 0.95794577
 0.95451455
 0.94585821
 0.94551074
 0.94214667
 0.93335158
 0.92331439
 0.92084216
 0.93333482
 0.94068422
 0.93715228
 0.93071563
  0.9404194
 0.93997827
 0.94411003
 0.94831793
 0.94673837
 0.94221708
 0.93571395
 0.91844634
  0.9174755
   0.920329
 0.92845736
  0.9320715
 0.93134303
 0.92342263
 0.93065476
 0.93532779
 0.92241998
 0.92929092
 0.92725093
 0.92965378
 0.93546849
 0.93048696
 0.92978106
 0.92702238
 0.92815294
 0.92871864
 0.93301071
 0.93378764
  0.9341364
 0.93091728
 0.93887448
  0.9364877
 0.93897434
 0.94259773
 0.94647409
 0.94777503
 0.94694032
 0.94862637
 0.94552726
 0.94295278
 0.94462852
 0.94113044
 0.94014794
 0.94211172
 0.93872061
 0.93748762
 0.93784885
 0.93279679
 0.93103864
 0.92638122
 0.92992642
 0.93175523
 0.92918656
 0.92769249
 0.93272559
 0.91949993
  0.9186926
 0.91167149
 0.91627386
 0.92225304
 0.93006453
 0.91933891
 0.92042385
 0.92490661
 0.91875569
 0.91991422
 0.92020723
  0.9291876
 0.93670576
  0.9456982
 0.94641621
 0.94707613
 0.94988889
 0.95468814
 0.95480244
  0.9554218
 0.95370721
 0.95591341
 0.95752284
 0.95064674
 0.95463048
 0.94990962
  0.9498392
 0.95580458
 0.95380175
 0.95096976
 0.94833027
  0.9485027
 0.95205321
 0.94333745
 0.93872391
 0.93977437
 0.93898496
 0.93935719
 0.94206666
  0.9376687
 0.92993612
 0.92872395
 0.93820653
 0.92901375
 0.93078748
 0.92864905
 0.92968891
 0.92857359
  0.9317413
 0.93989538
 0.93803294
 0.93586044
 0.92897448
 0.91194008
 0.90832901
 0.91353061
 0.91042197
 0.90510268
 0.90600686
 0.90334761
 0.90797562
 0.91164237
 0.91057378
 0.91304175
  0.9060263
 0.91157159
 0.90667107
 0.91132491
 0.90542414
 0.91579142
 0.92118856
 0.92653344
 0.92410081
 0.92694037
  0.9217048
 0.92195286
 0.92108184
 0.92137166
 0.91962047
 0.92567838
  0.9307965
 0.93328474
 0.94554603
  0.9384839
 0.92834114
 0.92886246
 0.92174733
 0.92619255
 0.93176464
 0.92251799
 0.92954716
 0.93400421
 0.93669085
 0.93311323
 0.93853242
 0.94109399
 0.94529049
 0.94223297
 0.94074935
 0.94129955
 0.94202766
 0.94069677
 0.93938608
 0.93696119
 0.93048115
 0.93553676
  0.9273581
 0.92839217
 0.92557729
  0.9242637
  0.9153617
 0.91447989
 0.91784616
 0.92099114
   0.911521
 0.91156808
 0.90891472
 0.91627522
 0.92093563
  0.9072102
 0.91027684
 0.90771504
 0.91333494
 0.90852387
 0.90584601
 0.91411712
  0.9201315
 0.92270704
 0.91705382
 0.91614624
 0.91680745
 0.90960996
 0.90165685
 0.90480921
 0.90724642
 0.90212978
 0.90466648
 0.90160152
 0.90330557
 0.91472659
 0.92039112
 0.92033035
 0.91998523
 0.91494702
 0.91399051
 0.91876985
 0.92050662
 0.90793211
 0.90283519
 0.89877012
 0.90956639
 0.90202558
  0.8910932
 0.89445141
  0.8864771
 0.88413341
 0.88715829
 0.87857233
 0.88153284
 0.88198182
 0.88923799
 0.89078868
 0.89903766
 0.89078119
 0.88837461
  0.8917709
 0.89477584
 0.89554648
 0.89027564
 0.88455145
  0.8768997
 0.87411286
 0.87546192
 0.85680354
 0.85445728
 0.85706336
 0.86099744
 0.84769373
 0.84404279
 0.83401134
  0.8326317
 0.84006565
 0.84916248
 0.84687896
 0.84428835
 0.84024134
 0.83678344
 0.81949293
  0.8191127
 0.80134088
 0.78376384
 0.78539594
 0.78994375
 0.80125705
 0.81717095
 0.82735116
  0.8241991
 0.82452357
 0.82386646
 0.83487478
 0.83478405
 0.82974427
 0.83087644
 0.82161489
 0.82794736
 0.82569027
 0.82250502
 0.82028247
 0.81679036
  0.8184007
 0.81256134
 0.81913723
 0.82032024
 0.81116701
 0.80820444
 0.80577062
 0.80962196
 0.80960073
 0.81655487
 0.82340754
 0.82546518
 0.82857781
 0.82910984
 0.82658128
 0.82020053
 0.82331337
 0.83299252
  0.8287515
 0.83078628
 0.82242995
 0.83015185
 0.82443941
 0.82801515
 0.81960905
 0.82471094
 0.82517891
 0.83092838
 0.82722333
 0.82749701
 0.84031121
 0.83752657
 0.83856207
 0.83317151
 0.84072701
 0.84640807
 0.84194994
 0.84871128
 0.85896976
 0.86096185
 0.85272051
  0.8533299
  0.8533819
 0.85160797
 0.84166278
 0.84938507
 0.85123986
 0.85279145
 0.84192925
  0.8295899
 0.81513942
 0.81434339
 0.81703672
 0.81703835
 0.79439948
 0.80141285
 0.80443698
 0.81139367
 0.81820647
 0.81941174
   0.817479
 0.82346954
 0.82072369
 0.82009597
 0.82068795
 0.81670005
 0.82821997
 0.83336141
 0.82760832
 0.83488984
 0.83598206
 0.83625003
 0.83036199
 0.83763125
 0.84159609
 0.84798079
 0.85321047
 0.84931664
 0.84515571
 0.83399108
 0.82662648
 0.82489445
  0.8211486
 0.81843102
 0.82199236
 0.82803075
 0.82809523
 0.82251167
 0.82351106
 0.82589957
 0.83053242
 0.82174079
 0.82288789
 0.82770325
 0.82693458
 0.82715891
 0.82594136
 0.82030151
 0.81965528
  0.8206247
  0.8214813
 0.81841695
 0.81528947
 0.81248919
 0.81784648
 0.82130649
 0.82661333
 0.82918151
 0.82870035
 0.82504486
 0.82535536
 0.82295992
 0.82189853
 0.82905374
 0.83173123
 0.82911929
 0.83083545
 0.83291391
 0.83543595
 0.83508875
 0.83628803
 0.83477794
 0.83417656
 0.83923831
 0.83895269
 0.84465014
 0.84602289
 0.84724629
 0.85158743
 0.84901704
  0.8503152
 0.84887431
 0.85158039
 0.84951737
 0.84876974
 0.85184668
 0.85690312
 0.84797758
 0.84893762
 0.86045567
 0.86289094
 0.86972529
 0.86483603
 0.86563968
 0.85700472
 0.85620959
 0.85187059
 0.85272383
 0.85500683
  0.8506524
 0.84636846
  0.8447026
 0.84420418
  0.8409863
  0.8421649
 0.84591528
 0.84745264
 0.85123238
 0.85096225
 0.85071857
 0.84847012
 0.84586257
 0.84329925
 0.84627243
 0.84443346
 0.85261317
 0.85550214
 0.84449551
 0.84767984
  0.8463639
 0.84678577
 0.85080113
 0.85090937
 0.84729534
 0.84766259
 0.84958162
 0.85639941
 0.86055579
 0.86505095
  0.8681078
 0.87229583
 0.86474233
 0.86278543
 0.86443241
 0.86280466
 0.85647863
 0.87149509
 0.87707964
 0.86728356
 0.87169469
 0.86682784
 0.86950548
 0.86740277
 0.87095054
 0.87604021
 0.87751185
 0.87596403
 0.87746584
 0.87502696
  0.8747182
 0.87586067
 0.87298576
  0.8670738
 0.86272969
 0.86045257
  0.8610828
 0.85877899
 0.86422458
  0.8652628
 0.86489183
 0.86710957
 0.86975278
 0.86962392
 0.86816207
 0.86971509
 0.87282821
 0.87231585
 0.86894451
 0.87306419
 0.87170089
 0.86779285
 0.87492602
 0.86953964
 0.86918008
 0.87301311
 0.87162421
 0.86154985
 0.86881895
 0.86148117
 0.86769583
 0.86676739
  0.8672297
 0.87269958
 0.88606526
 0.88813515
 0.89734109
 0.90620109
 0.90289007
 0.89942145
 0.89904338
 0.90237554
 0.90621652
 0.90705731
 0.90727118
 0.90484025
 0.90244851
 0.90357988
  0.9050872
 0.90707917
 0.90962435
 0.90689004
 0.90946046
 0.90479508
 0.90064536
 0.90203048
 0.89815263
 0.89408666
 0.87577833
 0.88287399
 0.88277422
 0.87870378
 0.87364366
 0.87151167
 0.87264206
 0.87054309
  0.8667977
 0.85922994
 0.84936784
 0.85754878
 0.86790974
 0.86984857
 0.87277896
 0.87167049
 0.88025935
 0.88520269
 0.88861225
 0.88968163
 0.89314857
 0.89633709
 0.89123071
 0.89829925
 0.89701806
  0.9004478
  0.8965038
   0.894581
 0.89721725
 0.89491309
 0.89816491
 0.89689634
  0.8981221
 0.89333898
  0.8913442
 0.90217285
 0.89211298
 0.90536389
 0.90321088
 0.90439909
 0.90462073
  0.9076209
 0.90738558
 0.89995132
 0.90075368
  0.8976957
 0.89942499
 0.89920611
 0.90279186
 0.90009067
 0.89942624
 0.90623453
 0.90345062
 0.90161838
 0.90383081
 0.90385321
 0.90685496
 0.90465386
 0.91084011
 0.91741878
 0.91602361
 0.91564902
 0.91709443
  0.9117149
 0.91226983
 0.90350186
  0.8922973
 0.89473577
 0.88858723
 0.87988139
 0.87514784
 0.87413956
 0.86997708
 0.86765819
 0.86204366
 0.86194173
 0.84574955
 0.84410007
 0.82901775
 0.83552265
 0.84749518
 0.85161779
 0.84667083
 0.83621945
 0.83375984
 0.83494613
 0.82808693
 0.84169533
 0.85194149
 0.86821814
 0.87131248
 0.87950675
 0.87724025
  0.8766873
 0.87271227
 0.88051298
 0.88492593
 0.88627323
 0.87999516
  0.8733615
 0.87637648
 0.88368118
 0.88384713
  0.8810179
 0.88519435
 0.88228996
 0.88084514
  0.8866376
 0.89166812
  0.8865265
 0.87879952
 0.86778865
 0.87224679
 0.87439059
 0.87257409
 0.87945235
 0.86769211
 0.86248024
 0.87044649
 0.87078651
 0.86676365
 0.87636301
 0.88103157
 0.87988812
 0.88780621
 0.87900303
 0.87473691
 0.87281327
 0.87437593
 0.86557923
 0.85823905
   0.849257
 0.85975193
  0.8604869
  0.8574852
 0.86571712
 0.87016275
 0.85967575
 0.84929749
 0.85278951
 0.86280202
 0.86000841
 0.86109445
 0.85591487
 0.85025281
 0.85971067
 0.86419851
 0.86933132
 0.86436089
 0.85938969
 0.85702651
 0.85149553
 0.84723551
 0.83695906
 0.84344958
 0.85830472
 0.86010209
 0.86027849
 0.86505203
 0.84997135
 0.85814629
 0.85470477
 0.85676832
 0.85114814
 0.84949702
 0.84047027
 0.82183095
 0.80635091
 0.79104281
 0.79011942
 0.77620783
 0.76908469
 0.75884723
 0.74624614
 0.73640174
 0.72513684
 0.73243705
 0.72831663
 0.71282513
  0.7137167
 0.71725565
 0.71608285
 0.70645264
 0.72306457
 0.71326458
 0.72547599
 0.72745193
 0.74154833
 0.73982222
 0.74023009
 0.74509163
 0.74418787
 0.74419814
 0.75223852
 0.75502291
  0.7566341
 0.75626309
 0.76234395
 0.76442785
 0.76564454
 0.76798244
 0.76891783
 0.77967797
 0.77759362
 0.76976787
 0.77005186
 0.77448925
 0.77801477
 0.78227999
  0.7839104
 0.78734011
 0.78901546
 0.79387091
 0.78814117
 0.78547687
 0.78315912
  0.7877673
 0.78990602
 0.79256028
 0.78792583
  0.7825844
 0.78120873
 0.77804836
 0.78368383
 0.77844481
 0.77945671
 0.78466181
 0.78037866
 0.77859021
 0.77310952
 0.77499237
 0.78019429
 0.78235088
  0.7833504
 0.78870242
 0.79221621
 0.78948637
  0.7913544
 0.79039382
  0.7817363
 0.78379854
 0.77493364
  0.7771136
 0.78255237
 0.78639052
 0.77923713
 0.77641915
 0.77613184
 0.76739648
 0.77295131
 0.76477359
  0.7647177
 0.75727202
 0.74933908
 0.73777344
 0.73706125
 0.71700007
 0.71089417
 0.71422762
  0.7188611
 0.72005905
 0.73411765
 0.73114667
 0.73067766
 0.72307075
 0.72521471
 0.71700772
 0.72932165
 0.73333838
  0.7320429
  0.7400335
  0.7326275
   0.732658
 0.72916775
 0.73045801
 0.72936239
  0.7266283
 0.72443523
 0.72893666
 0.72639657
 0.73607451
 0.73836085
 0.75107461
 0.74806625
 0.74427558
 0.74166241
 0.73819521
 0.74065281
 0.73580438
 0.72425542
 0.72827467
 0.72311667
 0.72991291
 0.73075218
  0.7426822
 0.74296392
 0.73348484
 0.73305317
   0.728632
 0.72285785
 0.72559308
 0.72681204
 0.72963874
 0.73289012
 0.73374828
 0.73658072
 0.74127899
 0.74064914
 0.73799344
 0.73777991
 0.74761476
 0.74885361
  0.7482891
 0.74803444
 0.74521148
 0.74819702
 0.75040089
 0.75353216
 0.75645932
 0.76198413
 0.76772754
 0.77178461
 0.77455106
 0.77415967
 0.76597288
 0.76676855
 0.76232312
 0.76291636
 0.75862969
 0.76430826
 0.76437445
 0.76579211
  0.7725151
 0.77344742
 0.77774013
 0.77874549
 0.78292732
 0.77823496
 0.78311521
 0.78976447
 0.79673611
 0.80024357
  0.8004509
 0.79068632
 0.78939214
 0.80029512
 0.80271215
 0.80302851
 0.80075869
 0.79932252
 0.80402521
 0.79914891
 0.80088119
 0.80740726
 0.80823662
 0.80585038
  0.8083422
 0.80964445
 0.81237754
 0.81175528
 0.81532525
 0.81689148
 0.81414675
    0.81543
 0.80952796
 0.81983729
 0.82902058
  0.8253709
 0.83088402
 0.83919794
 0.83778409
 0.83524371
 0.83316835
 0.82938785
 0.82329702
 0.82414045
  0.8294268
 0.82778824
 0.82498533
 0.82893352
  0.8299453
 0.83001748
 0.83123183
 0.82756392
 0.83206172
 0.83087831
  0.8303291
  0.8339157
 0.83301733
   0.835677
 0.83204147
 0.83723614
 0.83588134
 0.84298766
 0.84424004
 0.84591707
 0.84690179
 0.85055769
  0.8442977
 0.83581604
 0.83974338
 0.84248492
 0.84713056
 0.85101928
 0.84542334
 0.84955426
 0.85263308
 0.85368223
 0.84449132
 0.83598729
  0.8354711
 0.83009716
 0.83166813
 0.83493287
 0.82796054
 0.82469874
 0.82648855
 0.82987216
 0.83171145
  0.8223659
 0.82429567
 0.82459511
 0.82953803
 0.83183953
 0.83655496
 0.82738634
  0.8265494
 0.83151328
 0.83466727
 0.83454185
 0.84384099
  0.8476538
 0.84373912
  0.8386403
 0.83667406
 0.83810585
 0.83670014
 0.82394724
 0.83128341
 0.83259387
 0.82872019
 0.82589314
  0.8298215
 0.83117835
 0.83466501
 0.83716692
 0.84221404
 0.83446296
 0.84409078
 0.84167518
 0.84656135
 0.84940186
 0.84673782
  0.8437732
 0.84530214
 0.85128693
 0.85019933
 0.85071504
 0.85015043
 0.85341902
 0.85680223
  0.8534137
 0.85337407
 0.84328253
   0.851601
 0.85672477
  0.8580427
 0.85544459
 0.85538932
 0.86276172
 0.85986696
 0.85618341
 0.85827827
 0.85886358
 0.85546448
 0.85312073
 0.85451925
 0.85849662
  0.8562622
  0.8567711
 0.85170271
 0.85077831
 0.85774265
 0.85565778
 0.85997638
 0.85826476
 0.85718899
 0.85657385
 0.84919129
 0.84340903
 0.84329199
 0.85119803
 0.84078214
 0.83565663
 0.84198465
 0.84964606
 0.86152968
 0.86217418
 0.85665869
 0.85520574
 0.85796538
 0.85511737
 0.85128501
 0.84916895
 0.84196498
 0.84446709
 0.84636992
 0.84387652
 0.84075067
 0.83621495
 0.83877085
 0.83888394
 0.83596971
 0.83457412
 0.83524238
 0.83283052
 0.83099415
  0.8314117
 0.83459771
 0.83882585
 0.83567198
 0.83391984
  0.8343884
 0.83673103
 0.83519823
  0.8374548
 0.83475512
 0.83252348
 0.83424582
 0.83061524
 0.82281028
 0.81886384
 0.82012395
  0.8287332
 0.82415918
 0.82415084
 0.82476964
   0.825227
  0.8256588
 0.82128474
  0.8248049
 0.82230603
 0.81900359
 0.82497502
 0.82976788
 0.82952427
 0.82851662
  0.8392276
 0.84677449
 0.84685933
 0.85168462
 0.84715238
 0.83766886
 0.82446288
 0.82097754
 0.82037958
 0.82593457
 0.83312246
 0.83230315
 0.82222545
 0.81779409
 0.81641406
  0.8221282
 0.82828453
 0.82452622
 0.82412768
  0.8316574
 0.83303926
 0.83678804
 0.82474731
 0.83635315
 0.84221365
   0.852327
 0.85500416
 0.85682246
 0.85312494
 0.85230518
  0.8444747
 0.84503951
  0.8469041
 0.83271464
 0.82706868
 0.81865075
 0.83036029
 0.83699404
 0.83642191
 0.83315661
 0.84100084
 0.84283671
 0.83841456
  0.8329619
 0.83597128
 0.82766066
   0.835426
 0.83950178
 0.84590292
 0.85085521
  0.8471543
 0.84552881
 0.85160593
 0.84538003
 0.84645382
 0.84372908
 0.83571048
 0.84248992
 0.84169079
 0.84144783
 0.84142432
 0.83788509
  0.8351698
  0.8400846
 0.83618395
 0.83959498
 0.83896861
 0.83228328
 0.83257923
 0.83407992
 0.83422525
 0.81758849
 0.83001817
 0.82516298
 0.82639415
 0.83536556
 0.83311453
 0.84288913
 0.84414468
 0.84633986
 0.85752392
 0.84807647
 0.84659424
 0.84730512
 0.84894125
 0.85311879
 0.85032964
 0.85026362
 0.85216337
 0.84981616
 0.84606109
 0.84846992
 0.84766963
 0.84687465
  0.8520812
 0.84984346
 0.84921671
 0.84813823
 0.84628579
 0.84773846
 0.84418381
 0.83748433
 0.83801493
 0.84196362
 0.84142539
 0.83499938
 0.84539266
 0.84835552
 0.84361807
 0.84469869
 0.85165284
 0.84953138
 0.85461869
 0.85198923
  0.8456277
 0.84710443
  0.8532445
 0.84959013
 0.84813832
 0.84894868
 0.83756078
 0.83039546
 0.82793814
 0.82238102
 0.82826851
 0.82262441
  0.8051565
   0.791431
 0.80931676
 0.81827986
  0.8064579
 0.81384278
 0.81083391
 0.81266953
 0.81570705
 0.82003449
 0.82120308
 0.81368512
 0.82348801
 0.82187195
 0.82728613
 0.83047763
 0.82667407
 0.82233641
 0.82213583
 0.82146964
 0.81186973
 0.82187379
 0.81741984
 0.82662502
 0.81327129
 0.81003372
 0.81643735
 0.81517936
 0.82632538
 0.82029785
 0.82291665
  0.8168822
 0.81751132
 0.82220814
 0.81020124
 0.81278051
 0.81768783
 0.80990331
 0.79848754
 0.80399574
 0.80669742
 0.80775889
 0.81309693
 0.80632204
 0.79910838
 0.80132882
 0.79101741
 0.78781741
 0.78703182
 0.79500018
 0.79940478
 0.80403921
 0.80931976
 0.81088274
 0.80702707
 0.80564162
 0.80534179
 0.80925162
 0.80763146
 0.80700964
 0.79853556
 0.80357465
 0.80299144
 0.79423926
  0.7960279
 0.78686123
 0.79004367
 0.79420593
 0.79829748
 0.79742014
 0.79967163
  0.7978214
 0.80021528
 0.80976598
 0.80734563
 0.80196487
 0.79099341
 0.77586879
 0.77632789
 0.78254981
 0.79104022
 0.79564266
 0.79856434
 0.79730975
  0.8030227
 0.81064857
 0.81908243
 0.82525852
 0.82006403
 0.82743281
 0.82599951
 0.82561691
 0.83152875
 0.83700956
  0.8471019
 0.83958587
 0.83409922
 0.83684118
 0.83249315
 0.83552464
 0.83981217
  0.8439209
 0.84780091
 0.85092964
  0.8586964
 0.85845348
  0.8557372
 0.85404697
 0.85152435
 0.84904951
 0.84525803
 0.85182333
 0.85827943
 0.85128768
 0.85556777
 0.85940894
 0.86798891
 0.87174956
 0.87145548
 0.87163638
 0.86954339
  0.8609459
  0.8614405
 0.85568148
 0.85517944
 0.85732524
 0.84788549
 0.84613481
 0.84597942
  0.8435114
 0.84723455
 0.85017692
 0.85021657
 0.85507628
 0.84916761
 0.84384915
 0.84471689
 0.84894934
 0.85594205
 0.84703873
 0.84414955
 0.84160904
 0.84817488
 0.85891332
 0.86695769
 0.86503972
 0.86414183
 0.85959754
 0.86954067
 0.86596891
 0.85967415
 0.85627155
 0.85414323
 0.85172622
 0.85282127
 0.85133014
 0.84736303
 0.84883441
 0.83621395
 0.82707557
 0.81334148
 0.81760091
 0.81402598
 0.81260739
 0.80698283
 0.80286911
 0.81451802
 0.82523143
  0.8186466
 0.82504413
 0.82629999
 0.80528576
 0.82260729
 0.80961559
 0.81790631
 0.81679312
 0.82051363
 0.81649848
 0.82048828
 0.81156759
 0.82561597
 0.82176405
 0.83251363
   0.834501
 0.82426383
   0.817947
 0.80859516
 0.80202676
 0.80806879
 0.79844802
 0.80791204
 0.81536273
 0.81319929
 0.81236638
 0.82345528
 0.83884975
 0.83210964
 0.81824542
 0.81427565
 0.81257926
 0.79224203
 0.80082357
 0.79636806
 0.80193814
 0.80524275
 0.79908069
 0.80644076
 0.79763834
 0.80449271
 0.80411225
 0.80083612
 0.81782239
 0.81164592
 0.80739864
 0.80570637
 0.80642374
  0.8083748
  0.8017422
 0.80941325
 0.80274774
 0.80781668
 0.80931296
 0.80284428
 0.80669043
 0.81739599
 0.81530085
 0.81817336
 0.82427571
 0.82700929
 0.82329785
 0.82928592
 0.83124577
 0.83155673
 0.83927039
 0.83554419
 0.82200739
 0.82611841
 0.82319059
 0.82380652
 0.82011947
 0.82312468
  0.8246097
 0.80525672
 0.80700403
 0.81352397
 0.82130641
 0.82301882
 0.81933143
 0.81478335
 0.81959111
 0.80936743
 0.82316111
 0.82496572
 0.83470359
 0.84239468
 0.83944692
 0.84623021
 0.84042352
 0.83778542
 0.84307131
 0.83513092
 0.83113909
 0.83728382
 0.83839593
 0.85148534
 0.83748714
 0.84178645
 0.83720912
 0.83316018
 0.82885457
  0.8230366
  0.8284642
 0.82763091
 0.83703004
 0.83307527
 0.82802141
 0.83238024
 0.82285785
 0.82634896
 0.81474934
  0.8161463
 0.80528625
 0.81219593
 0.80774737
  0.8076447
 0.80787813
 0.81129065
 0.80931261
 0.81084435
 0.81270688
 0.81666834
 0.81116232
 0.82082914
 0.81397614
 0.81418801
 0.80866243
 0.81779252
 0.81487451
 0.81338094
 0.81589783
 0.81646628
 0.81129155
 0.81021899
  0.8135114
 0.81616128
 0.82064312
 0.83139884
 0.84276861
 0.84675507
 0.84668402
  0.8513817
 0.85346826
  0.8493691
 0.84922657
 0.84923399
 0.84494544
 0.84557531
 0.85314672
 0.85263311
 0.85338344
 0.86188656
 0.86004557
 0.85274471
 0.84305975
 0.84050779
 0.84502311
  0.8465942
 0.84988778
 0.85042369
 0.84383595
 0.84843626
 0.85319259
 0.84327221
 0.83230119
 0.83581625
 0.83729733
 0.83881502
 0.83922292
 0.84326513
 0.84117186
 0.84106375
 0.84062141
 0.83929737
 0.83881018
 0.83483952
 0.83131464
 0.83538221
 0.83411169
 0.83620415
 0.83001048
 0.83568896
 0.83472645
 0.82798512
  0.8244827
 0.82711134
 0.82786452
  0.8191134
 0.82164497
 0.80877907
 0.81026612
 0.81676694
  0.8213317
 0.81594296
 0.81563361
 0.81906569
 0.82702495
 0.82597261
 0.82441447
 0.82050308
 0.82226893
   0.815448
 0.80882311
  0.8191389
 0.82977653
 0.81638398
 0.81345656
 0.80813698
 0.80060099
 0.80462548
 0.81293462
 0.80477811
  0.8100909
  0.8050497
 0.80506478
 0.80434734
 0.79652386
 0.80555794
 0.81592403
 0.81493783
 0.81875145
 0.81869194
 0.82367913
 0.82691344
 0.82639623
 0.82639517
 0.82429503
 0.82736213
 0.83396525
 0.83914344
 0.84562825
 0.84888697
 0.84928181
 0.84808547
  0.8422925
 0.84171664
 0.84384483
 0.84056117
 0.83571429
 0.83415363
 0.83599713
  0.8394155
 0.84284788
 0.84313825
 0.84338342
 0.83651119
  0.8349539
 0.84299069
 0.84455586
 0.83621953
 0.82539921
 0.83013661
 0.82597435
 0.81178438
 0.81253532
 0.82035631
 0.80248032
 0.80670946
 0.81005078
 0.82058213
 0.81382084
 0.82268697
 0.81886485
 0.81968752
  0.8192433
 0.82799808
 0.82797104
 0.83261702
 0.82545579
 0.82204427
 0.82900003
 0.82423729
 0.83884989
 0.83892421
 0.84219976
 0.83845628
 0.83893397
  0.8396591
 0.84307852
 0.83520141
 0.83165523
 0.83621003
 0.83982554
 0.85194101
 0.85034442
 0.86081552
 0.86857166
 0.86759242
  0.8664271
  0.8531355
 0.83916862
 0.84419944
 0.84771941
 0.83798439
 0.85124423
 0.85076722
 0.85094579
 0.85568468
 0.85908962
 0.87540584
 0.87785562
 0.87617884
 0.87863171
 0.87928804
 0.87363684
 0.87657697
  0.8781928
 0.87454945
 0.87314928
  0.8737695
 0.87193511
 0.87341343
 0.86953717
 0.87072686
 0.87176672
 0.87313454
 0.87152337
 0.87728224
  0.8668913
 0.86892523
 0.87682567
  0.8807827
 0.88352747
 0.88150572
 0.88266343
  0.8751766
 0.87805959
 0.88214357
 0.88051611
 0.87397871
 0.87106692
 0.85915543
 0.84965247
 0.84767647
 0.85157193
 0.84673106
 0.84394399
 0.84486621
 0.84466066
 0.84495411
 0.83993645
  0.8360854
 0.82738837
 0.82141763
 0.80817353
 0.81300457
 0.81900995
  0.8213127
 0.82465548
 0.83295006
 0.83224992
 0.82441041
 0.82718187
  0.8332273
 0.83782522
 0.84273734
 0.84847136
 0.84569022
 0.84735745
 0.84601739
 0.85078436
 0.85770497
 0.85487748
 0.85967172
 0.85276452
 0.85337602
 0.85934026
 0.85881761
 0.86387505
 0.86504747
 0.86394122
 0.86497048
 0.87228909
 0.87042829
 0.86880121
  0.8682415
 0.86935125
 0.87053147
 0.86885973
 0.87072024
 0.87289406
  0.8755061
 0.87622488
 0.86865672
 0.86168516
 0.85544335
 0.85595313
 0.85643755
 0.85318246
 0.85456245
 0.85638803
 0.85710131
 0.86165842
 0.85739484
 0.85580025
 0.84904242
 0.85118214
  0.8531871
 0.85268203
 0.85820339
 0.85769058
 0.85775435
 0.86267273
 0.86601205
 0.86918837
 0.86818329
 0.87161508
 0.86967273
 0.87125953
 0.86661248
 0.86557911
 0.86570711
 0.86149323
 0.86264346
 0.86526422
 0.86778346
 0.86497465
 0.86529952
 0.86658911
 0.86795825
 0.86577987
 0.86227042
 0.86344209
 0.86099214
 0.86053597
 0.85562013
 0.85092864
 0.84760782
 0.84592686
  0.8359845
 0.83962383
 0.84039857
 0.84081518
 0.83599611
 0.83652374
 0.83720883
 0.84147742
 0.83716768
 0.83848852
 0.84335819
 0.84297621
 0.84777339
 0.84777343
 0.85202525
  0.8511501
  0.8497613
  0.8507552
 0.85246057
  0.8492984
 0.84407795
 0.83411373
 0.82469893
 0.83318501
 0.81613801
 0.81606104
 0.82058401
 0.82637789
  0.8347852
 0.83652576
 0.84093963
 0.84946272
 0.85486831
 0.86099608
 0.86614396
  0.8670929
 0.86432636
 0.86251184
 0.85666189
  0.8530406
 0.85787129
 0.85348039
 0.85233315
 0.85315578
 0.84751251
 0.84457636
 0.84921505
 0.84784815
 0.85251426
  0.8520893
 0.85571663
 0.85127504
 0.85628101
 0.86019266
 0.86727531
 0.86757711
 0.86305814
 0.86952125
 0.87081691
 0.86799693
 0.86740202
 0.87121587
 0.87563188
 0.87484933
 0.86738321
 0.87186967
 0.87099721
 0.87357982
 0.87077305
 0.86242992
  0.8620705
 0.86476975
 0.86985359
 0.87239098
 0.86699574
 0.87471764
 0.87463112
 0.87448061
 0.88166892
 0.87789766
 0.87931863
 0.87380316
 0.87554748
 0.87204027
 0.87836275
 0.87566108
 0.86640012
 0.86179953
 0.86182475
  0.8595978
 0.85263386
 0.85486388
 0.85489982
 0.84840347
 0.84762218
 0.84549369
 0.83595226
 0.83367679
 0.83709859
 0.83920514
 0.83450442
  0.8331539
 0.82340156
 0.83273778
 0.83307569
 0.84107403
 0.84356281
 0.84789775
 0.84054555
 0.84305152
 0.83955794
 0.85121614
 0.84713292
 0.84472822
 0.85714699
 0.85758534
 0.85841794
 0.85334786
 0.84694888
 0.83150896
 0.83040749
 0.82778362
 0.82680992
 0.82599611
 0.82553198
 0.83580592
 0.83194065
 0.83494767
 0.83575853
 0.84293787
 0.85263589
 0.85650484
  0.8547131
 0.84949072
 0.84701387
 0.85237656
 0.84992202
  0.8469495
 0.85168667
 0.84450791
 0.83760074
 0.84276262
 0.84532887
 0.83584256
 0.82911938
 0.82494661
 0.82639546
 0.82826972
 0.82673469
 0.81828588
 0.81967275
 0.81393294
 0.81598825
 0.81597734
 0.81967088
 0.82066792
 0.81953942
 0.82575814
 0.82541983
 0.82292436
 0.82384755
 0.82266596
 0.81497117
 0.81562075
 0.80068302
 0.78827232
  0.7896035
 0.79944689
 0.79953165
 0.80361194
 0.81080607
 0.81210193
 0.81923965
 0.82136481
 0.82637229
  0.8249463
 0.82855931
 0.82981818
 0.82936275
 0.82956335
 0.82741515
 0.82907518
 0.82070974
  0.8186358
 0.81814747
 0.82458036
 0.82606549
 0.82837964
 0.82800483
  0.8277075
 0.83099234
 0.83415833
 0.83187965
  0.8287845
 0.83010206
 0.82739554
 0.82057646
 0.82461521
 0.82455104
 0.83004901
 0.82450193
 0.82166016
 0.81358333
 0.81790271
 0.81536146
 0.80509959
 0.79886174
 0.79515533
 0.79040718
 0.78632029
 0.78534436
 0.78544178
 0.79354519
 0.78253433
 0.78666288
   0.791228
  0.7838526
 0.78359285
 0.78394175
 0.79640304
 0.79390213
 0.79954327
 0.80026919
 0.80040464
 0.79745534
 0.80254296
  0.8094326
 0.80755749
 0.80989428
 0.80503484
 0.80060109
  0.8116679
 0.81587995
 0.81018888
 0.80642426
 0.80769565
 0.79924715
 0.79271864
 0.79857309
 0.79534257
 0.78943683
 0.80029806
 0.79246616
 0.79797301
 0.81150437
 0.79923123
 0.78666537
 0.78659631
 0.78559798
 0.75880239
 0.77073221
 0.76769834
 0.76500605
 0.76290944
 0.75496749
 0.76679945
 0.77927791
 0.77724604
 0.78033435
 0.78450062
 0.79579037
 0.79470064
 0.79059272
 0.78216894
 0.78667065
 0.77915064
 0.77155762
  0.7766097
 0.78012637
  0.7869081
 0.79443093
   0.792847
 0.79186864
 0.77958962
 0.77157944
 0.77651906
 0.77309277
 0.77325374
 0.77521183
 0.77152816
 0.77372441
 0.77563131
 0.77569079
 0.76781568
 0.76934645
 0.77173596
 0.76559011
 0.76609252
 0.76492202
  0.7658666
 0.76617503
 0.77123756
 0.78704584
  0.7898667
 0.79338897
 0.78697283
 0.78567374
 0.78014504
 0.77694962
 0.78278601
 0.79005399
 0.79524502
 0.78867852
 0.79085682
 0.78800341
 0.78969399
 0.78760514
 0.79241389
 0.79382134
  0.7942548
 0.79212235
 0.80109677
  0.7948972
 0.80072409
 0.79772092
 0.79341941
 0.78904228
 0.79350897
 0.79666422
 0.79474046
 0.79446111
 0.79008354
 0.78227791
  0.7835494
 0.78692282
  0.7870545
 0.79193574
 0.79453483
 0.80114867
 0.80044631
 0.79960692
 0.79676228
 0.79745108
 0.79485384
  0.8018073
 0.80137263
  0.7969485
 0.79835846
 0.79677842
 0.79591858
 0.79582943
 0.79761492
 0.79500728
 0.79188127
 0.78977975
 0.79517728
 0.79711077
 0.79993741
 0.80036303
 0.79831881
 0.80323404
 0.80609869
 0.80671099
 0.80339806
 0.80523915
 0.79820179
 0.80009578
 0.80194704
 0.80089522
 0.79686712
 0.79256684
 0.79984289
 0.79991711
 0.79937383
 0.80243699
 0.80144308
  0.8033889
 0.79581047
 0.79223686
  0.7955928
 0.79814751
 0.79681915
 0.79366787
 0.79674418
 0.80063795
 0.79698787
 0.79886205
 0.79393683
 0.79308765
 0.79553689
 0.79747569
 0.79568714
 0.80405714
 0.80403646
 0.80145438
 0.80750185
 0.80786817
 0.80267532
 0.80540799
 0.81178133
 0.80261286
 0.80578407
 0.79902695
 0.80083433
 0.79783406
 0.79503602
 0.79044028
 0.79040241
 0.79621191
 0.79769542
 0.80108602
 0.80015968
 0.79329923
 0.79512585
 0.79449604
 0.79310128
 0.79818231
 0.79322944
 0.79525779
 0.79369438
  0.7892867
 0.79165542
 0.79532126
 0.79939634
  0.7995262
 0.80365127
 0.80216119
 0.79858904
 0.80360103
 0.80683485
 0.80797672
 0.80784783
 0.80895641
 0.81054957
 0.80308934
 0.80118464
 0.80571632
 0.80922787
 0.81568334
 0.81476448
 0.81125097
 0.80258988
 0.80145198
 0.79658522
 0.79227303
 0.80061038
 0.80076848
 0.79679301
  0.7944804
 0.79322518
 0.79007376
   0.800146
 0.80773146
 0.80524684
 0.80877812
 0.81183037
 0.81073057
 0.80715694
 0.80751714
 0.80877121
 0.81443759
 0.81141076
 0.81213154
 0.81770846
 0.81108336
  0.8110473
 0.81116924
 0.81483502
 0.81549809
 0.81558327
 0.81543284
 0.81604889
 0.81099027
  0.8024541
 0.79449335
 0.79511625
 0.81045179
 0.80867933
 0.81702763
 0.82249491
 0.82122134
 0.82263226
 0.81786844
  0.8199482
 0.82166746
 0.82100432
 0.81909121
 0.82008148
 0.83337591
 0.82991575
 0.83197794
 0.82800003
 0.82080472
 0.81735706
 0.81819731
 0.82058795
 0.81813856
 0.81733549
 0.81264003
  0.8103546
  0.8113037
 0.80845823
 0.82203482
 0.82725353
 0.82879567
 0.82290356
 0.82206989
  0.8283479
 0.82404436
 0.81425518
  0.8236096
  0.8359379
 0.83977829
 0.84079306
 0.84216545
  0.8372248
 0.83528127
 0.83949033
 0.83668043
 0.83048451
 0.82834333
 0.82651762
  0.8288822
 0.82805435
 0.82819719
 0.82816938
 0.82786273
 0.83071863
 0.82704464
 0.82806128
 0.82915734
  0.8341339
 0.84595383
 0.84239683
 0.83893823
 0.83531309
 0.83347861
   0.833048
 0.83640524
 0.83204348
 0.83673755
 0.83159738
 0.83346695
 0.83141524
 0.83175248
 0.83091573
   0.830186
 0.82845169
 0.82240531
 0.82698118
 0.82896652
 0.83318246
 0.83368147
 0.83803892
 0.83279519
 0.82920745
 0.82694634
 0.83085092
 0.82845642
  0.8234291
 0.82192175
  0.8233625
 0.81829386
 0.81673256
 0.82005781
 0.82151895
 0.81977877
 0.82466683
 0.82584763
 0.82439171
 0.82394535
 0.83083148
 0.83282528
 0.82455589
 0.82371464
 0.82958632
 0.81719233
 0.81560382
 0.81408968
 0.82092183
 0.82734324
 0.82156703
 0.82836014
 0.83387656
 0.83452753
  0.8348686
 0.83315079
  0.8357906
 0.83914504
 0.83948233
 0.84125241
 0.84334658
 0.84479645
 0.83976513
 0.83934988
 0.83635796
 0.83868349
 0.83668643
  0.8293815
 0.83703307
 0.84472336
 0.84488278
 0.84921121
 0.85100954
 0.85316825
 0.85087922
 0.85042469
 0.85264505
 0.84532883
 0.84220788
 0.84802659
 0.85318906
  0.8494645
 0.84828666
  0.8506253
  0.8506311
 0.84496401
 0.83994375
 0.85236987
 0.86193521
 0.85686114
  0.8506165
 0.86028297
 0.86124237
 0.86390022
  0.8577408
 0.86434193
 0.85901533
 0.85578507
  0.8724354
 0.88544968
 0.89163426
 0.89973374
 0.89913127
 0.89108726
 0.89338815
 0.88228705
 0.88296271
 0.88804519
 0.88595187
 0.87669394
 0.86888293
  0.8785431
 0.87713168
 0.87715092
 0.87685759
 0.87960445
 0.88325429
 0.88010757
 0.88089757
 0.88085734
  0.8863741
 0.88792677
 0.88838643
 0.88592282
 0.88690822
 0.88923227
 0.88234109
 0.87473022
 0.87932445
  0.8812394
  0.8848933
 0.87306089
 0.86709192
 0.87501065
 0.88131653
 0.87575708
 0.87668865
 0.87678803
 0.87947243
 0.86998604
 0.85464809
 0.85185397
 0.84751753
 0.84048779
 0.83770296
 0.83893879
 0.84794542
 0.85478932
 0.85260935
 0.83985446
 0.85206956
 0.85360414
 0.85761353
  0.8536472
 0.85852177
 0.86149891
 0.85681322
 0.86017282
 0.86673766
 0.88262256
 0.87441493
 0.86713388
 0.87069233
 0.87122838
 0.87076606
 0.87222601
 0.87244706
  0.8653023
  0.8618349
 0.85054756
 0.84784989
 0.84364966
  0.8510075
 0.85818839
 0.85355272
  0.8513055
 0.85642209
 0.85865171
 0.85283124
  0.8531557
 0.84975458
 0.85275064
 0.84535127
 0.84717583
 0.84061728
  0.8468746
  0.8331875
 0.83508494
 0.83000708
 0.83537199
 0.83982693
 0.83588247
 0.83860234
 0.84168273
 0.83396573
 0.83836804
 0.83266751
  0.8428976
 0.84657294
 0.85238729
 0.84527474
 0.84960816
 0.85439123
 0.85324286
 0.85415753
 0.85993866
 0.85610793
 0.84633746
 0.84335311
 0.84430049
 0.84192563
  0.8415889
 0.83880969
 0.83513208
 0.81850228
 0.80971465
  0.8056244
 0.80480284
 0.81023384
 0.81210179
 0.81312624
 0.82656401
 0.83428808
 0.84335711
  0.8406318
 0.83887824
 0.83616551
 0.82752944
 0.81700775
 0.81924602
 0.81831305
 0.82577844
 0.82848082
 0.83170261
 0.83022037
 0.81844001
 0.81597896
 0.80579801
 0.81214307
 0.81621861
  0.8160721
 0.81816571
 0.81128643
 0.80846996
 0.81181858
 0.81420072
 0.80876216
 0.80261309
 0.80637414
 0.80679922
 0.81109528
 0.81169191
 0.80519852
  0.8145502
 0.82072339
 0.82267608
 0.81210401
 0.81937576
 0.81900573
 0.81601374
 0.80578631
 0.80552993
 0.81403027
 0.81334448
 0.82199298
 0.81290322
 0.80678867
 0.81676182
 0.81068201
 0.81559196
 0.81773608
 0.82113888
 0.82575636
  0.8237871
 0.83559743
 0.83409996
 0.83295066
 0.83621472
 0.83312711
 0.82530841
 0.82370658
 0.82488639
 0.82540125
 0.82471323
 0.82548154
 0.82081946
 0.82368431
 0.82327387
  0.8348003
 0.83588722
 0.83874949
 0.83683734
 0.84204068
 0.83721807
 0.82830574
 0.82488883
 0.82272213
  0.8325095
 0.82911245
 0.82804316
 0.82695357
 0.82975928
 0.82369658
 0.82548347
 0.82354442
 0.82302575
 0.81605842
 0.82176371
  0.8271608
 0.82348629
 0.82156941
 0.82190871
 0.81689314
 0.81541784
 0.81551714
 0.81903818
 0.83308554
 0.83043554
 0.82442916
 0.82344481
 0.81881968
 0.81269681
 0.82116946
 0.82088536
 0.81996914
 0.81855788
 0.81076448
 0.81022151
 0.82246509
 0.81804862
 0.81919614
 0.81773488
 0.80609043
 0.81774966
 0.80937959
  0.8080116
 0.80892579
 0.81172692
 0.80486598
 0.80939371
 0.82158434
 0.83096866
 0.83224391
 0.83403845
 0.83512799
 0.83495242
  0.8351889
 0.82903701
 0.83507926
 0.84238298
 0.83687712
 0.83899864
 0.84637524
 0.84374455
 0.84257857
 0.84620686
 0.84352031
 0.83404176
 0.83683411
 0.83106679
 0.83258129
 0.82948858
   0.838303
 0.83640581
 0.83152222
 0.83154093
  0.8294761
 0.84266658
 0.84713332
 0.85142707
  0.8533984
 0.85908942
 0.86098594
 0.85642421
 0.85197322
 0.85353011
 0.85900479
 0.85793555
 0.85021358
 0.84960028
 0.85753175
 0.85751455
 0.84924696
 0.85383045
 0.83234915
 0.83967251
 0.84319281
 0.84513804
 0.84233945
 0.83963283
 0.83887617
  0.8392848
 0.84250062
 0.84662119
  0.8455837
 0.85348595
 0.85003932
 0.84628788
  0.8409125
 0.84236957
 0.83817203
  0.8374551
 0.84118731
 0.83518077
 0.83120881
 0.81088107
 0.81660674
 0.82845499
 0.82273559
 0.80891215
 0.79918437
 0.79750052
 0.78649033
 0.77495481
 0.76720046
 0.75932547
 0.75721596
 0.76411532
 0.78847581
 0.79476512
 0.80362577
 0.79176554
 0.80031703
 0.80211698
 0.80432665
 0.80489041
 0.79846355
 0.81004718
 0.81370319
  0.8153057
 0.81204038
 0.82144857
 0.82325837
 0.80807468
 0.82549314
 0.82270713
 0.81371853
  0.8144208
 0.81121411
 0.80689757
 0.80629071
 0.80119331
 0.79584101
 0.80899554
 0.79590138
 0.78934053
 0.79878593
 0.78691805
 0.78644322
 0.79081525
  0.7971014
  0.8115854
  0.8181836
 0.81384135
 0.81407896
 0.81814709
 0.81846456
  0.8215869
 0.81550314
 0.81340766
 0.82561777
 0.82310615
 0.81266139
 0.81253153
 0.82031013
 0.81870352
 0.81135627
  0.8090426
 0.82229277
 0.81904578
 0.80574463
 0.81523508
 0.80990381
 0.80817547
  0.8054762
 0.80517619
 0.81701855
 0.81899589
 0.81415975
  0.8111285
 0.80231765
 0.81618762
 0.81554962
 0.80922846
 0.79462918
 0.80194181
 0.80309068
 0.81784233
 0.81346663
 0.82176763
  0.8077023
 0.80909071
 0.81169855
 0.82549426
 0.82236882
 0.82594143
 0.81286066
  0.8198116
 0.82297842
 0.80506428
  0.8138761
 0.81489375
 0.81573554
 0.81954458
 0.81144481
 0.81045669
 0.81143122
 0.80072132
 0.79255799
 0.79378939
 0.79349373
 0.78273019
 0.79045094
 0.78639022
 0.79689073
 0.78811279
 0.78595998
  0.7870333
 0.78235078
  0.7941102
 0.79702824
  0.7936024
 0.78594095
  0.7870298
 0.79365364
 0.79645803
 0.80599936
 0.80944954
 0.81387006
 0.81448072
 0.81355892
 0.80846076
 0.80587443
 0.79812754
 0.79755928
  0.7958519
 0.78997969
 0.79302188
 0.77385193
 0.76153707
 0.76653203
 0.76317228
 0.77271987
  0.7670233
 0.78199415
 0.77203938
 0.77830567
  0.7925359
 0.80300375
 0.78753935
  0.8049182
 0.79611793
 0.78916724
 0.78276364
 0.78723002
 0.78059644
 0.76570439
 0.75232683
 0.74097818
 0.73441055
 0.74699896
 0.74406318
 0.74355757
 0.73574748
 0.74448316
 0.73626631
 0.75286613
 0.74582112
 0.74840983
 0.75136765
 0.77504765
 0.75153573
 0.75389501
 0.77107754
 0.78662636
 0.77643652
 0.77972446
 0.77449611
 0.80107872
  0.7880585
 0.79325412
 0.78995502
 0.78897543
   0.788837
 0.79354711
 0.79721748
  0.7816706
 0.79046039
 0.79079759
 0.78365291
 0.78378762
 0.76177077
 0.77115567
 0.76007496
 0.77081838
 0.76718233
  0.7595611
 0.76431418
  0.7491553
  0.7517596
 0.77347144
 0.77887645
 0.76834224
 0.76567606
 0.77448905
 0.76487497
 0.75261886
 0.75688986
 0.74391118
 0.76387912
  0.7628192
 0.78580707
 0.76307514
 0.77135091
 0.76869647
 0.76134929
 0.75918176
 0.77299962
  0.7638148
  0.7606356
 0.75839651
 0.77783692
 0.75904084
 0.76422882
 0.75763033
 0.74501336
 0.76089849
 0.77482308
 0.77654219
 0.77362244
 0.77975626
 0.76161368
 0.76862821
 0.76671341
 0.77486168
 0.77280717
 0.78300585
 0.76980304
 0.78494219
 0.76286857
 0.76860515
 0.74998994
 0.74776325
 0.73493163
 0.74643562
 0.74454109
 0.75476054
 0.75778281
 0.74675483
 0.75337835
  0.7481134
 0.76539692
  0.7504446
 0.75071552
 0.75643211
 0.75672703
 0.76034505
 0.77035853
 0.77308282
 0.76603021
 0.75897781
 0.76087179
 0.76305516
 0.75510181
 0.76743548
 0.78319971
 0.78881103
 0.78715492
 0.78376683
 0.79232262
 0.79734385
 0.77800939
 0.78684536
 0.77613294
 0.78255217
 0.78600868
 0.77742424
 0.78345835
 0.77831417
 0.77287124
 0.77943899
 0.78352571
 0.78952108
  0.7849838
 0.78879494
 0.79233069
 0.79487008
 0.79792727
 0.78960848
  0.7870369
 0.79307202
 0.78840603
 0.77597871
 0.77313362
 0.77033146
 0.76654864
 0.77224333
 0.77317604
 0.77595208
 0.77044602
  0.7763528
 0.77540826
 0.76428848
 0.76894793
 0.77732295
 0.78638805
 0.78456372
  0.7889294
 0.80053914
  0.8054962
 0.79420281
 0.79521769
 0.79762358
 0.80319714
  0.8044084
  0.8030412
 0.81783929
 0.80408391
 0.79516963
 0.80618358
 0.81102137
 0.80675184
 0.80950095
  0.8012111
 0.81778896
 0.80164997
 0.80630873
 0.80672433
 0.80167732
 0.80740201
 0.80958504
 0.81528662
 0.81899533
 0.82257101
 0.81248173
 0.81012716
 0.80639892
 0.79988845
 0.80347622
 0.80143144
 0.80046151
 0.80418247
  0.8078194
 0.81587885
 0.80547781
 0.80945975
 0.80990997
 0.81162733
 0.82092124
 0.81462806
 0.80321219
 0.81520845
 0.80806763
 0.80720889
 0.80813988
 0.79480914
 0.78705278
 0.78958552
 0.78393204
 0.79443454
 0.80242331
 0.80669971
 0.81135342
   0.810987
  0.8115164
 0.80688534
 0.80884918
 0.81039408
 0.80561233
 0.80547039
 0.81367739
 0.81434938
 0.81100301
 0.81159453
 0.80654374
 0.80381672
 0.80301858
 0.80580173
 0.80642579
 0.80064294
 0.81080753
 0.81306659
 0.81199755
 0.81424548
 0.82003653
 0.80584602
 0.81210732
  0.8142118
 0.80895235
 0.80707807
 0.80577715
 0.81104787
 0.81908441
 0.81687158
 0.81574876
 0.82150609
 0.80638352
 0.80970586
 0.80790857
 0.80825729
 0.81270882
 0.81566241
 0.82133466
 0.82184444
 0.82150791
 0.81337449
 0.82221095
 0.81988882
 0.81940685
 0.81975909
 0.82541335
  0.8222831
 0.82489026
 0.82803591
 0.82976073
 0.82659301
 0.82235117
 0.82385196
 0.82687547
 0.82679079
 0.82483133
 0.82233696
 0.81488557
 0.82008984
 0.82116442
 0.82170327
 0.81861757
 0.81833921
 0.82238472
  0.8214784
  0.8234413
 0.82354685
 0.81588447
 0.82399602
 0.82605767
 0.82657151
  0.8270499
 0.82427576
 0.82330855
   0.832707
 0.81998761
 0.82789389
 0.82831777
 0.82427491
 0.82462673
 0.82975037
 0.82727964
 0.82965153
 0.83093953
 0.82872072
  0.8301429
 0.82551916
 0.82705009
 0.82195445
 0.81961693
 0.81778466
 0.82498177
 0.82194656
 0.82056901
 0.81782576
 0.82080316
 0.82177886
  0.8211416
 0.81255026
 0.81146453
 0.81014282
 0.81909493
 0.82372513
 0.82378706
 0.82362119
 0.82184149
 0.81987547
 0.80518489
 0.80532111
 0.80714721
 0.80468703
 0.80600435
 0.79630504
 0.79536333
 0.79110792
 0.79215816
 0.79759405
 0.79259279
 0.79001846
 0.79111614
 0.79529675
 0.78889934
 0.79803409
 0.79235996
  0.7965955
 0.79708458
 0.79428261
 0.78914618
 0.77127815
 0.77045472
 0.76488068
 0.77274264
 0.76995898
 0.77152926
 0.76688776
 0.76710383
 0.76369608
 0.77121367
 0.76987687
 0.76991973
 0.78122528
 0.78290446
 0.77886869
 0.78412732
 0.78115249
 0.77566142
 0.77828111
  0.7832753
 0.78486283
 0.79078153
 0.79754103
 0.79972717
 0.80210421
 0.80303128
 0.80387339
 0.80687786
 0.80528067
  0.8018277
 0.79143331
 0.78940324
 0.79202752
  0.8002094
 0.79228556
 0.78113172
 0.78566179
 0.78027045
  0.7947913
 0.79235647
 0.78936849
 0.79712889
 0.79311965
 0.79223704
 0.78597682
 0.79555615
 0.79761931
 0.79921818
 0.80389191
 0.80463215
 0.80054706
 0.79478439
 0.79279656
 0.79009912
 0.79603705
 0.79130639
  0.7936495
 0.78969104
 0.79550272
  0.7996815
 0.80285905
  0.7928707
 0.80387151
 0.79784403
 0.79594046
 0.79862785
 0.79330539
 0.79760376
 0.79471378
 0.79629713
 0.79896173
 0.79639124
  0.7896807
  0.7871314
 0.79425159
 0.80248769
 0.80444059
 0.79959332
  0.7895099
 0.79975137
 0.80467641
 0.81214309
 0.81475827
 0.81020858
 0.80269552
 0.80099952
 0.80290496
 0.80048775
 0.79474445
 0.79488526
 0.79434195
 0.79528619
 0.78814367
 0.78603581
 0.78274907
   0.783985
  0.7785396
 0.76888823
 0.77700948
 0.77508915
 0.78121033
 0.78858595
 0.79385096
 0.79645753
  0.8035576
 0.80034019
 0.80379741
 0.80591212
 0.81011843
  0.8137272
 0.81375553
 0.81783476
 0.81996926
 0.81913105
 0.82294964
 0.81891458
 0.82609621
 0.82526648
  0.8189101
 0.81768142
 0.81231707
 0.80758052
 0.80512402
 0.80388165
 0.80183977
 0.79238653
 0.79948788
 0.78926206
  0.7880931
 0.79427108
 0.80809776
 0.80991699
 0.81411624
 0.81502609
 0.81326162
 0.80646089
 0.80771717
 0.80018873
 0.80233302
 0.79928519
 0.79687694
  0.7952558
 0.79178969
 0.79496681
 0.79184177
 0.79645639
 0.80319639
 0.80481538
 0.80870234
 0.80410159
 0.80051057
 0.79601135
 0.79733628
  0.8002032
 0.79906128
 0.80531208
 0.80271352
 0.80937156
  0.8018132
 0.80239753
 0.80088399
 0.80399112
 0.80784537
 0.81354904
 0.81438144
  0.8082121
 0.80710331
 0.81765342
 0.81336492
 0.81481348
 0.81591017
 0.81265059
 0.81473489
 0.81036411
 0.81996015
 0.82068888
 0.80701131
 0.81234372
 0.81380435
 0.81465274
 0.81617251
 0.82066808
 0.82767166
 0.83007892
 0.83376272
 0.83001948
 0.83936461
  0.8371864
 0.82768664
 0.82777519
 0.83236646
 0.83472097
 0.83909211
 0.84347023
 0.85274543
 0.85147094
 0.85065035
 0.85057601
 0.85059387
 0.85170692
 0.84700365
  0.8435387
 0.84422832
 0.83964504
 0.83970151
 0.83338136
 0.82794611
 0.82911398
 0.82835334
 0.83091648
 0.84409212
 0.84275865
 0.84301928
 0.84667039
 0.85119724
 0.85712357
 0.85531659
 0.85237205
 0.85421743
 0.85307823
 0.85658235
 0.85806971
 0.86068621
 0.86114175
 0.86033195
 0.86374077
 0.85316424
 0.85323122
 0.85381389
 0.85427999
 0.85802757
 0.85397539
 0.85217955
 0.85197485
 0.85081624
 0.84856882
 0.84696796
 0.84909615
 0.84459594
 0.84237482
 0.84965103
 0.84736348
 0.84385055
 0.84228159
 0.84542414
 0.84416649
 0.84729686
 0.84548807
 0.84634407
 0.84540878
  0.8424096
 0.84096885
 0.84479073
 0.84576185
 0.84355986
  0.8472642
 0.84283775
 0.83930041
 0.83672312
 0.83933362
 0.84410081
 0.82974242
 0.83065121
 0.83715995
 0.83049219
 0.82997366
 0.82866296
  0.8324565
 0.83153319
 0.82625945
 0.82905333
 0.82733013
 0.82441845
  0.8240138
 0.82027671
 0.81683322
 0.81696073
  0.8240658
 0.83607802
 0.83968585
 0.83809198
 0.84264339
 0.83912795
 0.83530303
 0.82023217
 0.82114023
 0.82126653
 0.82378967
 0.82834468
 0.82931267
 0.83179421
 0.82323828
  0.8258654
 0.81365421
 0.81522773
 0.81746377
 0.82629228
 0.82259176
 0.81777147
 0.81841568
 0.82316372
 0.82407001
  0.8277683
 0.82774266
 0.82388235
  0.8340686
 0.83374284
 0.83443097
 0.83509888
 0.83331469
 0.83272028
 0.83415827
 0.82992785
 0.82291557
 0.82561396
 0.82306988
 0.82137396
 0.82643478
 0.82703065
 0.82088304
 0.82321261
 0.81864786
 0.82241114
 0.81825923
 0.82156736
 0.81709434
 0.81968837
 0.82495163
 0.82814414
 0.82996929
 0.83574853
 0.83502364
 0.84023571
  0.8341591
 0.83584324
 0.83826816
 0.84087795
 0.83201897
 0.83871584
 0.84101623
 0.84314292
  0.8409881
 0.83296148
  0.8265362
 0.82636453
 0.82951673
  0.8260662
 0.83026885
 0.82253232
 0.83017348
 0.83848276
 0.84188047
 0.84284822
 0.84246737
 0.84635183
 0.84997679
  0.8533315
 0.85792376
 0.87010943
 0.86637242
  0.8716635
 0.87326837
    0.87475
  0.8704096
 0.86644388
 0.86534555
 0.86540523
 0.86267273
 0.85579372
 0.87088756
 0.87012083
 0.87465411
 0.86856424
  0.8678133
 0.86362904
  0.8643794
 0.86942138
 0.87477772
 0.87941967
   0.883348
 0.88371969
  0.8826183
 0.88701858
 0.88960813
 0.88423459
 0.87851586
 0.89060194
  0.8788335
 0.87524785
 0.86906426
 0.86464223
 0.86201719
 0.86081676
 0.86247905
 0.86145483
 0.84611392
 0.84300641
 0.84786123
 0.84993217
 0.84582608
 0.85673212
 0.85525262
 0.86025792
  0.8584537
 0.84975317
 0.84624801
 0.83042362
 0.83458696
 0.84516792
 0.84930144
 0.85059019
 0.85128845
 0.85356475
 0.85656628
 0.85563181
 0.86360729
 0.86364319
 0.87369158
 0.87153721
 0.87287662
 0.87625199
 0.87650925
 0.87776345
 0.86992134
 0.87741014
 0.87926228
 0.87936908
 0.88206891
 0.87615604
 0.87936528
 0.88293841
 0.85925826
   0.849236
 0.84580933
 0.85543678
 0.86833787
 0.87407689
 0.87156163
 0.87130119
 0.87714927
 0.87842161
 0.87440166
  0.8756011
 0.87773922
  0.8757442
 0.87060473
 0.87245481
 0.87233298
 0.86798744
 0.87136752
 0.87085102
 0.87012201
 0.86515738
 0.86648498
 0.85897034
 0.85671224
 0.84980507
 0.84821233
 0.84647478
 0.85054079
 0.85510073
 0.84673747
 0.86026682
 0.86228681
 0.87248392
 0.86946301
 0.86479247
 0.86835771
 0.87235797
 0.87380105
 0.87508573
 0.86916208
 0.85892459
 0.85822828
 0.85618556
 0.85858808
 0.85460637
 0.85263274
 0.85029534
 0.85647899
 0.85849488
 0.86620231
 0.86539395
 0.85447767
 0.84845231
 0.84019101
 0.84938466
 0.85704855
  0.8680554
 0.86720246
 0.85678172
 0.85269588
 0.85476525
 0.85257695
 0.85992781
  0.8662722
 0.86446008
 0.86208538
 0.85644317
  0.8447004
 0.83629237
 0.82966536
  0.8399059
 0.84065309
 0.83951303
 0.83502872
 0.84062256
 0.84270657
 0.84724171
 0.84799472
 0.85093276
 0.85311139
 0.85269802
 0.86246865
   0.861883
 0.85813443
 0.86372725
 0.86753101
 0.86398665
 0.86485096
 0.86405377
 0.85159921
 0.86475964
 0.87133555
 0.87524122
 0.87080897
  0.8686397
 0.86619169
 0.87105727
 0.86557834
 0.86095156
 0.86247586
 0.86823768
  0.8667464
 0.86683293
 0.86445695
 0.86390175
 0.85526111
 0.86539751
 0.85983012
 0.86507686
 0.87397987
 0.86612784
 0.86548846
 0.86163784
 0.85916394
 0.85852428
 0.85550979
 0.86104777
 0.85620279
 0.86141842
 0.86452083
 0.86508392
 0.86262503
 0.86961588
  0.8593736
 0.85200712
 0.85360152
 0.85537936
 0.86223261
 0.86349198
 0.85885932
 0.86340572
 0.86771386
 0.87330744
 0.87131405
 0.86263256
 0.85376974
 0.85851633
 0.86547241
 0.86996299
 0.86865237
  0.8713667
 0.86497461
 0.87506779
 0.87165605
 0.86821062
  0.8646369
  0.8705304
 0.87472873
 0.86773137
 0.86618691
 0.86799221
 0.85730625
 0.86337993
 0.85162055
 0.84426999
 0.85272658
 0.85490431
 0.86459341
 0.86267679
 0.86031498
 0.86742128
 0.87476616
 0.86787546
 0.86638837
 0.86899619
 0.87247399
 0.88067197
 0.88362763
 0.88386094
 0.87092078
 0.87146979
 0.87251339
 0.87434156
 0.88703288
 0.89042959
 0.88204558
 0.87834043
 0.87544038
 0.88087318
  0.8789385
 0.88781196
  0.8865532
 0.88129072
 0.88409155
  0.8870033
 0.89043722
 0.89694182
 0.89999846
 0.90491544
 0.91009909
 0.90341708
 0.89639014
  0.8896207
  0.8820611
 0.88066848
 0.87785343
 0.88234051
 0.88761021
  0.8939008
 0.89750377
  0.9019131
 0.89828798
 0.89710396
 0.90093289
 0.90191562
 0.90383913
 0.90671631
 0.90796148
 0.91059439
 0.90815563
 0.90644249
 0.90096707
 0.89795183
  0.8967336
 0.89898829
 0.90245038
 0.90157755
 0.90059801
 0.89962297
  0.8980051
 0.89792478
 0.89898725
 0.90004225
 0.89699585
 0.90580899
   0.900489
 0.89988359
 0.90357663
 0.89852038
 0.90149562
 0.89849112
 0.89845917
 0.89775276
 0.90815068
 0.91212604
 0.90008485
 0.90624571
 0.91725011
 0.91540737
 0.91473075
  0.9035078
 0.90712129
 0.90150204
 0.89214559
 0.89513396
 0.89006622
 0.88991299
 0.87714966
 0.88071095
 0.89042343
 0.88890724
  0.8918245
 0.89385869
 0.89276779
 0.89022218
  0.9009341
 0.90161441
  0.9013302
 0.90863489
 0.90435304
  0.9078839
 0.90360144
 0.90448356
 0.89839498
 0.89548976
 0.89655595
 0.89476798
 0.88738881
 0.87439947
 0.87260776
 0.87509012
 0.87870098
 0.87873258
 0.87171703
 0.88122082
 0.88154696
 0.88553881
 0.88074268
 0.87627245
 0.87511034
  0.8724908
 0.87210706
 0.87322772
 0.87987762
 0.87805694
 0.88223209
 0.88126943
 0.88853943
   0.888715
 0.88794858
 0.88273286
 0.88536455
 0.88902248
 0.88657197
 0.88533883
 0.88144128
 0.88709132
  0.8873981
 0.88440371
 0.88238353
 0.87869786
 0.87337081
  0.8812214
 0.88556483
 0.88169285
 0.88181933
 0.88354869
 0.88596803
 0.89027289
 0.88496131
 0.88582336
 0.88768132
 0.88052329
 0.88030147
 0.88398437
  0.8849541
  0.8811736
 0.88274032
 0.88410768
 0.88566456
 0.88699653
  0.8910808
 0.89333641
 0.89340733
 0.89903865
  0.8964959
 0.89927959
 0.89495991
 0.89939587
 0.89704555
 0.89585128
 0.89228137
 0.89033507
 0.88881694
 0.89037537
 0.89362704
 0.89653894
 0.89003547
 0.88552233
   0.878393
 0.87537852
 0.87722753
 0.87543616
 0.87133615
 0.86797118
 0.87419587
 0.86613183
 0.87318031
 0.87466021
  0.8698321
 0.87099742
 0.87071084
 0.86796234
 0.87683592
 0.88418238
 0.88646241
 0.88675696
 0.88412616
  0.8780036
 0.87888665
 0.87945529
  0.8706833
 0.86848963
 0.87376683
  0.8683863
 0.87336683
 0.86524204
 0.86457558
 0.86084725
 0.86614014
 0.86648539
 0.86211439
 0.86575677
 0.86089725
  0.8596168
 0.85405281
 0.83383747
 0.84658042
 0.85005237
 0.84471393
 0.84876451
 0.84326801
 0.83896256
 0.83120879
 0.83340755
 0.83002982
 0.82916124
 0.84304161
 0.84523008
 0.85027986
 0.85677781
 0.85886165
 0.86487043
 0.86470288
 0.86954081
 0.86812206
 0.87374179
 0.86745417
 0.86700959
 0.86886923
  0.8816649
 0.87072937
 0.87144064
 0.87436909
 0.87636154
 0.87669926
 0.87998905
 0.88310915
 0.88480217
 0.88785954
 0.88356528
 0.87749951
 0.87115863
  0.8632688
 0.86163701
 0.87094995
  0.8666169
 0.85904627
 0.85168796
 0.85614989
 0.85125478
  0.8579477
 0.86295118
  0.8473107
 0.84534629
 0.83670229
 0.83663535
 0.84343825
  0.8458438
 0.84907626
 0.85124011
 0.86355779
 0.86331446
 0.86446707
 0.86141673
 0.86527924
 0.86163431
 0.86614372
 0.86877865
 0.86755299
  0.8664977
 0.87413916
 0.86687628
 0.86014594
 0.86009625
 0.86612794
 0.86084848
 0.86931121
 0.86765555
 0.86884493
 0.86478936
 0.87446694
 0.86456038
 0.87278428
 0.87411032
 0.86928913
 0.86911323
 0.85868401
 0.86926336
 0.86811325
 0.87103796
 0.87790759
 0.87066455
 0.86834038
 0.86277914
 0.86053124
 0.86594857
 0.87122817
 0.87756118
 0.87611393
  0.8768956
 0.87933621
 0.87971707
 0.87867126
 0.88061222
 0.87440211
 0.87631716
 0.87702389
  0.8710044
 0.87144893
 0.86344032
 0.86392522
 0.86310333
 0.86913853
 0.87465872
 0.87450479
 0.87825846
 0.87537086
 0.87504202
 0.87185178
 0.87357673
 0.88208188
  0.8790842
 0.87312747
 0.86984144
 0.86611593
 0.86924939
  0.8749426
 0.88027976
 0.88290974
 0.88690331
 0.88614264
 0.88318527
 0.88331912
 0.88351806
  0.8831618
 0.88628238
 0.88718536
 0.87866461
 0.87142535
 0.87447938
 0.87870627
 0.88153105
 0.87295514
 0.86563958
 0.85976689
 0.85256312
 0.85248079
   0.856364
 0.85660363
 0.86145395
 0.86323117
 0.86389824
 0.86501686
 0.84845613
 0.85048092
 0.85784065
 0.85975078
 0.85441809
 0.86218915
 0.85416162
 0.85810277
  0.8574633
 0.86502926
 0.86112158
 0.85894363
 0.86304104
 0.86468891
 0.86277233
 0.85203493
 0.84994932
 0.84661763
 0.85480485
 0.85987598
 0.85821153
 0.84919548
  0.8464165
  0.8440997
 0.84377765
 0.83863498
 0.84053833
 0.84076475
 0.83994776
  0.8408267
   0.847787
 0.85608834
 0.85614423
 0.85997627
 0.86054195
 0.86325099
 0.86149401
 0.87095211
  0.8742338
 0.87167645
  0.8690358
 0.87585178
 0.86631454
 0.86668289
 0.86727345
 0.87315987
 0.87154488
 0.87061801
 0.86059748
 0.86600963
 0.86505788
 0.85983633
 0.87112095
 0.87166665
 0.87350335
 0.87493122
 0.86944052
  0.8742177
 0.87322044
 0.87067891
 0.86805235
   0.860927
 0.85580652
  0.8660657
 0.86132111
 0.85538836
 0.85741656
 0.85395191
  0.8507927
 0.85029613
 0.84155621
 0.83288306
 0.83871967
 0.83497121
 0.84558332
 0.84641111
 0.84512323
 0.84568237
 0.84327307
 0.84724262
 0.84951617
 0.85152874
   0.853221
 0.85188488
 0.83468578
 0.84016284
 0.83700849
 0.84224039
 0.84288721
 0.84700997
 0.84577451
 0.84200712
 0.84942014
  0.8494959
 0.84791907
 0.85341479
 0.85112554
 0.84620699
 0.84481979
  0.8348666
  0.8237861
 0.83313054
 0.84783051
 0.84741496
 0.85507267
 0.85898146
 0.85915179
 0.85677307
 0.85205543
 0.85581826
 0.85437642
 0.85668662
 0.86114823
 0.86033872
 0.85851083
 0.86642635
 0.86054664
    0.86203
 0.86269323
 0.86418343
 0.86084691
 0.86221415
 0.86885923
 0.87237001
 0.87430773
 0.86586583
  0.8648323
 0.86245978
 0.87570221
 0.88214657
 0.88527519
 0.88036361
 0.87584602
 0.87189502
 0.87319454
 0.87366038
 0.87816822
 0.87798025
 0.87568431
 0.87289104
 0.87893876
 0.88093883
 0.88239203
 0.87726545
 0.87372699
 0.86913587
 0.87183324
 0.86985142
 0.86186905
 0.86025771
 0.86104152
  0.8691378
 0.86279291
 0.85151494
 0.84918924
 0.84402804
 0.84222154
 0.85263612
 0.85643452
 0.86853598
 0.86874362
 0.87265535
 0.86841159
 0.86737456
 0.86568399
 0.86579401
 0.86184754
 0.86596455
 0.85580348
 0.85368491
 0.85893229
 0.86097423
 0.86372345
 0.85848108
 0.86206138
 0.85217144
 0.86606577
 0.85953956
 0.85111401
 0.85399543
 0.84708211
 0.85175151
 0.85824125
 0.86170327
 0.85052975
 0.86263564
 0.85450061
 0.84958835
 0.84903725
 0.84259459
 0.83808155
 0.84246601
 0.84665918
 0.84816318
 0.84709584
 0.85318542
 0.84999345
 0.85674354
 0.85515243
 0.85929663
 0.85900221
 0.85595024
 0.85666318
 0.85864303
 0.85836051
 0.85684729
 0.86549523
 0.86401478
 0.86206626
 0.85876683
 0.86098532
 0.86483517
  0.8676401
 0.87304927
 0.87324107
 0.87733552
 0.88065145
 0.88182368
 0.86898564
 0.86430315
 0.85641959
 0.85071446
 0.85520022
 0.85574751
 0.83835804
 0.83865801
 0.84005193
 0.83858398
 0.84083112
 0.84234782
 0.85237235
 0.84778837
 0.84114276
 0.83474539
 0.83866178
 0.83866353
 0.84154058
 0.84195067
 0.84378693
 0.84124708
  0.8385103
 0.84207087
 0.84250148
 0.83356158
 0.82767769
  0.8357314
 0.84062639
 0.84488848
 0.84694302
 0.84312328
 0.85348657
 0.86154374
 0.85819168
 0.86074616
 0.86558541
 0.86895011
 0.86342244
   0.859453
 0.85761835
 0.86659352
 0.87234844
 0.87498691
 0.86911981
 0.86767775
 0.87024753
 0.86698271
 0.86941175
  0.8656334
 0.86899201
  0.8749223
 0.87577944
   0.876821
 0.86617963
 0.86998798
 0.86124818
 0.86551477
 0.87001842
 0.87026462
  0.8715339
 0.88029393
 0.87995221
 0.87450385
 0.87549898
 0.87791062
 0.87654375
 0.87877607
 0.87737913
 0.87543106
 0.87585272
 0.87608393
 0.87531516
 0.87977917
 0.87119214
 0.87059814
 0.87603226
 0.87919073
 0.88222415
 0.88862927
 0.88445713
  0.8859944
 0.88147047
 0.87828185
 0.88310221
 0.88408261
 0.89065333
 0.89933349
 0.90087695
 0.90135785
 0.90321676
 0.90050349
  0.8931168
 0.89776352
 0.88748804
 0.88958847
 0.88948391
 0.89347161
  0.8910975
 0.88908746
 0.88894716
  0.8897831
 0.89250217
  0.8870507
 0.89077941
 0.87141399
 0.87482893
 0.88498632
 0.88745975
 0.88864739
 0.88010274
 0.88412878
 0.89069289
 0.89062915
 0.89096819
 0.89431925
 0.88825298
 0.89303347
 0.88759964
 0.88794175
 0.89423588
 0.88892032
 0.88910661
 0.88554199
 0.88690747
 0.89237328
 0.89415943
 0.89708074
 0.89345794
 0.89106773
 0.88964146
 0.89053717
 0.89142725
 0.88812239
 0.89183214
 0.89377147
 0.89417019
  0.8935996
 0.88625363
 0.88774548
 0.89902102
 0.89358019
 0.89632445
 0.88498369
 0.88942972
 0.88637475
  0.8894638
 0.88668598
  0.8884111
 0.89326689
 0.89088195
 0.89078076
 0.89112931
 0.88791428
 0.87922177
 0.87935907
 0.88020575
  0.8796897
 0.87811355
 0.87155201
 0.87453238
   0.874987
 0.86882286
 0.86262493
 0.86503296
 0.86332175
 0.86770397
 0.88127546
 0.88947986
 0.89015526
 0.89133136
 0.88621417
 0.88919308
 0.89292333
 0.89191286
 0.89538618
 0.89633588
 0.89508803
  0.8909718
 0.89026672
 0.88788195
 0.87538262
 0.87603582
 0.88244152

